2 0.000000 100.000000 407.315828
1033 886 
1 -81.951989 0.000000 -82.801989 99.752917 -0.000154 6.976063 0.000069 
2 92.701989 0.000000 -82.801989 99.754137 -0.001099 6.954353 0.000075 
3 92.701989 0.000000 83.146450 99.761688 0.001351 6.945648 -0.000064 
4 -81.951989 0.000000 83.146450 99.760323 0.000190 6.976102 -0.000079 
5 5.375000 0.000000 0.172230 0.097729 -0.142356 -1.985560 0.999603 
6 -81.951989 0.000000 0.172230 99.756411 0.000021 6.980107 -0.000006 
7 5.375000 0.000000 -82.801989 99.746298 -0.000609 6.963966 0.000218 
8 92.701989 0.000000 0.172230 99.884022 -0.022650 5.136164 -0.000320 
9 5.375000 0.000000 83.146450 99.769048 0.000686 6.961762 -0.000233 
10 -38.288495 0.000000 -41.314880 99.742003 -0.000284 6.976762 0.000286 
11 -81.951989 0.000000 -41.314880 99.752974 -0.000095 6.978170 0.000065 
12 -38.288495 0.000000 -82.801989 99.749049 -0.000309 6.973129 0.000150 
13 5.375000 0.000000 -41.314880 99.717952 -0.000040 6.929137 0.000832 
14 -38.288495 0.000000 0.172230 99.754966 0.000026 6.994236 0.000003 
15 49.038495 0.000000 -41.314880 99.747492 -0.002168 6.893851 0.000291 
16 49.038495 0.000000 -82.801989 99.750105 -0.000931 6.955808 0.000153 
17 92.701989 0.000000 -41.314880 99.757622 -0.002314 6.902064 0.000078 
18 49.038495 0.000000 0.172230 99.964930 -0.050985 3.912216 -0.000830 
19 -38.288495 0.000000 41.659340 99.772419 0.000332 6.977772 -0.000322 
20 -81.951989 0.000000 41.659340 99.760120 0.000135 6.978369 -0.000078 
21 5.375000 0.000000 41.659340 99.807983 -0.000055 6.918388 -0.000950 
22 -38.288495 0.000000 83.146450 99.764969 0.000358 6.972899 -0.000167 
23 -16.456747 0.000000 -20.571325 99.710644 0.001708 6.955076 0.000941 
24 -38.288495 0.000000 -20.571325 99.741359 -0.000176 6.985294 0.000287 
25 -16.456747 0.000000 -41.314880 99.727068 -0.000573 6.964285 0.000601 
26 5.375000 0.000000 -20.571325 99.704453 0.001487 6.801621 0.001276 
27 -16.456747 0.000000 0.172230 99.714971 -0.084732 6.988228 0.000808 
28 49.038495 0.000000 41.659340 99.776939 0.002628 6.855646 -0.000244 
29 92.701989 0.000000 41.659340 99.768761 0.003244 6.835537 -0.000053 
30 49.038495 0.000000 83.146450 99.765547 0.001083 6.950340 -0.000147 
31 27.206747 0.000000 -20.571325 99.734703 0.001369 6.701240 0.000808 
32 27.206747 0.000000 -41.314880 99.732538 -0.001614 6.899508 0.000582 
33 49.038495 0.000000 -20.571325 99.759269 -0.004073 6.707131 0.000310 
34 27.206747 0.000000 0.172230 99.999685 -0.114583 2.978805 -0.000882 
35 -16.456747 0.000000 20.915785 99.804281 -0.005238 6.972440 -0.000951 
36 -38.288495 0.000000 20.915785 99.771188 0.000224 6.987455 -0.000311 
37 5.375000 0.000000 20.915785 99.943736 -0.003726 6.736456 -0.003413 
38 -16.456747 0.000000 41.659340 99.791778 0.000597 6.964499 -0.000690 
39 -5.540874 0.000000 -10.199547 99.565334 -0.144797 6.823409 0.004016 
40 -16.456747 0.000000 -10.199547 99.678143 -0.041352 6.994889 0.001534 
41 -5.540874 0.000000 -20.571325 99.678817 0.004623 6.898092 0.001655 
42 5.375000 0.000000 -10.199547 99.467628 -0.248483 6.455598 0.006445 
43 -5.540874 0.000000 0.172230 99.223473 -0.110575 7.091179 0.010441 
44 27.206747 0.000000 20.915785 99.813808 0.003729 6.533136 -0.000548 
45 49.038495 0.000000 20.915785 99.801717 0.005822 6.454125 -0.000204 
46 27.206747 0.000000 41.659340 99.792550 0.001018 6.873192 -0.000579 
47 16.290874 0.000000 -10.199547 99.730852 -0.102325 6.253245 0.001464 
48 16.290874 0.000000 -20.571325 99.705759 0.005616 6.728362 0.001349 
49 27.206747 0.000000 -10.199547 99.758848 -0.000478 6.173265 0.001006 
50 16.290874 0.000000 0.172230 99.739638 -0.127487 2.264711 0.004686 
51 -5.540874 0.000000 10.544008 99.961405 0.033748 7.030232 -0.004171 
52 -16.456747 0.000000 10.544008 99.802557 -0.048798 7.028246 -0.000995 
53 5.375000 0.000000 10.544008 100.479630 0.311681 6.150223 -0.013408 
54 -5.540874 0.000000 20.915785 99.894459 -0.027709 6.926866 -0.002689 
55 -0.082937 0.000000 -5.013659 98.716603 0.030477 6.316591 0.021513 
56 -5.540874 0.000000 -5.013659 99.321283 -0.033129 6.892860 0.008777 
57 -0.082937 0.000000 -10.199547 99.508639 -0.255416 6.631920 0.005398 
58 5.375000 0.000000 -5.013659 99.253628 0.076324 5.780467 0.011530 
59 -0.082937 0.000000 0.172230 80.059145 -0.151290 20.539242 0.316865 
60 16.290874 0.000000 10.544008 99.872402 0.082451 5.633208 -0.000624 
61 27.206747 0.000000 10.544008 99.866479 0.011146 5.458749 -0.000311 
62 16.290874 0.000000 20.915785 99.856667 -0.002462 6.590053 -0.001478 
63 10.832937 0.000000 -5.013659 99.303273 0.062275 5.422850 0.010945 
64 10.832937 0.000000 -10.199547 99.577987 -0.271315 6.322404 0.004418 
65 16.290874 0.000000 -5.013659 99.615547 -0.260400 5.214663 0.004948 
66 10.832937 0.000000 0.172230 91.830271 0.660762 4.932806 0.154243 
67 -0.082937 0.000000 5.358119 101.033616 0.245585 7.902547 -0.027030 
68 -5.540874 0.000000 5.358119 99.834222 0.127901 7.335363 -0.002070 
69 5.375000 0.000000 5.358119 101.774181 0.045854 4.411863 -0.037745 
70 -0.082937 0.000000 10.544008 100.325729 0.267604 6.848189 -0.011222 
71 2.646032 0.000000 -2.420714 99.212125 0.019332 3.670335 0.014348 
72 -0.082937 0.000000 -2.420714 97.417344 -0.179516 5.123252 0.048358 
73 2.646032 0.000000 -5.013659 98.816220 -0.075892 5.820843 0.020147 
74 5.375000 0.000000 -2.420714 99.895255 -0.288758 5.049265 -0.000464 
75 2.646032 0.000000 0.172230 1.424616 -0.001307 -1.538319 0.999560 
76 -60.120242 0.000000 -20.571325 99.751338 -0.000080 6.981697 0.000093 
77 -81.951989 0.000000 -20.571325 99.754227 -0.000042 6.979459 0.000038 
78 -60.120242 0.000000 -41.314880 99.749654 -0.000157 6.978524 0.000131 
79 -60.120242 0.000000 0.172230 99.756199 0.000025 6.983687 -0.000007 
80 -27.372621 0.000000 -10.199547 99.734826 -0.000223 6.980019 0.000424 
81 -38.288495 0.000000 -10.199547 99.746025 -0.000083 6.990964 0.000186 
82 -27.372621 0.000000 -20.571325 99.727116 -0.000236 6.985771 0.000570 
83 -27.372621 0.000000 0.172230 99.747815 -0.001500 6.988717 0.000153 
84 -10.998810 0.000000 -5.013659 99.637955 -0.022493 6.890730 0.002480 
85 -16.456747 0.000000 -5.013659 99.696905 -0.078653 6.967445 0.001198 
86 -10.998810 0.000000 -10.199547 99.648024 -0.034446 6.910359 0.002252 
87 -10.998810 0.000000 0.172230 99.640507 -0.042645 7.045369 0.002213 
88 -2.811905 0.000000 -2.420714 98.479174 0.387287 6.824065 0.025513 
89 -5.540874 0.000000 -2.420714 99.229036 -0.056944 6.881854 0.010624 
90 -2.811905 0.000000 -5.013659 99.083014 -0.028537 6.598213 0.013902 
91 -2.811905 0.000000 0.172230 98.327212 0.327529 7.907578 0.026912 
92 10.832937 0.000000 5.358119 100.201293 0.173117 3.449334 -0.005223 
93 16.290874 0.000000 5.358119 99.864620 0.103518 3.969820 0.001129 
94 10.832937 0.000000 10.544008 100.190259 0.167649 5.638759 -0.006991 
95 2.646032 0.000000 2.765175 105.939669 -0.346111 9.142823 -0.130692 
96 -0.082937 0.000000 2.765175 100.311335 -0.629387 9.860010 -0.015998 
97 5.375000 0.000000 2.765175 103.716598 -0.004105 0.505471 -0.075739 
98 2.646032 0.000000 5.358119 102.032515 0.041696 6.586697 -0.045402 
99 1.281547 0.000000 -1.124242 101.326302 -0.071420 -12.652334 -0.042711 
100 -0.082937 0.000000 -1.124242 93.292541 -0.185279 0.506394 0.129621 
101 1.281547 0.000000 -2.420714 98.098352 -0.037700 3.728959 0.036281 
102 2.646032 0.000000 -1.124242 101.203416 -0.069292 -2.263149 -0.024726 
103 1.281547 0.000000 0.172230 96.668964 -0.092696 35.038987 -0.057263 
104 -60.120242 0.000000 20.915785 99.761454 0.000129 6.982219 -0.000110 
105 -81.951989 0.000000 20.915785 99.758689 0.000084 6.979625 -0.000051 
106 -60.120242 0.000000 41.659340 99.763698 0.000203 6.978994 -0.000150 
107 -27.372621 0.000000 10.544008 99.766577 -0.002628 6.987674 -0.000220 
108 -38.288495 0.000000 10.544008 99.764791 0.000133 6.992637 -0.000191 
109 -27.372621 0.000000 20.915785 99.786012 0.000205 6.990689 -0.000612 
110 -10.998810 0.000000 5.358119 99.733824 0.022927 6.978240 0.000447 
111 -16.456747 0.000000 5.358119 99.766490 -0.060352 7.048672 -0.000304 
112 -10.998810 0.000000 10.544008 99.814067 -0.050694 6.998965 -0.001184 
113 -2.811905 0.000000 2.765175 99.447548 0.145019 8.268242 0.004180 
114 -5.540874 0.000000 2.765175 99.534402 -0.028847 7.353475 0.003883 
115 -2.811905 0.000000 5.358119 99.901597 -0.086953 7.426373 -0.003549 
116 -1.447421 0.000000 -1.124242 96.615294 -0.041591 6.806284 0.061916 
117 -2.811905 0.000000 -1.124242 98.158143 0.489868 7.363210 0.031052 
118 -1.447421 0.000000 -2.420714 97.799656 -0.057961 6.514422 0.039279 
119 -1.447421 0.000000 0.172230 96.315551 -0.061533 8.535790 0.065045 
120 1.281547 0.000000 1.468702 99.626237 -0.040708 17.249460 -0.022293 
121 -0.082937 0.000000 1.468702 97.584881 -0.115217 12.035905 0.033231 
122 2.646032 0.000000 1.468702 116.642288 -0.032743 26.879745 -0.432795 
123 1.281547 0.000000 2.765175 102.216500 -0.601610 10.536683 -0.055960 
124 0.599305 0.000000 -0.476006 97.334999 -0.152941 -8.298626 0.045701 
125 -0.082937 0.000000 -0.476006 71.263345 -0.224035 -4.966269 0.489682 
126 0.599305 0.000000 -1.124242 96.486932 -0.202110 -1.918181 0.068655 
127 1.281547 0.000000 -0.476006 100.553489 -0.070941 -12.486091 -0.026691 
128 0.599305 0.000000 0.172230 95.745749 -0.131018 27.622980 0.006971 
129 -1.447421 0.000000 1.468702 98.216955 -0.021227 9.358228 0.026585 
130 -2.811905 0.000000 1.468702 98.891658 0.129557 8.139358 0.015417 
131 -1.447421 0.000000 2.765175 99.566843 0.081248 8.833016 0.000842 
132 -0.765179 0.000000 -0.476006 92.273894 -0.181235 6.723417 0.144029 
133 -1.447421 0.000000 -0.476006 96.111289 0.005989 7.533569 0.070587 
134 -0.765179 0.000000 -1.124242 94.795767 -0.038111 5.370544 0.098492 
135 -0.765179 0.000000 0.172230 92.836683 0.017730 9.877807 0.128378 
136 0.599305 0.000000 0.820466 95.404584 -0.150358 18.349168 0.056125 
137 -0.082937 0.000000 0.820466 94.520043 -0.131006 14.740666 0.084866 
138 1.281547 0.000000 0.820466 97.808734 -0.086340 35.207871 -0.080615 
139 0.599305 0.000000 1.468702 98.160398 -0.126708 14.284449 0.016047 
140 0.258184 0.000000 -0.151888 36.090736 -0.320645 47.617279 0.642995 
141 -0.082937 0.000000 -0.151888 63.866306 -0.242286 13.695208 0.573348 
142 0.258184 0.000000 -0.476006 68.457458 -0.163717 -51.639794 0.264688 
143 0.599305 0.000000 -0.151888 1.103361 -0.093785 1.115189 0.999753 
144 0.258184 0.000000 0.172230 64.823140 -0.250819 60.388407 0.215114 
145 -0.765179 0.000000 0.820466 95.759556 -0.097961 10.825135 0.071291 
146 -1.447421 0.000000 0.820466 97.198526 -0.013576 9.150010 0.046872 
147 -0.765179 0.000000 1.468702 97.711554 -0.149209 10.410088 0.034406 
148 -0.424058 0.000000 -0.151888 85.752158 -0.202871 8.991724 0.256568 
149 -0.765179 0.000000 -0.151888 91.969929 -0.181320 8.414184 0.147070 
150 -0.424058 0.000000 -0.476006 86.927055 -0.207610 4.810472 0.242050 
151 -0.424058 0.000000 0.172230 88.685571 -0.209591 12.276679 0.198411 
152 -16.456747 0.000000 -62.058434 99.740812 -0.000509 6.966784 0.000323 
153 -38.288495 0.000000 -62.058434 99.745950 -0.000314 6.973744 0.000211 
154 -16.456747 0.000000 -82.801989 99.746977 -0.000441 6.969280 0.000197 
155 5.375000 0.000000 -62.058434 99.738736 -0.000793 6.954880 0.000381 
156 -5.540874 0.000000 -30.943102 99.716269 0.002190 6.929065 0.000865 
157 -16.456747 0.000000 -30.943102 99.713952 0.000223 6.965679 0.000861 
158 -5.540874 0.000000 -41.314880 99.719783 -0.000679 6.949067 0.000768 
159 5.375000 0.000000 -30.943102 99.714662 0.002847 6.894512 0.000945 
160 -0.082937 0.000000 -15.385436 99.715924 -0.083556 6.746596 0.001121 
161 -5.540874 0.000000 -15.385436 99.658668 -0.015619 6.848460 0.002125 
162 -0.082937 0.000000 -20.571325 99.697223 -0.019849 6.842747 0.001364 
163 5.375000 0.000000 -15.385436 99.744038 -0.105881 6.686850 0.000640 
164 2.646032 0.000000 -7.606603 99.316845 0.035982 6.340971 0.009596 
165 -0.082937 0.000000 -7.606603 99.366424 -0.155346 6.467786 0.008446 
166 2.646032 0.000000 -10.199547 99.444478 -0.234231 6.547528 0.006787 
167 5.375000 0.000000 -7.606603 99.355605 0.143139 6.172217 0.009035 
168 1.281547 0.000000 -3.717186 98.298819 0.096963 5.415856 0.030800 
169 -0.082937 0.000000 -3.717186 98.128496 0.286423 5.986436 0.033488 
170 1.281547 0.000000 -5.013659 98.724086 -0.083368 6.052910 0.021691 
171 2.646032 0.000000 -3.717186 98.742304 -0.143057 5.208339 0.022281 
172 0.599305 0.000000 -1.772478 97.003835 -0.120324 2.341104 0.058476 
173 -0.082937 0.000000 -1.772478 96.334400 -0.182132 3.989919 0.070373 
174 0.599305 0.000000 -2.420714 97.572350 -0.191029 4.418787 0.046007 
175 1.281547 0.000000 -1.772478 97.732871 -0.165590 1.423966 0.044623 
176 0.258184 0.000000 -0.800124 93.115658 -0.142843 -15.039451 0.110327 
177 -0.082937 0.000000 -0.800124 87.531543 -0.198548 -3.606440 0.232518 
178 0.258184 0.000000 -1.124242 95.048545 -0.109436 -2.320302 0.096038 
179 0.599305 0.000000 -0.800124 97.951453 -0.141054 -11.478725 0.027373 
180 0.087624 0.000000 -0.313947 38.423237 -0.153489 -7.359694 0.846947 
181 -0.082937 0.000000 -0.313947 61.835891 -0.242929 2.734630 0.616879 
182 0.087624 0.000000 -0.476006 46.729887 -0.126734 -42.922282 0.597398 
183 0.258184 0.000000 -0.313947 -0.829446 -0.061511 0.881403 0.999853 
184 0.087624 0.000000 -0.151888 34.758974 -0.305018 39.610893 0.722270 
185 -2.811905 0.000000 -7.606603 99.420659 -0.073241 6.638198 0.007146 
186 -5.540874 0.000000 -7.606603 99.482336 -0.138814 6.813885 0.005682 
187 -2.811905 0.000000 -10.199547 99.533492 -0.174713 6.731586 0.004774 
188 -1.447421 0.000000 -3.717186 98.415683 0.433127 6.420279 0.027295 
189 -2.811905 0.000000 -3.717186 98.779256 0.094106 6.630836 0.019868 
190 -1.447421 0.000000 -5.013659 98.937906 0.044594 6.401878 0.017030 
191 -0.765179 0.000000 -1.772478 96.660427 -0.086805 5.506066 0.062644 
192 -1.447421 0.000000 -1.772478 97.234418 -0.073324 6.605599 0.050183 
193 -0.765179 0.000000 -2.420714 97.481505 -0.114848 5.923716 0.046225 
194 -0.424058 0.000000 -0.800124 90.767260 -0.193611 3.140226 0.175141 
195 -0.765179 0.000000 -0.800124 93.461168 0.051285 5.672389 0.123283 
196 -0.424058 0.000000 -1.124242 93.731424 -0.076057 3.470648 0.120237 
197 -0.253497 0.000000 -0.313947 78.581407 -0.216508 5.645495 0.379304 
198 -0.424058 0.000000 -0.313947 85.760375 -0.218883 6.697479 0.260025 
199 -0.253497 0.000000 -0.476006 81.444544 -0.209220 2.050532 0.336254 
200 -0.253497 0.000000 -0.151888 78.699458 -0.221620 10.094484 0.370445 
201 0.258184 0.000000 0.496348 93.010201 -0.184405 24.346099 0.075634 
202 -0.082937 0.000000 0.496348 90.392685 -0.167156 17.645175 0.151778 
203 0.599305 0.000000 0.496348 94.783878 -0.121856 28.033753 0.023011 
204 0.258184 0.000000 0.820466 95.100954 -0.226346 17.186544 0.066038 
205 0.087624 0.000000 0.010171 39.220495 -0.327424 55.019102 0.543454 
206 -0.082937 0.000000 0.010171 71.852994 -0.152161 19.153302 0.447028 
207 0.258184 0.000000 0.010171 50.618446 -0.289676 62.564279 0.352340 
208 0.087624 0.000000 0.172230 73.994832 -0.162179 31.975406 0.350231 
209 0.002343 0.000000 -0.232917 35.845593 -0.215036 14.866328 0.849404 
210 -0.082937 0.000000 -0.232917 33.346742 -0.304945 36.326544 0.756828 
211 0.002343 0.000000 -0.313947 37.277446 -0.158187 -2.939923 0.860172 
212 0.087624 0.000000 -0.232917 36.082455 -0.217081 18.206193 0.836654 
213 0.002343 0.000000 -0.151888 33.744433 -0.314659 40.093163 0.725375 
214 8.103968 0.000000 -2.420714 98.960430 0.084508 6.330440 0.016675 
215 8.103968 0.000000 -5.013659 99.328390 0.217240 5.720505 0.010110 
216 10.832937 0.000000 -2.420714 98.664022 0.177841 4.742425 0.024289 
217 8.103968 0.000000 0.172230 92.550185 -0.312517 31.192442 0.046140 
218 4.010516 0.000000 -1.124242 102.449162 -0.225063 0.071996 -0.049589 
219 4.010516 0.000000 -2.420714 99.102182 -0.083979 4.253719 0.016066 
220 5.375000 0.000000 -1.124242 106.180860 -0.166092 5.702210 -0.130692 
221 4.010516 0.000000 0.172230 8.603387 -0.139599 -0.729229 0.992543 
222 1.963789 0.000000 -0.476006 102.456183 -0.054794 -10.064754 -0.059857 
223 1.963789 0.000000 -1.124242 102.449419 -0.054815 -10.062071 -0.059713 
224 2.646032 0.000000 -0.476006 101.210132 -0.069422 -2.337343 -0.024896 
225 1.963789 0.000000 0.172230 99.349261 -0.048215 28.265133 -0.066920 
226 0.940426 0.000000 -0.800124 99.279844 -0.064628 -12.614777 -0.001562 
227 0.940426 0.000000 -1.124242 95.860463 -0.219308 -2.477540 0.080459 
228 1.281547 0.000000 -0.800124 100.021248 -0.070810 -12.434838 -0.015888 
229 0.940426 0.000000 -0.476006 99.361050 -0.060932 -12.857205 -0.003793 
230 0.428745 0.000000 -0.638065 95.203293 -0.147097 -24.624419 0.032995 
231 0.258184 0.000000 -0.638065 80.645895 -0.157358 -45.385442 0.143638 
232 0.428745 0.000000 -0.800124 101.508236 -0.146240 -11.732782 -0.044160 
233 0.599305 0.000000 -0.638065 98.052314 -0.140090 -11.520706 0.025300 
234 0.428745 0.000000 -0.476006 92.708836 -0.144541 -32.073478 0.037634 
235 0.087624 0.000000 -0.638065 77.980095 -0.145093 -17.928747 0.359764 
236 -0.082937 0.000000 -0.638065 81.071719 -0.210164 -5.619293 0.339576 
237 0.087624 0.000000 -0.800124 87.898632 -0.214946 -9.587001 0.218187 
238 0.940426 0.000000 -0.151888 7.978413 -0.018754 1.098050 0.993514 
239 1.281547 0.000000 -0.151888 8.410264 -0.143601 1.019203 0.992821 
240 0.940426 0.000000 0.172230 94.462949 -0.152296 35.013941 -0.014925 
241 0.428745 0.000000 -0.313947 -1.688475 -0.036768 1.817388 0.999384 
242 0.599305 0.000000 -0.313947 1.126585 -0.080633 2.433850 0.999280 
243 0.428745 0.000000 -0.151888 -1.602372 -0.050739 1.547196 0.999504 
244 0.343464 0.000000 -0.557035 82.409061 -0.152939 -44.931271 0.118990 
245 0.258184 0.000000 -0.557035 71.933493 -0.160818 -50.629412 0.226221 
246 0.343464 0.000000 -0.638065 87.101500 -0.148088 -39.673943 0.083929 
247 0.428745 0.000000 -0.557035 94.010474 -0.146053 -27.700514 0.039469 
248 0.343464 0.000000 -0.476006 76.369295 -0.162526 -49.739965 0.169364 
249 8.103968 0.000000 2.765175 100.511349 0.220656 0.217427 -0.010263 
250 10.832937 0.000000 2.765175 99.498689 0.355350 1.292043 0.009822 
251 8.103968 0.000000 5.358119 100.935111 0.221688 3.348301 -0.019916 
252 4.010516 0.000000 1.468702 110.818325 -0.333306 0.271228 -0.228089 
253 5.375000 0.000000 1.468702 98.040439 -0.031176 -17.693618 0.007501 
254 4.010516 0.000000 2.765175 106.133815 -0.035012 3.910720 -0.127968 
255 1.963789 0.000000 0.820466 96.949695 -0.030328 24.580938 -0.000347 
256 2.646032 0.000000 0.820466 39.538913 0.023148 25.398211 0.779160 
257 1.963789 0.000000 1.468702 102.269526 -0.018334 20.324761 -0.087215 
258 0.940426 0.000000 0.496348 94.654540 -0.137585 34.903565 -0.017776 
259 1.281547 0.000000 0.496348 96.048722 -0.107921 34.915742 -0.044448 
260 0.940426 0.000000 0.820466 94.938798 -0.154470 21.251544 0.053497 
261 0.428745 0.000000 0.334289 91.348080 -0.149317 35.792416 0.037441 
262 0.258184 0.000000 0.334289 89.451429 -0.199381 35.095161 0.076673 
263 0.428745 0.000000 0.172230 86.044152 -0.173255 43.643099 0.069165 
264 0.599305 0.000000 0.334289 95.317683 -0.127584 27.256976 0.017158 
265 0.428745 0.000000 0.496348 96.357771 -0.071241 23.487759 0.016350 
266 3.328274 0.000000 -0.476006 102.396427 -0.061732 0.146322 -0.048505 
267 3.328274 0.000000 -1.124242 101.668627 -0.061196 0.066886 -0.033652 
268 4.010516 0.000000 -0.476006 102.826185 -0.261899 0.094671 -0.057330 
269 3.328274 0.000000 0.172230 6.407040 -0.362814 -2.569879 0.995221 
270 4.010516 0.000000 -3.717186 99.070905 -0.145726 5.152624 0.015838 
271 4.010516 0.000000 -5.013659 98.919749 -0.056756 5.680959 0.018261 
272 5.375000 0.000000 -3.717186 99.372896 -0.053747 5.319336 0.009673 
273 3.328274 0.000000 -1.772478 99.035069 -0.156911 3.150521 0.018210 
274 2.646032 0.000000 -1.772478 99.409882 0.003906 2.583779 0.011100 
275 3.328274 0.000000 -2.420714 98.970495 -0.085814 4.025938 0.018863 
276 4.010516 0.000000 -1.772478 99.014743 0.022803 3.072976 0.018664 
277 2.987153 0.000000 -0.800124 101.282810 -0.063726 -0.307432 -0.025831 
278 2.646032 0.000000 -0.800124 101.695830 -0.066667 -2.333226 -0.034749 
279 2.987153 0.000000 -1.124242 101.701210 -0.062128 0.141805 -0.034316 
280 3.328274 0.000000 -0.800124 101.564554 -0.060288 0.054406 -0.031537 
281 2.987153 0.000000 -0.476006 100.998575 -0.065334 0.000000 -0.020072 
282 3.328274 0.000000 0.820466 113.713532 -0.386783 0.401345 -0.293108 
283 4.010516 0.000000 0.820466 107.295462 -0.227440 16.938396 -0.179928 
284 3.328274 0.000000 1.468702 113.634831 -0.386451 0.385335 -0.291317 
285 -16.456747 0.000000 62.402895 99.775263 0.000565 6.965795 -0.000363 
286 -38.288495 0.000000 62.402895 99.768449 0.000364 6.973838 -0.000238 
287 5.375000 0.000000 62.402895 99.779036 0.000871 6.950666 -0.000417 
288 -16.456747 0.000000 83.146450 99.767744 0.000500 6.968378 -0.000216 
289 -5.540874 0.000000 31.287562 99.815854 -0.004288 6.929719 -0.001123 
290 -16.456747 0.000000 31.287562 99.806487 -0.000349 6.968634 -0.000990 
291 5.375000 0.000000 31.287562 99.826643 -0.003656 6.872739 -0.001259 
292 -5.540874 0.000000 41.659340 99.803101 0.000643 6.945615 -0.000890 
293 -0.082937 0.000000 15.729896 99.995490 0.085890 6.790838 -0.004522 
294 -5.540874 0.000000 15.729896 99.894228 -0.038801 6.919097 -0.002673 
295 5.375000 0.000000 15.729896 100.049901 0.077143 6.565101 -0.005309 
296 -0.082937 0.000000 20.915785 99.934692 -0.019020 6.845862 -0.003381 
297 2.646032 0.000000 7.951063 101.261973 0.112970 6.527788 -0.029661 
298 -0.082937 0.000000 7.951063 100.630448 0.077627 7.062745 -0.017638 
299 5.375000 0.000000 7.951063 101.111131 0.430540 5.545431 -0.025440 
300 2.646032 0.000000 10.544008 100.503204 0.308642 6.540273 -0.014376 
301 4.010516 0.000000 4.061647 104.015492 -0.004724 4.958795 -0.084381 
302 2.646032 0.000000 4.061647 103.516361 -0.052142 7.170863 -0.076706 
303 5.375000 0.000000 4.061647 102.682797 0.063652 3.181769 -0.055388 
304 4.010516 0.000000 5.358119 102.190623 0.036397 5.438209 -0.047250 
305 3.328274 0.000000 2.116938 109.758707 -0.287649 6.120384 -0.208452 
306 2.646032 0.000000 2.116938 108.651380 -0.456709 11.801164 -0.194460 
307 4.010516 0.000000 2.116938 107.728508 -0.094254 2.729414 -0.161289 
308 3.328274 0.000000 2.765175 106.540208 -0.094845 6.340502 -0.139103 
309 2.987153 0.000000 1.144584 108.939086 -0.091835 17.357406 -0.216901 
310 2.646032 0.000000 1.144584 51.857744 -0.009001 56.700570 0.409582 
311 2.987153 0.000000 0.820466 60.618774 0.053499 5.609904 0.629389 
312 3.328274 0.000000 1.144584 114.837043 -0.281999 0.151898 -0.318765 
313 2.987153 0.000000 1.468702 116.675177 -0.169276 0.000000 -0.361313 
314 1.281547 0.000000 4.061647 101.969184 -0.105361 8.220250 -0.046530 
315 -0.082937 0.000000 4.061647 100.954748 0.111151 8.675166 -0.026713 
316 1.281547 0.000000 5.358119 101.719922 0.036199 7.511500 -0.040337 
317 1.963789 0.000000 2.116938 104.358546 -0.651728 13.805418 -0.108172 
318 1.281547 0.000000 2.116938 101.397906 -0.154272 13.052983 -0.045194 
319 1.963789 0.000000 2.765175 104.079388 -0.473923 10.616755 -0.094546 
320 2.304911 0.000000 1.144584 86.671435 0.038393 11.219807 0.236218 
321 1.963789 0.000000 1.144584 99.349261 -0.048215 28.265133 -0.066920 
322 2.304911 0.000000 0.820466 93.198242 -0.002083 18.286090 0.097971 
323 2.304911 0.000000 1.468702 104.679047 -0.048941 23.904823 -0.152915 
324 2.987153 0.000000 0.496348 2.709536 0.077251 -4.841538 0.996921 
325 2.646032 0.000000 0.496348 86.671435 0.038393 11.219807 0.236218 
326 2.987153 0.000000 0.172230 3.496805 0.052112 -2.648765 0.998075 
327 3.328274 0.000000 0.496348 8.096927 -0.348667 -4.397481 0.991498 
328 2.816592 0.000000 0.982525 42.694387 -0.012045 51.673083 0.550708 
329 2.646032 0.000000 0.982525 34.247138 -0.000623 51.214757 0.620418 
330 2.816592 0.000000 0.820466 28.796406 0.022409 28.607358 0.835239 
331 2.987153 0.000000 0.982525 99.708707 -0.054311 14.037403 -0.013888 
332 2.816592 0.000000 1.144584 91.260522 -0.018199 60.661464 -0.200830 
333 2.304911 0.000000 0.496348 94.959427 -0.016626 21.872575 0.050430 
334 1.963789 0.000000 0.496348 100.452126 -0.052497 28.750858 -0.091724 
335 2.304911 0.000000 0.172230 1.680810 0.061746 0.260893 0.999710 
336 2.475471 0.000000 0.982525 78.873046 0.036890 9.263952 0.369322 
337 2.304911 0.000000 0.982525 92.185396 0.005280 16.604230 0.122615 
338 2.475471 0.000000 0.820466 85.114103 0.030130 12.071968 0.260986 
339 2.475471 0.000000 1.144584 86.671435 0.038393 11.219807 0.236218 
340 2.816592 0.000000 0.658407 67.706773 0.049389 7.136158 0.536487 
341 2.646032 0.000000 0.658407 76.297842 0.038385 8.709512 0.410278 
342 2.816592 0.000000 0.496348 -0.119277 0.060465 -3.004450 0.999096 
343 2.987153 0.000000 0.658407 2.096767 0.111471 -6.988537 0.994675 
344 2.731312 0.000000 0.901496 11.772556 -0.004863 42.194468 0.808103 
345 2.646032 0.000000 0.901496 32.648310 0.009959 36.311711 0.761555 
346 2.731312 0.000000 0.820466 29.792195 0.032284 20.029314 0.871125 
347 2.816592 0.000000 0.901496 25.389013 0.007719 39.863960 0.776626 
348 2.731312 0.000000 0.982525 30.089591 -0.003874 51.096229 0.648379 
349 6.739484 0.000000 -1.124242 98.200606 -0.302127 12.189498 0.020797 
350 6.739484 0.000000 -2.420714 99.466132 -0.110759 6.528223 0.006386 
351 8.103968 0.000000 -1.124242 97.320305 -0.154611 10.238140 0.042391 
352 6.739484 0.000000 0.172230 -3.774775 0.172740 0.182877 0.998569 
353 4.692758 0.000000 -0.476006 103.334934 -0.084674 0.063362 -0.067812 
354 4.692758 0.000000 -1.124242 103.248650 -0.083569 0.058470 -0.066029 
355 5.375000 0.000000 -0.476006 -3.545415 0.080963 -2.984513 0.997852 
356 4.692758 0.000000 0.172230 5.646596 -0.017598 0.074128 0.996811 
357 4.692758 0.000000 -1.772478 100.393605 -0.156353 3.039634 -0.008814 
358 4.692758 0.000000 -2.420714 99.414262 -0.070201 4.378192 0.009763 
359 5.375000 0.000000 -1.772478 101.929603 -0.099085 4.878195 -0.041345 
360 6.739484 0.000000 1.468702 98.788520 -0.014373 -1.666152 0.023805 
361 8.103968 0.000000 1.468702 99.425941 0.040977 -1.909223 0.011084 
362 6.739484 0.000000 2.765175 101.279688 0.143090 0.103332 -0.025761 
363 6.057242 0.000000 -0.476006 100.620123 -0.186991 28.028239 -0.091003 
364 6.057242 0.000000 -1.124242 103.300842 -0.186366 14.855496 -0.089178 
365 6.739484 0.000000 -0.476006 96.476810 -0.307314 17.143895 0.039822 
366 6.057242 0.000000 0.172230 -1.297098 -0.019946 -0.774621 0.999772 
367 5.033879 0.000000 -0.800124 104.160046 -0.127628 0.018319 -0.084933 
368 4.692758 0.000000 -0.800124 102.678797 -0.098602 0.016085 -0.054295 
369 5.033879 0.000000 -1.124242 103.610028 -0.120792 0.000000 -0.073505 
370 5.375000 0.000000 -0.800124 106.254301 -0.166303 5.994339 -0.132594 
371 5.033879 0.000000 -0.476006 103.661129 -0.122642 0.000000 -0.074564 
372 6.057242 0.000000 0.820466 83.903120 0.961673 -0.668248 0.295890 
373 5.375000 0.000000 0.820466 21.126312 -0.261464 -17.519133 0.924669 
374 6.739484 0.000000 0.820466 96.546387 1.552256 -0.499209 0.067614 
375 6.057242 0.000000 1.468702 95.234644 0.044591 -5.839894 0.089626 
376 4.692758 0.000000 0.820466 108.543959 -0.221306 0.315918 -0.178194 
377 4.692758 0.000000 1.468702 108.462986 -0.225431 0.251400 -0.176433 
378 27.206747 0.000000 62.402895 99.775602 0.001240 6.935563 -0.000327 
379 49.038495 0.000000 62.402895 99.769769 0.001560 6.926762 -0.000199 
380 27.206747 0.000000 83.146450 99.767955 0.000893 6.955112 -0.000202 
381 16.290874 0.000000 31.287562 99.813923 -0.001119 6.818725 -0.000931 
382 27.206747 0.000000 31.287562 99.808147 0.001326 6.780357 -0.000764 
383 16.290874 0.000000 41.659340 99.802759 0.000363 6.891718 -0.000809 
384 10.832937 0.000000 15.729896 99.907202 0.058778 6.385238 -0.002222 
385 16.290874 0.000000 15.729896 99.894858 0.025409 6.273237 -0.001834 
386 10.832937 0.000000 20.915785 99.915203 0.010821 6.638624 -0.002712 
387 8.103968 0.000000 7.951063 100.530495 0.288334 5.035087 -0.013182 
388 10.832937 0.000000 7.951063 100.171780 0.090438 4.858360 -0.005800 
389 8.103968 0.000000 10.544008 100.357577 0.200525 5.821541 -0.010557 
390 6.739484 0.000000 4.061647 101.743536 0.131045 2.338446 -0.035723 
391 8.103968 0.000000 4.061647 100.856145 0.232076 2.060955 -0.017626 
392 6.739484 0.000000 5.358119 101.377423 0.172072 3.698585 -0.029109 
393 6.057242 0.000000 2.116938 101.154127 -0.000378 -2.311444 -0.023750 
394 5.375000 0.000000 2.116938 103.811675 0.019186 -2.027679 -0.078098 
395 6.739484 0.000000 2.116938 100.420759 -0.008982 -1.154871 -0.008566 
396 6.057242 0.000000 2.765175 102.066871 0.110537 0.170550 -0.041769 
397 5.716121 0.000000 1.144584 53.559816 0.040211 -29.042062 0.628790 
398 5.375000 0.000000 1.144584 70.433202 0.003613 -42.247696 0.325430 
399 5.716121 0.000000 0.820466 62.191753 0.019999 -0.334209 0.613207 
400 6.057242 0.000000 1.144584 82.382344 0.854571 -0.637031 0.321201 
401 5.716121 0.000000 1.468702 96.993388 0.062965 -12.161141 0.044439 
402 27.206747 0.000000 -62.058434 99.742485 -0.001098 6.944032 0.000322 
403 27.206747 0.000000 -82.801989 99.747651 -0.000783 6.958960 0.000198 
404 49.038495 0.000000 -62.058434 99.748187 -0.001327 6.939025 0.000215 
405 16.290874 0.000000 -30.943102 99.724429 0.002397 6.864150 0.000792 
406 16.290874 0.000000 -41.314880 99.723382 -0.000358 6.910945 0.000749 
407 27.206747 0.000000 -30.943102 99.725295 -0.001091 6.838271 0.000810 
408 10.832937 0.000000 -15.385436 99.745688 -0.096463 6.644639 0.000664 
409 10.832937 0.000000 -20.571325 99.664351 0.024564 6.748484 0.002147 
410 16.290874 0.000000 -15.385436 99.722120 -0.020078 6.581926 0.001218 
411 8.103968 0.000000 -7.606603 99.429495 0.055500 6.092604 0.007665 
412 8.103968 0.000000 -10.199547 99.466569 -0.199161 6.357136 0.006595 
413 10.832937 0.000000 -7.606603 99.488972 -0.199749 5.974382 0.006621 
414 6.739484 0.000000 -3.717186 99.522031 -0.007516 5.795381 0.006178 
415 6.739484 0.000000 -5.013659 99.134212 0.203540 5.614171 0.014085 
416 8.103968 0.000000 -3.717186 98.990084 0.240335 5.534884 0.017027 
417 6.057242 0.000000 -1.772478 101.067554 -0.327485 7.555386 -0.027184 
418 6.057242 0.000000 -2.420714 99.854508 -0.198816 5.909660 -0.000589 
419 6.739484 0.000000 -1.772478 99.460390 -0.193775 8.142144 0.004130 
420 70.870242 0.000000 -20.571325 99.766986 -0.004533 6.737505 0.000115 
421 70.870242 0.000000 -41.314880 99.754624 -0.002294 6.897220 0.000144 
422 92.701989 0.000000 -20.571325 99.768361 -0.004327 6.762837 0.000054 
423 70.870242 0.000000 0.172230 99.919391 -0.031790 4.615741 -0.000519 
424 38.122621 0.000000 -10.199547 99.786352 -0.006245 6.231012 0.000386 
425 38.122621 0.000000 -20.571325 99.747458 -0.003441 6.691506 0.000567 
426 49.038495 0.000000 -10.199547 99.792186 -0.008579 6.283545 0.000204 
427 38.122621 0.000000 0.172230 99.986516 -0.067614 3.487545 -0.000947 
428 21.748810 0.000000 -5.013659 99.782973 -0.024953 5.257977 0.001571 
429 21.748810 0.000000 -10.199547 99.725229 0.001656 6.143277 0.001714 
430 27.206747 0.000000 -5.013659 99.827441 -0.035395 5.317639 0.000620 
431 21.748810 0.000000 0.172230 99.961146 -0.104996 2.682153 0.000056 
432 13.561905 0.000000 -2.420714 99.321874 0.019881 4.070262 0.011860 
433 13.561905 0.000000 -5.013659 99.479603 -0.261850 5.269760 0.007597 
434 16.290874 0.000000 -2.420714 99.639147 -0.149850 4.197366 0.005440 
435 13.561905 0.000000 0.172230 99.188246 0.220706 1.761477 0.015854 
436 9.468453 0.000000 -1.124242 97.467334 0.183793 6.529121 0.045746 
437 9.468453 0.000000 -2.420714 98.587844 0.209525 5.393593 0.025130 
438 10.832937 0.000000 -1.124242 97.673634 0.153791 4.613303 0.043855 
439 9.468453 0.000000 0.172230 96.317521 0.372470 23.627135 0.016455 
440 7.421726 0.000000 -0.476006 99.196025 -0.356963 19.931177 -0.023723 
441 7.421726 0.000000 -1.124242 98.940723 -0.197124 10.958168 0.009061 
442 8.103968 0.000000 -0.476006 93.998180 -0.321331 30.500615 0.023395 
443 7.421726 0.000000 0.172230 -1.078411 0.249688 1.064928 0.999764 
444 6.398363 0.000000 -0.800124 96.619025 -0.209415 27.068723 -0.006800 
445 6.057242 0.000000 -0.800124 100.988970 -0.185554 27.817780 -0.097264 
446 6.398363 0.000000 -1.124242 99.356567 -0.401080 14.092162 -0.007048 
447 6.739484 0.000000 -0.800124 96.402165 -0.302466 17.542822 0.039878 
448 6.398363 0.000000 -0.476006 96.440006 -0.211112 26.696467 -0.001342 
449 70.870242 0.000000 20.915785 99.801349 0.007095 6.371711 -0.000091 
450 92.701989 0.000000 20.915785 99.807261 0.007845 6.263859 -0.000073 
451 70.870242 0.000000 41.659340 99.770760 0.002995 6.845680 -0.000107 
452 38.122621 0.000000 10.544008 99.874494 0.013112 5.294086 -0.000294 
453 49.038495 0.000000 10.544008 99.890751 0.012451 5.091189 -0.000408 
454 38.122621 0.000000 20.915785 99.809063 0.004807 6.486800 -0.000393 
455 21.748810 0.000000 5.358119 99.920708 0.045269 3.924324 0.000045 
456 27.206747 0.000000 5.358119 99.964071 0.010445 3.763730 -0.000698 
457 21.748810 0.000000 10.544008 99.878698 0.060367 5.515666 -0.000618 
458 13.561905 0.000000 2.765175 99.540998 -0.028309 2.549002 0.008509 
459 16.290874 0.000000 2.765175 99.795694 -0.001220 2.767241 0.003316 
460 13.561905 0.000000 5.358119 99.884830 0.018621 3.805967 0.000854 
461 9.468453 0.000000 1.468702 99.490288 0.130222 -0.272771 0.010159 
462 10.832937 0.000000 1.468702 97.944050 0.265669 -1.423686 0.040487 
463 9.468453 0.000000 2.765175 99.788914 0.211681 0.982033 0.004116 
464 7.421726 0.000000 0.820466 99.481279 -0.125099 -1.917283 0.009978 
465 8.103968 0.000000 0.820466 101.735723 0.347411 -2.899995 -0.035869 
466 7.421726 0.000000 1.468702 99.831160 0.021928 -1.942939 0.002996 
467 6.398363 0.000000 1.144584 88.726305 1.301351 -0.767255 0.212536 
468 6.398363 0.000000 0.820466 92.386780 0.895208 -0.732108 0.146335 
469 6.739484 0.000000 1.144584 96.214209 0.470541 -0.695357 0.074212 
470 6.398363 0.000000 1.468702 97.121961 0.114667 -2.500132 0.056106 
471 7.421726 0.000000 -1.772478 98.838304 -0.182314 7.727673 0.017124 
472 7.421726 0.000000 -2.420714 99.054148 -0.123004 6.449512 0.014666 
473 8.103968 0.000000 -1.772478 98.267707 0.059067 7.101210 0.029303 
474 7.080605 0.000000 -0.800124 97.758652 -0.390578 10.293304 0.033714 
475 7.080605 0.000000 -1.124242 98.693234 -0.248642 10.897910 0.014082 
476 7.421726 0.000000 -0.800124 100.344110 -0.359913 13.725837 -0.025747 
477 7.080605 0.000000 -0.476006 99.510466 -0.372450 12.236300 -0.005220 
478 7.421726 0.000000 2.116938 100.270822 0.071695 -0.871064 -0.005500 
479 8.103968 0.000000 2.116938 100.002472 0.197469 -0.708435 -0.000104 
480 7.421726 0.000000 2.765175 100.770848 0.040061 0.351989 -0.015489 
481 7.080605 0.000000 1.144584 96.846150 0.803448 -0.661713 0.061974 
482 7.080605 0.000000 0.820466 97.424507 0.709181 -0.806645 0.050731 
483 7.421726 0.000000 1.144584 98.601420 -0.333180 -1.641705 0.027495 
484 7.080605 0.000000 1.468702 99.671483 -0.104093 -1.743695 0.006254 
485 8.786211 0.000000 -0.476006 91.530752 -0.134228 26.853901 0.090097 
486 8.786211 0.000000 -1.124242 96.844092 -0.004090 7.740789 0.056130 
487 9.468453 0.000000 -0.476006 97.085194 0.133049 9.442116 0.048529 
488 8.786211 0.000000 0.172230 95.028955 -0.038776 18.530292 0.062612 
489 7.762847 0.000000 -0.151888 95.351219 -0.336505 29.491177 0.003830 
490 7.421726 0.000000 -0.151888 98.490184 -0.354879 20.913158 -0.013780 
491 7.762847 0.000000 -0.476006 95.948268 -0.343755 28.936169 -0.004349 
492 8.103968 0.000000 -0.151888 94.322134 -0.296090 28.377333 0.029797 
493 7.762847 0.000000 0.172230 0.669294 0.381375 1.567215 0.999695 
494 8.786211 0.000000 0.820466 100.366397 -0.128925 -2.230717 -0.007841 
495 9.468453 0.000000 0.820466 101.093446 -0.455539 8.622449 -0.029444 
496 8.786211 0.000000 1.468702 98.973230 0.239355 -1.266641 0.020264 
497 7.762847 0.000000 1.144584 100.819990 0.768841 -2.354658 -0.017081 
498 7.762847 0.000000 0.820466 101.838105 0.628797 -2.989059 -0.038033 
499 8.103968 0.000000 1.144584 103.114179 0.369590 -3.953921 -0.064830 
500 7.762847 0.000000 1.468702 99.720439 0.056404 -2.027570 0.005172 
501 8.445089 0.000000 -0.151888 93.165490 -0.208181 26.745407 0.060483 
502 8.445089 0.000000 -0.476006 92.700478 -0.205927 27.708243 0.063883 
503 8.786211 0.000000 -0.151888 94.246444 -0.039257 19.492537 0.073765 
504 8.445089 0.000000 0.172230 92.724406 -0.167896 26.499896 0.069991 
505 8.445089 0.000000 0.496348 102.280672 0.060011 -3.660330 -0.047474 
506 8.103968 0.000000 0.496348 103.113564 0.369563 -3.953444 -0.064817 
507 8.786211 0.000000 0.496348 99.563109 -0.164878 -1.690388 0.008430 
508 8.445089 0.000000 0.820466 102.216538 0.122614 -3.679493 -0.046177 
509 12.197421 0.000000 1.468702 98.771305 0.122342 1.186320 0.024281 
510 12.197421 0.000000 0.172230 98.159848 0.367083 1.535632 0.036215 
511 13.561905 0.000000 1.468702 99.385337 -0.083211 1.735335 0.011954 
512 12.197421 0.000000 2.765175 99.478312 0.198606 1.977527 0.010012 
513 10.150695 0.000000 0.820466 109.388870 -0.224946 -8.679649 -0.204131 
514 10.150695 0.000000 0.172230 85.177631 1.379759 36.819462 0.138719 
515 10.832937 0.000000 0.820466 76.069617 -0.662220 -7.850183 0.415135 
516 10.150695 0.000000 1.468702 100.132509 0.318983 -1.275350 -0.002825 
517 9.468453 0.000000 4.061647 100.130198 0.270789 2.398448 -0.003188 
518 10.832937 0.000000 4.061647 99.847216 0.243924 2.575792 0.002384 
519 9.468453 0.000000 5.358119 100.644947 0.209159 3.206886 -0.013973 
520 10.150695 0.000000 2.116938 99.449633 0.252627 0.251191 0.010964 
521 9.468453 0.000000 2.116938 99.672112 0.288076 0.180764 0.006535 
522 10.832937 0.000000 2.116938 99.042035 0.362306 0.501820 0.019029 
523 10.150695 0.000000 2.765175 99.614016 0.289365 1.253573 0.007539 
524 9.809574 0.000000 1.144584 103.590399 -0.420674 11.986342 -0.087482 
525 9.468453 0.000000 1.144584 100.430296 -0.474220 14.895831 -0.030836 
526 9.809574 0.000000 0.820466 105.484338 -0.409242 7.981442 -0.119082 
527 10.150695 0.000000 1.144584 108.183839 -0.377994 8.045636 -0.176862 
528 9.809574 0.000000 1.468702 100.028613 0.225416 -0.310964 -0.000587 
529 12.197421 0.000000 -1.124242 98.598935 0.036736 3.490231 0.026607 
530 12.197421 0.000000 -2.420714 98.950357 0.093726 4.223418 0.019098 
531 13.561905 0.000000 -1.124242 99.227570 0.023041 3.257958 0.014327 
532 10.150695 0.000000 -0.476006 95.898704 0.142316 8.071537 0.073827 
533 10.150695 0.000000 -1.124242 97.551723 0.118727 5.620009 0.045206 
534 10.832937 0.000000 -0.476006 96.232885 0.095366 4.928533 0.071493 
535 11.515179 0.000000 0.820466 96.758836 -1.562593 0.639954 0.063488 
536 11.515179 0.000000 0.172230 96.623000 0.600227 1.975211 0.065973 
537 12.197421 0.000000 0.820466 98.348872 -2.635482 1.134297 0.031927 
538 11.515179 0.000000 1.468702 98.083893 0.279191 0.600123 0.037911 
539 10.491816 0.000000 0.496348 74.496452 1.550893 29.370637 0.358524 
540 10.150695 0.000000 0.496348 86.217213 2.008884 23.497954 0.201040 
541 10.491816 0.000000 0.172230 71.806953 4.959192 45.418294 0.275635 
542 10.832937 0.000000 0.496348 58.125294 -2.626740 44.861842 0.460197 
543 10.491816 0.000000 0.820466 85.941507 -0.035302 -6.201795 0.257559 
544 10.491816 0.000000 1.144584 113.757397 -0.127577 -9.961454 -0.303999 
545 10.832937 0.000000 1.144584 95.606128 0.122665 -4.016161 0.084332 
546 10.491816 0.000000 1.468702 99.072534 0.220893 -2.044591 0.018040 
547 11.515179 0.000000 -0.476006 97.430792 0.162596 3.351087 0.049598 
548 11.515179 0.000000 -1.124242 98.124622 0.229039 3.891569 0.035636 
549 12.197421 0.000000 -0.476006 98.329253 0.031203 2.811005 0.032346 
550 11.174058 0.000000 0.496348 93.996085 4.542275 1.229480 0.114259 
551 11.174058 0.000000 0.172230 94.906572 0.732149 2.634584 0.098527 
552 11.515179 0.000000 0.496348 96.457426 3.724713 1.072337 0.068094 
553 11.174058 0.000000 0.820466 94.540886 -1.157462 -0.327586 0.106057 
554 10.662376 0.000000 0.658407 70.905163 -0.640197 12.348668 0.481956 
555 10.491816 0.000000 0.658407 82.391377 0.171795 2.297495 0.320635 
556 10.662376 0.000000 0.496348 66.542429 0.396328 33.082773 0.447748 
557 10.832937 0.000000 0.658407 68.013934 -0.982692 13.246047 0.519768 
558 10.662376 0.000000 0.820466 79.461359 -0.531117 -16.645028 0.340855 
559 4.692758 0.000000 2.116938 105.810728 -0.163666 0.568848 -0.119626 
560 4.692758 0.000000 2.765175 105.106513 0.043563 1.815694 -0.105068 
561 5.033879 0.000000 1.144584 106.956327 -0.121645 0.093866 -0.143968 
562 4.692758 0.000000 1.144584 107.911949 -0.189398 0.140505 -0.164504 
563 5.033879 0.000000 0.820466 108.623422 -0.225657 0.327026 -0.179921 
564 5.033879 0.000000 1.468702 107.218091 -0.137695 0.130473 -0.149576 
565 5.033879 0.000000 1.792820 105.128210 0.034249 -1.058826 -0.105306 
566 4.692758 0.000000 1.792820 105.613308 -0.134426 0.227742 -0.115424 
567 5.375000 0.000000 1.792820 104.084365 0.013641 -4.009203 -0.084963 
568 5.033879 0.000000 2.116938 104.947603 0.012046 -0.752857 -0.101457 
569 5.204439 0.000000 1.306643 103.505660 -0.087942 -6.857492 -0.076045 
570 5.033879 0.000000 1.306643 107.028895 -0.126122 0.104014 -0.145521 
571 5.204439 0.000000 1.144584 104.777462 -0.088668 -4.210206 -0.099605 
572 5.375000 0.000000 1.306643 79.388902 -0.019182 -30.052405 0.279425 
573 5.204439 0.000000 1.468702 106.285228 -0.079257 0.000000 -0.129656 
574 5.716121 0.000000 0.496348 0.198970 -1.059284 -3.494798 0.998662 
575 5.375000 0.000000 0.496348 3.733740 -0.484375 -1.858229 0.998237 
576 5.716121 0.000000 0.172230 -1.160749 -0.191222 -2.916060 0.999011 
577 6.057242 0.000000 0.496348 -4.732023 0.459987 -2.205103 0.997253 
578 5.545561 0.000000 0.982525 27.966858 -0.125631 -27.359183 0.846931 
579 5.375000 0.000000 0.982525 39.907353 -0.045076 -38.081162 0.695723 
580 5.545561 0.000000 0.820466 28.060075 -0.237805 -12.558134 0.905487 
581 5.716121 0.000000 0.982525 63.039688 0.050521 -0.346066 0.602588 
582 5.545561 0.000000 1.144584 37.080865 -0.034366 -43.086611 0.676855 
583 5.033879 0.000000 0.496348 6.381332 -0.162876 0.611565 0.995888 
584 4.692758 0.000000 0.496348 8.703755 -0.042688 1.163110 0.992289 
585 5.033879 0.000000 0.172230 2.683028 0.038565 -0.713411 0.999229 
586 5.204439 0.000000 0.982525 102.259550 -0.058235 -8.638853 -0.053165 
587 5.033879 0.000000 0.982525 107.135337 -0.132653 0.118900 -0.147801 
588 5.204439 0.000000 0.820466 10.350847 -0.161166 0.736521 0.989229 
589 5.545561 0.000000 0.658407 57.225828 -0.158755 -0.264768 0.672511 
590 5.375000 0.000000 0.658407 7.161840 -0.426805 -1.865272 0.994505 
591 5.545561 0.000000 0.496348 2.188025 -0.720447 -2.485069 0.998852 
592 5.716121 0.000000 0.658407 63.404303 0.063646 -0.351165 0.597977 
593 5.460280 0.000000 0.901496 16.679657 -0.160388 -23.193634 0.918382 
594 5.375000 0.000000 0.901496 19.536953 -0.188812 -24.806089 0.900293 
595 5.460280 0.000000 0.820466 22.845679 -0.212454 -15.028936 0.925216 
596 5.545561 0.000000 0.901496 24.716549 -0.190425 -18.890530 0.903220 
597 5.460280 0.000000 0.982525 28.659485 -0.115489 -28.424049 0.837069 
598 7.080605 0.000000 0.496348 -2.534485 0.675611 -0.143132 0.999310 
599 6.739484 0.000000 0.496348 -3.283343 0.285657 0.147531 0.998912 
600 7.080605 0.000000 0.172230 -2.986296 0.180004 0.499340 0.999080 
601 7.421726 0.000000 0.496348 96.790270 -1.232825 -1.059678 0.062900 
602 6.910045 0.000000 0.982525 96.762041 1.665113 -0.487875 0.063410 
603 6.739484 0.000000 0.982525 96.549668 1.562939 -0.497272 0.067547 
604 6.910045 0.000000 0.820466 96.980990 2.078155 -0.407748 0.059020 
605 7.080605 0.000000 0.982525 96.846304 0.809064 -0.660615 0.061970 
606 6.910045 0.000000 1.144584 96.898133 2.697691 -0.291506 0.060339 
607 6.398363 0.000000 0.496348 -1.040407 0.948851 -2.967038 0.998921 
608 6.398363 0.000000 0.172230 -3.318165 -0.063847 -0.251865 0.998892 
609 6.568924 0.000000 0.982525 95.057320 0.980281 -0.640676 0.096273 
610 6.398363 0.000000 0.982525 92.410420 0.892585 -0.731881 0.145898 
611 6.568924 0.000000 0.820466 95.573223 0.799964 -0.704820 0.086462 
612 6.568924 0.000000 1.144584 96.214209 0.470541 -0.695357 0.074212 
613 6.910045 0.000000 0.658407 96.755447 1.609080 -0.498571 0.063555 
614 6.739484 0.000000 0.658407 96.551811 1.569917 -0.496006 0.067504 
615 6.910045 0.000000 0.496348 96.898133 2.697691 -0.291506 0.060339 
616 7.080605 0.000000 0.658407 96.845762 0.789298 -0.664478 0.061983 
617 6.824764 0.000000 0.901496 97.058811 1.949893 -0.424003 0.057561 
618 6.739484 0.000000 0.901496 96.546930 1.554024 -0.498888 0.067603 
619 6.824764 0.000000 0.820466 97.045596 1.973029 -0.419969 0.057808 
620 6.910045 0.000000 0.901496 97.045749 1.905638 -0.438174 0.057830 
621 6.824764 0.000000 0.982525 96.599260 1.724433 -0.467988 0.066539 
622 7.762847 0.000000 0.496348 100.819990 0.768841 -2.354658 -0.017081 
623 7.592287 0.000000 0.982525 100.237718 0.148149 -2.335662 -0.005308 
624 7.421726 0.000000 0.982525 99.696108 -0.054591 -1.986810 0.005674 
625 7.592287 0.000000 0.820466 100.267956 0.220117 -2.316495 -0.005908 
626 7.762847 0.000000 0.982525 101.724682 0.635507 -2.862147 -0.035651 
627 7.592287 0.000000 1.144584 100.819990 0.768841 -2.354658 -0.017081 
628 6.227803 0.000000 0.658407 88.375103 1.036156 -0.720102 0.218825 
629 6.057242 0.000000 0.658407 83.957841 0.965527 -0.669371 0.294970 
630 6.227803 0.000000 0.496348 -1.729617 3.213436 -1.859347 0.998323 
631 6.398363 0.000000 0.658407 92.437475 0.889583 -0.731621 0.145399 
632 6.227803 0.000000 0.820466 88.101066 1.163086 -0.738767 0.223630 
633 8.786211 0.000000 2.116938 99.783864 0.196822 -0.420474 0.004296 
634 8.786211 0.000000 2.765175 100.195171 0.171757 0.518934 -0.003937 
635 8.445089 0.000000 1.144584 102.291611 0.060680 -3.669373 -0.047704 
636 8.786211 0.000000 1.144584 100.714169 -0.035802 -2.365526 -0.014894 
637 8.445089 0.000000 1.468702 99.134436 0.235044 -1.849745 0.016889 
638 8.274529 0.000000 0.982525 102.166885 0.197574 -3.368416 -0.044946 
639 8.103968 0.000000 0.982525 102.878782 0.359010 -3.771532 -0.059840 
640 8.274529 0.000000 0.820466 102.016585 0.193308 -3.244471 -0.041795 
641 8.445089 0.000000 0.982525 101.697747 0.111753 -3.081810 -0.035194 
642 8.274529 0.000000 1.144584 103.135926 0.370568 -3.970770 -0.065292 
643 7.251166 0.000000 0.658407 97.792950 -0.057595 -1.041318 0.043545 
644 7.251166 0.000000 0.496348 96.790270 -1.232825 -1.059678 0.062900 
645 7.421726 0.000000 0.658407 98.643984 -0.312038 -1.655383 0.026653 
646 7.251166 0.000000 0.820466 97.485131 -0.356128 -1.092678 0.049533 
647 6.995325 0.000000 0.739437 97.136068 1.492954 -0.520670 0.056208 
648 6.910045 0.000000 0.739437 97.152952 1.898552 -0.440208 0.055751 
649 6.995325 0.000000 0.658407 96.851608 1.002352 -0.622840 0.061837 
650 7.080605 0.000000 0.739437 96.846612 0.820273 -0.658425 0.061963 
651 6.995325 0.000000 0.820466 97.100591 1.619295 -0.496844 0.056861 
652 7.080605 0.000000 -0.151888 100.344110 -0.359913 13.725837 -0.025747 
653 6.739484 0.000000 -0.151888 -4.953466 0.197471 0.214562 0.997538 
654 6.910045 0.000000 0.334289 -3.220366 0.192438 0.061713 0.998959 
655 6.739484 0.000000 0.334289 -3.400093 0.205933 0.116964 0.998838 
656 6.910045 0.000000 0.172230 -3.579840 0.113421 0.275639 0.998710 
657 7.080605 0.000000 0.334289 -2.621199 0.308375 0.157705 0.999301 
658 6.995325 0.000000 0.577378 96.898133 2.697691 -0.291506 0.060339 
659 6.910045 0.000000 0.577378 96.898133 2.697691 -0.291506 0.060339 
660 6.995325 0.000000 0.496348 -2.735272 0.562756 0.046531 0.999220 
661 7.080605 0.000000 0.577378 96.845195 0.768667 -0.668511 0.061997 
662 7.251166 0.000000 0.982525 97.730292 -0.104657 -1.037152 0.044770 
663 7.251166 0.000000 1.144584 96.790270 -1.232825 -1.059678 0.062900 
664 7.165886 0.000000 0.739437 97.532249 0.391086 -0.894176 0.048651 
665 7.165886 0.000000 0.658407 97.621671 0.449659 -0.901852 0.046899 
666 7.251166 0.000000 0.739437 97.804467 0.031292 -1.110431 0.043305 
667 7.165886 0.000000 0.820466 97.465685 0.329932 -0.891998 0.049954 
668 7.037965 0.000000 0.698922 96.849960 0.942292 -0.634578 0.061879 
669 6.995325 0.000000 0.698922 96.853691 1.078232 -0.608010 0.061783 
670 7.037965 0.000000 0.658407 96.848775 0.899115 -0.643016 0.061909 
671 7.080605 0.000000 0.698922 96.846157 0.803724 -0.661659 0.061974 
672 7.037965 0.000000 0.739437 96.851406 0.994994 -0.624278 0.061843 
673 7.251166 0.000000 0.334289 -1.658211 0.378556 0.351985 0.999698 
674 7.251166 0.000000 0.172230 -2.159499 0.203781 0.756685 0.999472 
675 7.421726 0.000000 0.334289 -0.744375 0.378218 0.640788 0.999889 
676 7.165886 0.000000 0.577378 96.790270 -1.232825 -1.059678 0.062900 
677 7.165886 0.000000 0.496348 96.790270 -1.232825 -1.059678 0.062900 
678 7.251166 0.000000 0.577378 96.790270 -1.232825 -1.059678 0.062900 
679 7.123245 0.000000 0.698922 97.551188 0.537470 -0.868817 0.048272 
680 7.123245 0.000000 0.658407 96.842690 0.677367 -0.686354 0.062056 
681 7.165886 0.000000 0.698922 97.578011 0.424130 -0.897486 0.047755 
682 7.123245 0.000000 0.739437 97.509009 0.534484 -0.860233 0.049097 
683 6.995325 0.000000 0.901496 97.116948 1.556206 -0.508763 0.056562 
684 7.080605 0.000000 0.901496 97.445835 0.697731 -0.813596 0.050316 
685 6.995325 0.000000 0.982525 96.853756 1.080627 -0.607542 0.061781 
686 7.037965 0.000000 0.779951 97.240201 1.344011 -0.552372 0.054223 
687 6.995325 0.000000 0.779951 97.116590 1.555607 -0.508891 0.056569 
688 7.080605 0.000000 0.779951 97.445293 0.695430 -0.813941 0.050327 
689 7.037965 0.000000 0.820466 97.225050 1.364352 -0.548550 0.054513 
690 7.059285 0.000000 0.719179 96.848498 0.889018 -0.644989 0.061916 
691 7.037965 0.000000 0.719179 96.850655 0.967620 -0.629628 0.061862 
692 7.059285 0.000000 0.698922 96.848056 0.872897 -0.648140 0.061927 
693 7.080605 0.000000 0.719179 96.846380 0.811840 -0.660073 0.061968 
694 7.059285 0.000000 0.739437 96.848964 0.905991 -0.641672 0.061905 
695 9.809574 0.000000 0.496348 92.945926 0.869816 19.227701 0.099059 
696 9.468453 0.000000 0.496348 98.168856 -0.509256 7.602581 0.030482 
697 9.809574 0.000000 0.172230 89.730288 0.912628 34.917185 0.072843 
698 9.980134 0.000000 0.982525 107.503717 -0.383300 6.171630 -0.159529 
699 9.809574 0.000000 0.982525 105.725270 -0.406281 7.682333 -0.123702 
700 9.980134 0.000000 0.820466 106.815131 -0.380798 4.937890 -0.143400 
701 10.150695 0.000000 0.982525 110.640952 -0.272286 -2.084611 -0.224584 
702 9.980134 0.000000 1.144584 108.171321 -0.378202 8.071467 -0.176633 
703 6.398363 0.000000 -0.151888 -4.371236 0.087433 -0.586846 0.998054 
704 6.057242 0.000000 -0.151888 -3.800670 0.099686 -1.184536 0.998414 
705 6.227803 0.000000 0.334289 -2.427229 -0.689937 -0.009038 0.999363 
706 6.057242 0.000000 0.334289 0.160743 -0.354016 2.272379 0.999469 
707 6.227803 0.000000 0.172230 -2.649216 -0.063656 -0.274613 0.999290 
708 6.398363 0.000000 0.334289 -2.585460 -2.277871 -1.310742 0.998641 
709 6.568924 0.000000 0.658407 94.998326 1.011879 -0.636921 0.097389 
710 6.568924 0.000000 0.496348 -2.265142 -0.158419 -0.286627 0.999476 
711 6.313083 0.000000 0.577378 91.081029 1.040086 -0.744645 0.170261 
712 6.227803 0.000000 0.577378 88.726305 1.301351 -0.767255 0.212536 
713 6.313083 0.000000 0.496348 -0.377308 3.142942 -2.344664 0.998448 
714 6.398363 0.000000 0.577378 92.451469 0.888031 -0.731487 0.145140 
715 6.313083 0.000000 0.658407 89.910424 0.943772 -0.718311 0.191471 
716 6.568924 0.000000 0.334289 -3.185808 -0.091951 -0.282899 0.998976 
717 6.568924 0.000000 0.172230 -3.657212 0.015124 -0.267593 0.998655 
718 6.313083 0.000000 0.415319 1.258773 0.171100 -2.609545 0.999158 
719 6.227803 0.000000 0.415319 -1.329403 1.736193 -0.164316 0.999519 
720 6.313083 0.000000 0.334289 0.873990 -3.877909 -3.083109 0.997469 
721 6.398363 0.000000 0.415319 -1.809557 -2.068019 -2.603989 0.998567 
722 6.483643 0.000000 0.577378 93.841399 0.733813 -0.718141 0.119274 
723 6.483643 0.000000 0.496348 -2.197631 0.743243 -2.484281 0.998845 
724 6.568924 0.000000 0.577378 96.214209 0.470541 -0.695357 0.074212 
725 6.483643 0.000000 0.658407 92.858391 0.842881 -0.727579 0.137608 
726 6.355723 0.000000 0.536863 88.726305 1.301351 -0.767255 0.212536 
727 6.313083 0.000000 0.536863 88.726305 1.301351 -0.767255 0.212536 
728 6.355723 0.000000 0.496348 -0.238702 1.986869 -2.871888 0.998775 
729 6.398363 0.000000 0.536863 -0.979633 2.073083 -1.801597 0.999150 
730 6.355723 0.000000 0.577378 91.150918 1.032332 -0.743974 0.168989 
731 7.165886 0.000000 0.901496 97.493666 0.362569 -0.891518 0.049406 
732 7.251166 0.000000 0.901496 97.695165 -0.093693 -1.102825 0.045443 
733 7.165886 0.000000 0.982525 97.579939 0.432714 -0.896177 0.047717 
734 9.127332 0.000000 0.496348 98.543916 -0.279167 -1.092595 0.028782 
735 9.127332 0.000000 0.172230 98.006822 0.146812 13.593205 0.020987 
736 9.127332 0.000000 0.820466 99.226323 -0.362464 2.644232 0.014701 
737 9.127332 0.000000 1.144584 98.325006 0.097360 -0.043519 0.033218 
738 9.127332 0.000000 1.468702 99.072558 0.154170 -0.703574 0.018411 
739 8.956771 0.000000 0.658407 100.872118 -0.228359 -2.846542 -0.018334 
740 8.786211 0.000000 0.658407 100.546292 -0.119657 -2.352786 -0.011511 
741 8.956771 0.000000 0.496348 100.145291 -0.223622 -1.970193 -0.003301 
742 9.127332 0.000000 0.658407 99.409994 -0.355260 2.496587 0.011129 
743 8.956771 0.000000 0.820466 99.391811 -0.252806 -1.704793 0.011830 
744 7.933408 0.000000 0.334289 1.720081 3.245291 -0.453966 0.998630 
745 7.762847 0.000000 0.334289 -0.786518 0.871517 2.787850 0.999085 
746 7.933408 0.000000 0.172230 92.550185 -0.312517 31.192442 0.046140 
747 8.103968 0.000000 0.334289 3.153315 6.726277 -0.620174 0.994443 
748 7.933408 0.000000 0.496348 101.202645 0.521589 -2.557284 -0.024879 
749 -60.120242 0.000000 -62.058434 99.750136 -0.000199 6.976305 0.000124 
750 -81.951989 0.000000 -62.058434 99.752673 -0.000132 6.976936 0.000073 
751 -60.120242 0.000000 -82.801989 99.751238 -0.000216 6.975184 0.000104 
752 70.870242 0.000000 -62.058434 99.752399 -0.001457 6.938251 0.000132 
753 70.870242 0.000000 -82.801989 99.752428 -0.001034 6.954514 0.000109 
754 92.701989 0.000000 -62.058434 99.754872 -0.001520 6.939196 0.000081 
755 -60.120242 0.000000 62.402895 99.763421 0.000243 6.976502 -0.000141 
756 -81.951989 0.000000 62.402895 99.760538 0.000170 6.977065 -0.000084 
757 -60.120242 0.000000 83.146450 99.762283 0.000258 6.975180 -0.000117 
758 -27.372621 0.000000 -30.943102 99.730313 -0.000366 6.976981 0.000519 
759 -38.288495 0.000000 -30.943102 99.740650 -0.000243 6.980201 0.000308 
760 -27.372621 0.000000 -41.314880 99.735360 -0.000399 6.972878 0.000424 
761 70.870242 0.000000 62.402895 99.765717 0.001788 6.922211 -0.000112 
762 92.701989 0.000000 62.402895 99.763540 0.001946 6.919059 -0.000064 
763 70.870242 0.000000 83.146450 99.763284 0.001236 6.947461 -0.000098 
764 38.122621 0.000000 -30.943102 99.740589 -0.001929 6.834841 0.000510 
765 38.122621 0.000000 -41.314880 99.741096 -0.001941 6.894622 0.000418 
766 49.038495 0.000000 -30.943102 99.749989 -0.002950 6.837885 0.000318 
767 -27.372621 0.000000 31.287562 99.785260 0.000396 6.979778 -0.000582 
768 -38.288495 0.000000 31.287562 99.773198 0.000290 6.981902 -0.000344 
769 -27.372621 0.000000 41.659340 99.780598 0.000440 6.974006 -0.000480 
770 -10.998810 0.000000 -15.385436 99.645759 -0.033128 6.950596 0.002241 
771 -16.456747 0.000000 -15.385436 99.701118 0.001870 6.959460 0.001125 
772 -10.998810 0.000000 -20.571325 99.694276 0.002919 6.933668 0.001298 
773 38.122621 0.000000 31.287562 99.792156 0.002529 6.764210 -0.000423 
774 49.038495 0.000000 31.287562 99.783709 0.003742 6.752994 -0.000239 
775 38.122621 0.000000 41.659340 99.783249 0.002276 6.862396 -0.000379 
776 21.748810 0.000000 -15.385436 99.718516 0.005538 6.536139 0.001350 
777 21.748810 0.000000 -20.571325 99.721645 0.003569 6.710025 0.001057 
778 27.206747 0.000000 -15.385436 99.740336 0.001242 6.531187 0.000921 
779 -10.998810 0.000000 15.729896 99.865917 -0.046353 6.996602 -0.002216 
780 -16.456747 0.000000 15.729896 99.803512 -0.006192 6.985258 -0.000953 
781 -10.998810 0.000000 20.915785 99.831367 -0.007461 6.956101 -0.001469 
782 21.748810 0.000000 15.729896 99.847783 0.002424 6.237457 -0.000849 
783 27.206747 0.000000 15.729896 99.830059 0.006100 6.204389 -0.000454 
784 21.748810 0.000000 20.915785 99.830074 0.001394 6.555438 -0.000902 
785 13.561905 0.000000 -7.606603 99.612024 -0.208644 5.942430 0.004209 
786 13.561905 0.000000 -10.199547 99.595291 -0.202032 6.236785 0.004184 
787 16.290874 0.000000 -7.606603 99.621403 -0.180196 5.830074 0.004155 
788 -2.811905 0.000000 7.951063 100.201031 0.184837 7.207647 -0.009223 
789 -5.540874 0.000000 7.951063 99.958320 0.143196 7.176470 -0.004319 
790 -2.811905 0.000000 10.544008 100.134931 0.183746 7.017166 -0.007628 
791 13.561905 0.000000 7.951063 99.972994 0.211982 4.883663 -0.001849 
792 16.290874 0.000000 7.951063 99.944425 0.108289 4.864756 -0.001257 
793 13.561905 0.000000 10.544008 100.023650 0.142422 5.583351 -0.003592 
794 1.963789 0.000000 -1.772478 98.882386 -0.053470 1.190724 0.022085 
795 1.963789 0.000000 -2.420714 98.727106 -0.049600 3.504428 0.024068 
796 -1.447421 0.000000 4.061647 100.248714 0.168308 8.399646 -0.012039 
797 -2.811905 0.000000 4.061647 99.851019 0.133187 7.882071 -0.003237 
798 -1.447421 0.000000 5.358119 100.317213 0.053943 7.758159 -0.012374 
799 0.599305 0.000000 2.116938 100.004366 -0.213556 11.977376 -0.014438 
800 -0.082937 0.000000 2.116938 99.253620 -0.212134 10.875497 0.003040 
801 0.599305 0.000000 2.765175 100.998389 -0.599889 10.219590 -0.030547 
802 -0.765179 0.000000 2.116938 98.937521 -0.205594 9.913599 0.011305 
803 -1.447421 0.000000 2.116938 99.078633 0.025924 9.188494 0.009900 
804 -0.765179 0.000000 2.765175 99.907412 -0.283258 9.502025 -0.007186 
805 0.428745 0.000000 0.010171 68.936169 -0.249141 64.897799 0.103602 
806 0.599305 0.000000 0.010171 0.949177 -0.000498 -1.058879 0.999798 
807 -0.424058 0.000000 0.496348 92.295598 -0.099559 12.931376 0.131429 
808 -0.765179 0.000000 0.496348 94.365542 -0.071161 10.692531 0.098081 
809 -0.424058 0.000000 0.820466 94.930065 -0.172618 12.468240 0.083280 
810 -0.253497 0.000000 0.010171 81.403393 -0.225009 13.455276 0.319239 
811 -0.424058 0.000000 0.010171 86.884543 -0.206635 10.989801 0.233026 
812 -0.253497 0.000000 0.172230 85.082834 -0.228135 15.121205 0.253221 
813 -0.253497 0.000000 -0.638065 85.484310 -0.202092 0.516807 0.269212 
814 -0.424058 0.000000 -0.638065 88.812147 -0.200780 3.595718 0.209943 
815 -0.253497 0.000000 -0.800124 89.001832 -0.187215 0.606030 0.207827 
816 0.087624 0.000000 0.334289 85.331982 -0.160529 26.272188 0.202820 
817 -0.082937 0.000000 0.334289 86.374032 -0.151031 19.484381 0.215986 
818 0.087624 0.000000 0.496348 90.627672 -0.159697 21.265103 0.133439 
819 9.468453 0.000000 -3.717186 98.910616 0.252675 5.287023 0.018867 
820 9.468453 0.000000 -5.013659 99.344097 0.153732 5.636828 0.009895 
821 10.832937 0.000000 -3.717186 99.238451 0.200489 5.223520 0.012440 
822 1.622668 0.000000 0.496348 98.592743 -0.071754 32.330891 -0.076582 
823 1.622668 0.000000 0.172230 97.848108 -0.086316 35.234586 -0.081574 
824 1.622668 0.000000 0.820466 98.814862 -0.069271 31.886569 -0.078114 
825 1.622668 0.000000 1.144584 99.349261 -0.048215 28.265133 -0.066920 
826 1.281547 0.000000 1.144584 97.909544 -0.081001 20.311992 0.000114 
827 1.622668 0.000000 1.468702 100.825723 -0.037579 18.661889 -0.051409 
828 2.987153 0.000000 -0.151888 3.445728 0.037124 -1.177076 0.998674 
829 2.646032 0.000000 -0.151888 2.104009 -0.011543 -0.886777 0.999479 
830 3.328274 0.000000 -0.151888 5.704396 0.070127 -0.997802 0.996646 
831 2.475471 0.000000 0.658407 84.196015 0.020211 13.264132 0.273509 
832 2.304911 0.000000 0.658407 93.900765 -0.006466 19.067451 0.081908 
833 2.475471 0.000000 0.496348 86.671435 0.038393 11.219807 0.236218 
834 5.033879 0.000000 -0.151888 0.948671 0.083139 -1.610169 0.999650 
835 4.692758 0.000000 -0.151888 4.244627 -0.010281 -0.912404 0.998115 
836 5.375000 0.000000 -0.151888 -1.892284 0.052268 -2.154089 0.999178 
837 5.716121 0.000000 -0.800124 105.693273 -0.172456 18.703375 -0.152091 
838 5.716121 0.000000 -1.124242 106.346041 -0.171669 16.172725 -0.157107 
839 5.716121 0.000000 -0.476006 103.748388 -0.174803 26.243291 -0.145247 
840 5.716121 0.000000 -0.151888 -3.270018 0.109652 -1.918165 0.998562 
841 5.716121 0.000000 1.792820 101.124113 0.022848 -5.433255 -0.025561 
842 6.057242 0.000000 1.792820 99.375544 0.000047 -4.029178 0.010827 
843 5.716121 0.000000 2.116938 102.281169 -0.010218 -2.569384 -0.046804 
844 6.398363 0.000000 1.792820 99.231488 0.077626 -2.340724 0.014763 
845 6.739484 0.000000 1.792820 99.668354 -0.006868 -1.659669 0.006346 
846 6.398363 0.000000 2.116938 100.535305 0.079792 -1.520636 -0.010967 
847 5.545561 0.000000 1.306643 68.488144 -0.004508 -40.092200 0.370199 
848 5.716121 0.000000 1.306643 89.891924 0.104204 -18.301097 0.158450 
849 5.545561 0.000000 1.468702 102.656113 0.037979 -13.319971 -0.071570 
850 12.197421 0.000000 -3.717186 99.310569 0.080276 4.876669 0.011362 
851 12.197421 0.000000 -5.013659 99.326998 -0.008125 5.206514 0.010704 
852 13.561905 0.000000 -3.717186 99.408342 -0.283421 4.830794 0.009456 
853 8.786211 0.000000 -1.772478 98.270833 0.150070 6.596666 0.029930 
854 8.786211 0.000000 -2.420714 98.647324 0.253709 5.791001 0.023511 
855 9.468453 0.000000 -1.772478 98.159510 0.164211 5.680718 0.033241 
856 10.150695 0.000000 -1.772478 98.232981 0.109839 5.092214 0.032434 
857 10.150695 0.000000 -2.420714 98.506317 0.167262 4.874195 0.027272 
858 10.832937 0.000000 -1.772478 98.321964 0.231789 4.656726 0.031105 
859 7.762847 0.000000 -0.800124 96.612940 -0.349783 28.190874 -0.012891 
860 7.762847 0.000000 -1.124242 98.146218 -0.170303 10.929443 0.024784 
861 8.103968 0.000000 -0.800124 95.943212 -0.203617 14.005569 0.059870 
862 12.197421 0.000000 4.061647 99.876127 0.179605 2.799025 0.001689 
863 13.561905 0.000000 4.061647 99.757152 -0.006661 3.180211 0.003840 
864 12.197421 0.000000 5.358119 99.922965 0.061065 3.716187 0.000159 
865 6.227803 0.000000 0.982525 88.380844 1.053476 -0.723030 0.218719 
866 6.057242 0.000000 0.982525 83.924587 0.963185 -0.668689 0.295529 
867 6.227803 0.000000 1.144584 88.726305 1.301351 -0.767255 0.212536 
868 7.080605 0.000000 1.792820 99.995346 -0.048063 -1.519433 -0.000138 
869 7.421726 0.000000 1.792820 99.986451 0.052034 -1.440913 0.000063 
870 7.080605 0.000000 2.116938 100.319198 0.046302 -1.010320 -0.006496 
871 7.762847 0.000000 1.792820 99.909280 0.047239 -1.345978 0.001632 
872 8.103968 0.000000 1.792820 99.727628 0.040120 -1.218577 0.005291 
873 7.762847 0.000000 2.116938 100.134239 0.042636 -0.692368 -0.002735 
874 8.445089 0.000000 -0.800124 95.171497 -0.050414 11.296890 0.081476 
875 8.445089 0.000000 -1.124242 96.796966 0.006698 8.881367 0.055147 
876 8.786211 0.000000 -0.800124 95.552861 -0.003402 9.062978 0.078751 
877 9.127332 0.000000 -0.151888 97.376953 0.147039 13.729160 0.032922 
878 9.127332 0.000000 -0.476006 95.752765 0.001284 8.973346 0.075089 
879 9.468453 0.000000 -0.151888 96.694655 0.339620 22.679892 0.013565 
880 7.933408 0.000000 0.982525 102.186351 0.548905 -3.225641 -0.045276 
881 7.933408 0.000000 0.820466 102.055236 0.541126 -3.137438 -0.042541 
882 7.933408 0.000000 1.144584 101.194852 0.526625 -2.553157 -0.024719 
883 11.515179 0.000000 2.116938 98.959327 0.324339 1.154702 0.020561 
884 12.197421 0.000000 2.116938 99.172303 0.175090 1.539426 0.016245 
885 11.515179 0.000000 2.765175 99.450071 0.316644 1.643291 0.010688 
886 11.515179 0.000000 -1.772478 98.547466 0.263579 4.225593 0.027047 
887 11.515179 0.000000 -2.420714 98.806934 0.196912 4.494610 0.021695 
888 12.197421 0.000000 -1.772478 98.826507 0.048388 3.878011 0.021828 
889 9.809574 0.000000 -0.151888 93.297638 0.490352 33.966350 0.014160 
890 9.809574 0.000000 -0.476006 96.563569 0.157093 9.401897 0.058706 
891 10.150695 0.000000 -0.151888 93.204071 0.257421 12.352369 0.116035 
892 11.174058 0.000000 1.144584 96.393611 0.184371 -0.746645 0.070768 
893 11.515179 0.000000 1.144584 97.422069 0.063548 0.450016 0.050873 
894 11.174058 0.000000 1.468702 97.769163 0.291364 -0.247311 0.044104 
895 5.886682 0.000000 0.658407 75.557198 0.558749 -0.532061 0.429051 
896 5.886682 0.000000 0.496348 -4.353936 0.927905 -1.790583 0.997698 
897 5.886682 0.000000 0.820466 77.650094 0.601257 -0.555088 0.396979 
898 5.204439 0.000000 0.658407 7.651453 -0.215024 -0.297067 0.994132 
899 5.033879 0.000000 0.658407 9.157913 -0.181542 1.694268 0.991323 
900 5.204439 0.000000 0.496348 4.909019 -0.213776 -0.769264 0.997526 
901 6.824764 0.000000 0.739437 96.612240 1.766702 -0.460323 0.066274 
902 6.739484 0.000000 0.739437 96.549063 1.560970 -0.497629 0.067559 
903 6.824764 0.000000 0.658407 96.590363 1.695460 -0.473241 0.066720 
904 7.592287 0.000000 0.334289 0.507807 0.418139 0.921625 0.999872 
905 7.592287 0.000000 0.172230 0.071969 0.317157 1.271532 0.999828 
906 7.592287 0.000000 0.496348 100.819990 0.768841 -2.354658 -0.017081 
907 7.933408 0.000000 0.658407 102.202275 0.547057 -3.236985 -0.045608 
908 7.762847 0.000000 0.658407 101.741311 0.631633 -2.871385 -0.035994 
909 8.103968 0.000000 0.658407 102.876249 0.358896 -3.769570 -0.059786 
910 7.592287 0.000000 0.658407 100.263269 0.148406 -2.350180 -0.005827 
911 8.445089 0.000000 1.792820 99.572884 0.223735 -1.242777 0.008365 
912 8.786211 0.000000 1.792820 99.459508 0.207189 -0.877023 0.010699 
913 8.445089 0.000000 2.116938 99.894964 0.217927 -0.660079 0.002051 
914 9.127332 0.000000 1.792820 99.497802 0.175351 -0.542994 0.009986 
915 9.468453 0.000000 1.792820 99.614057 0.138144 -0.351009 0.007690 
916 9.127332 0.000000 2.116938 99.736475 0.186957 -0.171331 0.005257 
917 7.123245 0.000000 0.779951 97.473531 0.530994 -0.853210 0.049790 
918 7.165886 0.000000 0.779951 97.491037 0.354955 -0.892479 0.049458 
919 7.123245 0.000000 0.820466 97.452913 0.529070 -0.849108 0.050193 
920 6.483643 0.000000 0.415319 -2.816271 -1.337403 -2.289309 0.998504 
921 6.483643 0.000000 0.334289 -3.012138 -0.249234 -0.278581 0.999079 
922 6.568924 0.000000 0.415319 -2.856403 -0.149908 -0.335231 0.999171 
923 0.940426 0.000000 1.144584 97.184661 -0.132440 17.865589 0.023594 
924 0.599305 0.000000 1.144584 96.898298 -0.127208 16.038346 0.035348 
925 0.940426 0.000000 1.468702 98.729019 -0.118323 15.590354 0.000951 
926 0.258184 0.000000 1.144584 96.603120 -0.208237 14.670923 0.045256 
927 -0.082937 0.000000 1.144584 96.413474 -0.132370 13.088968 0.053310 
928 0.258184 0.000000 1.468702 97.787010 -0.176541 13.217339 0.026297 
929 -0.424058 0.000000 1.144584 96.547108 -0.188396 11.801038 0.053936 
930 -0.765179 0.000000 1.144584 96.860684 -0.148298 10.669745 0.050414 
931 -0.424058 0.000000 1.468702 97.558977 -0.193949 11.207225 0.035661 
932 2.304911 0.000000 -0.151888 2.620461 0.064545 -0.340296 0.999301 
933 1.963789 0.000000 -0.151888 4.749465 -0.027645 0.334203 0.997733 
934 2.304911 0.000000 -0.476006 101.353227 -0.066487 -6.699735 -0.031737 
935 1.622668 0.000000 -0.151888 6.940294 -0.020606 0.807546 0.995118 
936 1.622668 0.000000 -0.476006 101.293705 -0.068734 -11.951680 -0.040326 
937 5.886682 0.000000 0.982525 75.801903 0.563024 -0.534621 0.425347 
938 5.886682 0.000000 1.144584 79.251660 0.634089 -0.572766 0.371844 
939 5.886682 0.000000 1.306643 89.535604 0.126436 -10.524877 0.187259 
940 6.057242 0.000000 1.306643 91.719834 0.198250 -5.998499 0.155145 
941 5.886682 0.000000 1.468702 95.066818 0.046674 -8.783890 0.088514 
942 6.227803 0.000000 1.306643 93.942141 0.227720 -3.477978 0.116273 
943 6.398363 0.000000 1.306643 95.944459 0.204550 -2.151793 0.078999 
944 6.227803 0.000000 1.468702 96.182666 0.069999 -3.900834 0.073367 
945 9.127332 0.000000 -0.800124 96.446119 0.017160 7.764506 0.063786 
946 9.127332 0.000000 -1.124242 97.305664 0.134691 7.227835 0.047935 
947 9.468453 0.000000 -0.800124 97.095857 0.189701 7.438678 0.051702 
948 8.274529 0.000000 0.658407 102.149922 0.195389 -3.356551 -0.044591 
949 8.274529 0.000000 0.496348 102.539546 0.270535 -3.575428 -0.052722 
950 8.445089 0.000000 0.658407 102.203005 0.092967 -3.797788 -0.045989 
951 9.809574 0.000000 1.792820 99.664506 0.222292 -0.254785 0.006687 
952 10.150695 0.000000 1.792820 99.517154 0.261754 -0.406176 0.009610 
953 9.809574 0.000000 2.116938 99.543214 0.202336 0.232115 0.009105 
954 10.491816 0.000000 1.792820 99.140402 0.266626 -0.507683 0.017085 
955 10.832937 0.000000 1.792820 98.671169 0.381723 -0.193105 0.026382 
956 10.491816 0.000000 2.116938 99.234638 0.261187 0.388590 0.015227 
957 9.809574 0.000000 -0.800124 97.060404 0.085916 7.061586 0.052940 
958 9.809574 0.000000 -1.124242 97.536680 0.142266 6.072046 0.044971 
959 10.150695 0.000000 -0.800124 96.899863 0.054086 6.392666 0.056955 
960 10.491816 0.000000 -0.151888 93.437315 0.279920 8.094702 0.120387 
961 10.491816 0.000000 -0.476006 95.820114 0.182331 6.440615 0.077699 
962 10.832937 0.000000 -0.151888 94.664336 0.188714 5.153144 0.101207 
963 11.174058 0.000000 -0.151888 95.997206 0.338863 3.562762 0.077173 
964 11.174058 0.000000 -0.476006 96.862057 0.286552 3.862744 0.060274 
965 11.515179 0.000000 -0.151888 97.026174 0.248832 2.861924 0.057767 
966 5.886682 0.000000 0.334289 0.916707 -0.902070 -6.065517 0.996156 
967 5.716121 0.000000 0.334289 -0.347355 -0.701897 -3.740045 0.998540 
968 5.886682 0.000000 0.172230 -0.787363 -0.142934 -2.523116 0.999299 
969 6.824764 0.000000 0.577378 96.679757 1.986567 -0.420455 0.064890 
970 6.739484 0.000000 0.577378 96.553504 1.575433 -0.495006 0.067469 
971 6.824764 0.000000 0.496348 -3.127934 0.424016 -0.111960 0.999002 
972 6.654204 0.000000 0.577378 96.214209 0.470541 -0.695357 0.074212 
973 6.654204 0.000000 0.496348 -2.893336 0.106567 0.276091 0.999154 
974 6.654204 0.000000 0.658407 96.514229 1.447536 -0.518198 0.068264 
975 6.654204 0.000000 0.739437 95.550034 1.243812 -0.581054 0.086831 
976 6.568924 0.000000 0.739437 95.157965 0.938129 -0.645055 0.094367 
977 6.654204 0.000000 0.820466 95.926560 1.230964 -0.653082 0.079615 
978 6.483643 0.000000 0.739437 93.112353 0.814703 -0.725141 0.132890 
979 6.398363 0.000000 0.739437 92.413307 0.892265 -0.731853 0.145845 
980 6.483643 0.000000 0.820466 94.592053 1.059084 -0.724839 0.105070 
981 6.654204 0.000000 0.415319 -3.146850 0.086405 0.096646 0.999008 
982 6.654204 0.000000 0.334289 -3.296086 0.012774 -0.207974 0.998909 
983 6.739484 0.000000 0.415319 -3.273521 0.230494 0.101747 0.998922 
984 -0.253497 0.000000 0.334289 88.471648 -0.244447 15.376803 0.193626 
985 -0.424058 0.000000 0.334289 90.557771 -0.271900 12.814878 0.163500 
986 -0.253497 0.000000 0.496348 91.129682 -0.202286 14.928533 0.147248 
987 11.174058 0.000000 1.792820 98.518404 0.325411 0.337350 0.029390 
988 11.515179 0.000000 1.792820 98.597646 0.327255 0.860895 0.027766 
989 11.174058 0.000000 2.116938 98.926991 0.342696 0.848390 0.021261 
990 1.622668 0.000000 -0.800124 101.303232 -0.067495 -11.237767 -0.038864 
991 1.622668 0.000000 -1.124242 100.696318 -0.070837 -10.812793 -0.025667 
992 1.963789 0.000000 -0.800124 101.493500 -0.058559 -9.402891 -0.038935 
993 2.304911 0.000000 -0.800124 101.893693 -0.063626 -6.661445 -0.042670 
994 2.304911 0.000000 -1.124242 101.352685 -0.066402 -6.730168 -0.031767 
995 6.568924 0.000000 1.306643 97.323808 0.143596 -1.319749 0.052631 
996 6.739484 0.000000 1.306643 98.431629 0.023136 -1.253626 0.030964 
997 6.568924 0.000000 1.468702 98.054030 0.013730 -1.884690 0.038186 
998 6.910045 0.000000 1.306643 99.116621 -0.113468 -1.354211 0.017405 
999 7.080605 0.000000 1.306643 99.665869 -0.119688 -1.587621 0.006418 
1000 6.910045 0.000000 1.468702 99.305640 -0.108362 -1.692998 0.013551 
1001 8.274529 0.000000 0.334289 3.244537 6.043893 0.788672 0.995232 
1002 8.274529 0.000000 0.172230 92.009172 -0.217899 28.889980 0.069963 
1003 8.445089 0.000000 0.334289 4.075767 5.383205 0.891635 0.995361 
1004 8.615650 0.000000 0.658407 102.250704 -0.003019 -4.097306 -0.047199 
1005 8.615650 0.000000 0.496348 102.274565 0.059637 -3.655283 -0.047345 
1006 8.615650 0.000000 0.820466 101.262690 -0.047484 -3.118054 -0.026386 
1007 10.491816 0.000000 -0.800124 96.886784 0.085334 5.600949 0.058157 
1008 10.491816 0.000000 -1.124242 97.518349 0.125450 5.119854 0.046394 
1009 10.832937 0.000000 -0.800124 97.030565 0.105587 4.649283 0.056344 
1010 11.174058 0.000000 -0.800124 97.406668 0.215868 4.036438 0.049560 
1011 11.174058 0.000000 -1.124242 97.890194 0.250517 4.178150 0.039999 
1012 11.515179 0.000000 -0.800124 97.774373 0.120459 3.633771 0.042695 
1013 5.545561 0.000000 0.334289 0.408063 -0.489414 -2.858151 0.999142 
1014 5.375000 0.000000 0.334289 1.511142 -0.339187 -1.991662 0.999363 
1015 5.545561 0.000000 0.172230 -0.839867 -0.166922 -2.668024 0.999215 
1016 5.204439 0.000000 0.334289 2.772437 -0.140790 -1.109175 0.999106 
1017 5.033879 0.000000 0.334289 4.180380 -0.003832 -0.222165 0.998248 
1018 5.204439 0.000000 0.172230 1.254180 -0.039549 -1.390500 0.999649 
1019 6.654204 0.000000 0.901496 95.905236 1.269737 -0.652398 0.080015 
1020 6.568924 0.000000 0.901496 95.190758 0.996080 -0.711002 0.093722 
1021 6.654204 0.000000 0.982525 95.491982 1.272846 -0.577714 0.087933 
1022 6.313083 0.000000 0.739437 89.916353 0.969423 -0.722625 0.191359 
1023 6.227803 0.000000 0.739437 88.417817 1.071653 -0.726376 0.218061 
1024 6.313083 0.000000 0.820466 89.825599 1.009390 -0.728462 0.192981 
1025 8.615650 0.000000 0.982525 102.124920 0.050484 -3.531593 -0.044197 
1026 8.786211 0.000000 0.982525 101.088605 -0.094967 -2.722798 -0.022633 
1027 8.615650 0.000000 1.144584 102.286740 0.060382 -3.665346 -0.047602 
1028 6.824764 0.000000 0.415319 -3.202645 0.330342 0.050917 0.998963 
1029 6.824764 0.000000 0.334289 -3.329972 0.275687 0.138759 0.998882 
1030 6.910045 0.000000 0.415319 -3.062749 0.278303 -0.039918 0.999054 
1031 8.956771 0.000000 0.982525 100.008726 -0.228358 -1.895352 -0.000539 
1032 9.127332 0.000000 0.982525 99.992161 -0.336466 2.181447 -0.000330 
1033 8.956771 0.000000 1.144584 98.543916 -0.279167 -1.092595 0.028782 
1 11 78 76 77 
2 78 10 24 76 
3 76 24 14 79 
4 77 76 79 6 
5 24 82 80 81 
6 82 23 40 80 
7 80 40 27 83 
8 81 80 83 14 
9 40 86 84 85 
10 86 39 56 84 
11 84 56 43 87 
12 85 84 87 27 
13 56 90 88 89 
14 89 88 91 43 
15 6 79 104 105 
16 79 14 36 104 
17 104 36 19 106 
18 105 104 106 20 
19 14 83 107 108 
20 83 27 52 107 
21 107 52 35 109 
22 108 107 109 36 
23 27 87 110 111 
24 87 43 68 110 
25 110 68 51 112 
26 111 110 112 52 
27 43 91 113 114 
28 114 113 115 68 
29 88 118 116 117 
30 117 116 119 91 
31 91 119 129 130 
32 130 129 131 113 
33 116 134 132 133 
34 133 132 135 119 
35 119 135 145 146 
36 146 145 147 129 
37 132 150 148 149 
38 149 148 151 135 
39 12 154 152 153 
40 154 7 155 152 
41 152 155 13 25 
42 153 152 25 10 
43 25 158 156 157 
44 158 13 159 156 
45 156 159 26 41 
46 157 156 41 23 
47 41 162 160 161 
48 162 26 163 160 
49 160 163 42 57 
50 161 160 57 39 
51 57 166 164 165 
52 166 42 167 164 
53 164 167 58 73 
54 165 164 73 55 
55 55 170 168 169 
56 170 73 171 168 
57 168 171 71 101 
58 169 168 101 72 
59 72 174 172 173 
60 174 101 175 172 
61 172 175 99 126 
62 173 172 126 100 
63 100 178 176 177 
64 178 126 179 176 
65 125 182 180 181 
66 182 142 183 180 
67 180 183 140 184 
68 39 187 185 186 
69 187 57 165 185 
70 185 165 55 90 
71 186 185 90 56 
72 90 190 188 189 
73 190 55 169 188 
74 188 169 72 118 
75 189 188 118 88 
76 118 193 191 192 
77 193 72 173 191 
78 191 173 100 134 
79 192 191 134 116 
80 134 196 194 195 
81 196 100 177 194 
82 195 194 150 132 
83 150 199 197 198 
84 199 125 181 197 
85 197 181 141 200 
86 198 197 200 148 
87 201 203 136 204 
88 202 201 204 137 
89 141 184 205 206 
90 184 140 207 205 
91 205 207 144 208 
92 206 205 208 59 
93 181 211 209 210 
94 211 180 212 209 
95 209 212 184 213 
96 210 209 213 141 
97 126 227 226 179 
98 227 99 228 226 
99 226 228 127 229 
100 179 226 229 124 
101 176 232 230 231 
102 232 179 233 230 
103 230 233 124 234 
104 177 237 235 236 
105 237 176 231 235 
106 235 231 142 182 
107 236 235 182 125 
108 124 229 238 143 
109 229 127 239 238 
110 238 239 103 240 
111 143 238 240 128 
112 142 234 241 183 
113 234 124 242 241 
114 241 242 143 243 
115 183 241 243 140 
116 231 246 244 245 
117 246 230 247 244 
118 244 247 234 248 
119 245 244 248 142 
120 128 240 258 203 
121 240 103 259 258 
122 258 259 138 260 
123 203 258 260 136 
124 144 263 261 262 
125 263 128 264 261 
126 261 264 203 265 
127 262 261 265 201 
128 267 218 268 266 
129 266 268 221 269 
130 73 271 270 171 
131 271 58 272 270 
132 270 272 74 219 
133 171 270 219 71 
134 71 275 273 274 
135 275 219 276 273 
136 273 276 218 267 
137 274 273 267 102 
138 102 279 277 278 
139 279 267 280 277 
140 277 280 266 281 
141 278 277 281 224 
142 269 221 283 282 
143 282 283 252 284 
144 19 38 285 286 
145 38 21 287 285 
146 285 287 9 288 
147 286 285 288 22 
148 35 54 289 290 
149 54 37 291 289 
150 289 291 21 292 
151 290 289 292 38 
152 51 70 293 294 
153 70 53 295 293 
154 293 295 37 296 
155 294 293 296 54 
156 67 98 297 298 
157 98 69 299 297 
158 297 299 53 300 
159 298 297 300 70 
160 95 254 301 302 
161 254 97 303 301 
162 301 303 69 304 
163 302 301 304 98 
164 122 284 305 306 
165 284 252 307 305 
166 305 307 254 308 
167 306 305 308 95 
168 311 282 312 309 
169 309 312 284 313 
170 310 309 313 122 
171 96 123 314 315 
172 123 95 302 314 
173 314 302 98 316 
174 315 314 316 67 
175 120 257 317 318 
176 257 122 306 317 
177 317 306 95 319 
178 318 317 319 123 
179 255 322 320 321 
180 320 310 122 323 
181 321 320 323 257 
182 75 326 324 325 
183 326 269 327 324 
184 324 327 282 311 
185 330 311 331 328 
186 328 331 309 332 
187 329 328 332 310 
188 225 335 333 334 
189 335 75 325 333 
190 334 333 322 255 
191 322 338 336 337 
192 338 256 329 336 
193 336 329 310 339 
194 337 336 339 320 
195 325 342 340 341 
196 342 324 343 340 
197 340 343 311 330 
198 341 340 330 256 
199 256 346 344 345 
200 346 330 347 344 
201 344 347 328 348 
202 345 344 348 329 
203 218 354 353 268 
204 268 353 356 221 
205 219 358 357 276 
206 358 74 359 357 
207 357 359 220 354 
208 276 357 354 218 
209 354 369 367 368 
210 369 220 370 367 
211 367 370 355 371 
212 368 367 371 353 
213 221 356 376 283 
214 283 376 377 252 
215 21 46 378 287 
216 46 28 379 378 
217 378 379 30 380 
218 287 378 380 9 
219 37 62 381 291 
220 62 44 382 381 
221 381 382 46 383 
222 291 381 383 21 
223 53 94 384 295 
224 94 60 385 384 
225 384 385 62 386 
226 295 384 386 37 
227 69 251 387 299 
228 251 92 388 387 
229 387 388 94 389 
230 299 387 389 53 
231 97 362 390 303 
232 362 249 391 390 
233 390 391 251 392 
234 303 390 392 69 
235 393 395 362 396 
236 394 393 396 97 
237 7 403 402 155 
238 403 16 404 402 
239 402 404 15 32 
240 155 402 32 13 
241 13 406 405 159 
242 406 32 407 405 
243 405 407 31 48 
244 159 405 48 26 
245 26 409 408 163 
246 409 48 410 408 
247 408 410 47 64 
248 163 408 64 42 
249 42 412 411 167 
250 412 64 413 411 
251 411 413 63 215 
252 167 411 215 58 
253 58 415 414 272 
254 415 215 416 414 
255 414 416 214 350 
256 272 414 350 74 
257 74 418 417 359 
258 418 350 419 417 
259 417 419 349 364 
260 359 417 364 220 
261 15 421 420 33 
262 421 17 422 420 
263 420 422 8 423 
264 33 420 423 18 
265 31 425 424 49 
266 425 33 426 424 
267 424 426 18 427 
268 49 424 427 34 
269 47 429 428 65 
270 429 49 430 428 
271 428 430 34 431 
272 65 428 431 50 
273 433 65 434 432 
274 432 434 50 435 
275 364 446 444 445 
276 446 349 447 444 
277 444 447 365 448 
278 445 444 448 363 
279 18 423 449 45 
280 423 8 450 449 
281 449 450 29 451 
282 45 449 451 28 
283 34 427 452 61 
284 427 18 453 452 
285 452 453 45 454 
286 61 452 454 44 
287 50 431 455 93 
288 431 34 456 455 
289 455 456 61 457 
290 93 455 457 60 
291 435 50 459 458 
292 458 459 93 460 
293 350 472 471 419 
294 472 214 473 471 
295 471 473 351 441 
296 419 471 441 349 
297 349 475 474 447 
298 475 441 476 474 
299 474 476 440 477 
300 447 474 477 365 
301 478 479 249 480 
302 395 478 480 362 
303 481 483 466 484 
304 440 491 489 490 
305 491 442 492 489 
306 489 492 217 493 
307 490 489 493 443 
308 497 499 361 500 
309 483 497 500 466 
310 442 502 501 492 
311 502 485 503 501 
312 501 503 488 504 
313 492 501 504 217 
314 504 488 507 505 
315 510 435 511 509 
316 509 511 458 512 
317 249 463 517 391 
318 463 250 518 517 
319 517 518 92 519 
320 391 517 519 251 
321 520 522 250 523 
322 521 520 523 463 
323 495 526 524 525 
324 524 527 516 528 
325 525 524 528 461 
326 530 432 531 529 
327 529 531 435 510 
328 536 510 537 535 
329 535 537 509 538 
330 514 541 539 540 
331 541 66 542 539 
332 540 539 543 513 
333 513 543 544 527 
334 543 515 545 544 
335 544 545 462 546 
336 527 544 546 516 
337 548 529 549 547 
338 547 549 510 536 
339 66 551 550 542 
340 551 536 552 550 
341 550 552 535 553 
342 542 550 553 515 
343 539 556 554 555 
344 556 542 557 554 
345 554 557 515 558 
346 555 554 558 543 
347 252 377 559 307 
348 559 394 97 560 
349 307 559 560 254 
350 376 563 561 562 
351 562 561 564 377 
352 377 564 565 566 
353 564 253 567 565 
354 565 567 394 568 
355 566 565 568 559 
356 561 571 569 570 
357 571 398 572 569 
358 569 572 253 573 
359 570 569 573 564 
360 580 399 581 578 
361 578 581 397 582 
362 579 578 582 398 
363 356 585 583 584 
364 584 583 563 376 
365 563 588 586 587 
366 588 373 579 586 
367 586 579 398 571 
368 587 586 571 561 
369 575 591 589 590 
370 591 574 592 589 
371 589 592 399 580 
372 590 589 580 373 
373 373 595 593 594 
374 595 580 596 593 
375 593 596 578 597 
376 594 593 597 579 
377 602 605 481 606 
378 603 602 606 469 
379 468 611 609 610 
380 609 603 469 612 
381 610 609 612 467 
382 374 619 617 618 
383 619 604 620 617 
384 617 620 602 621 
385 618 617 621 603 
386 464 625 623 624 
387 625 498 626 623 
388 623 626 497 627 
389 624 623 627 483 
390 577 630 628 629 
391 629 628 632 372 
392 633 521 463 634 
393 479 633 634 249 
394 635 636 496 637 
395 499 635 637 361 
396 465 640 638 639 
397 640 508 641 638 
398 638 641 635 642 
399 639 638 642 499 
400 644 601 645 643 
401 643 645 464 646 
402 613 649 647 648 
403 648 647 651 604 
404 365 477 652 653 
405 477 440 490 652 
406 652 490 443 600 
407 653 652 600 352 
408 352 656 654 655 
409 656 600 657 654 
410 654 657 598 615 
411 615 660 658 659 
412 660 598 661 658 
413 658 661 616 649 
414 659 658 649 613 
415 646 464 624 662 
416 662 624 483 663 
417 605 662 663 481 
418 665 643 666 664 
419 664 666 646 667 
420 649 670 668 669 
421 670 616 671 668 
422 669 668 672 647 
423 600 674 673 657 
424 674 443 675 673 
425 673 675 601 644 
426 657 673 644 598 
427 598 677 676 661 
428 677 644 678 676 
429 676 678 643 665 
430 661 676 665 616 
431 616 680 679 671 
432 680 665 681 679 
433 679 681 664 682 
434 671 679 682 650 
435 604 651 683 620 
436 651 482 684 683 
437 683 684 605 685 
438 620 683 685 602 
439 647 672 686 687 
440 672 650 688 686 
441 686 688 482 689 
442 687 686 689 651 
443 668 692 690 691 
444 692 671 693 690 
445 690 693 650 694 
446 691 690 694 672 
447 439 697 695 696 
448 697 514 540 695 
449 695 540 513 526 
450 696 695 526 495 
451 526 700 698 699 
452 700 513 701 698 
453 698 701 527 702 
454 699 698 702 524 
455 363 448 703 704 
456 448 365 653 703 
457 703 653 352 608 
458 704 703 608 366 
459 366 707 705 706 
460 707 608 708 705 
461 706 705 630 577 
462 630 713 711 712 
463 711 714 631 715 
464 712 711 715 628 
465 608 717 716 708 
466 717 352 655 716 
467 705 720 718 719 
468 720 708 721 718 
469 718 721 607 713 
470 719 718 713 630 
471 607 723 722 714 
472 723 710 724 722 
473 722 724 709 725 
474 714 722 725 631 
475 713 728 726 727 
476 728 607 729 726 
477 726 729 714 730 
478 727 726 730 711 
479 482 667 731 684 
480 667 646 732 731 
481 731 732 662 733 
482 684 731 733 605 
483 488 735 734 507 
484 735 439 696 734 
485 734 696 495 736 
486 736 495 525 737 
487 737 525 461 738 
488 636 737 738 496 
489 507 741 739 740 
490 741 734 742 739 
491 739 742 736 743 
492 740 739 743 494 
493 493 746 744 745 
494 746 217 747 744 
495 744 747 506 748 
496 745 744 748 622 
497 1 751 749 750 
498 751 12 153 749 
499 749 153 10 78 
500 750 749 78 11 
501 16 753 752 404 
502 753 2 754 752 
503 752 754 17 421 
504 404 752 421 15 
505 20 106 755 756 
506 106 19 286 755 
507 755 286 22 757 
508 756 755 757 4 
509 10 760 758 759 
510 760 25 157 758 
511 758 157 23 82 
512 759 758 82 24 
513 28 451 761 379 
514 451 29 762 761 
515 761 762 3 763 
516 379 761 763 30 
517 32 765 764 407 
518 765 15 766 764 
519 764 766 33 425 
520 407 764 425 31 
521 36 109 767 768 
522 109 35 290 767 
523 767 290 38 769 
524 768 767 769 19 
525 23 772 770 771 
526 772 41 161 770 
527 770 161 39 86 
528 771 770 86 40 
529 44 454 773 382 
530 454 45 774 773 
531 773 774 28 775 
532 382 773 775 46 
533 48 777 776 410 
534 777 31 778 776 
535 776 778 49 429 
536 410 776 429 47 
537 52 112 779 780 
538 112 51 294 779 
539 779 294 54 781 
540 780 779 781 35 
541 60 457 782 385 
542 457 61 783 782 
543 782 783 44 784 
544 385 782 784 62 
545 64 786 785 413 
546 786 47 787 785 
547 785 787 65 433 
548 413 785 433 63 
549 68 115 788 789 
550 115 67 298 788 
551 788 298 70 790 
552 789 788 790 51 
553 92 460 791 388 
554 460 93 792 791 
555 791 792 60 793 
556 388 791 793 94 
557 101 795 794 175 
558 795 71 274 794 
559 794 274 102 223 
560 175 794 223 99 
561 113 131 796 797 
562 131 96 315 796 
563 796 315 67 798 
564 797 796 798 115 
565 121 139 799 800 
566 139 120 318 799 
567 799 318 123 801 
568 800 799 801 96 
569 129 147 802 803 
570 147 121 800 802 
571 802 800 96 804 
572 803 802 804 131 
573 140 243 805 207 
574 243 143 806 805 
575 805 806 128 263 
576 207 805 263 144 
577 135 151 807 808 
578 807 202 137 809 
579 808 807 809 145 
580 148 200 810 811 
581 200 141 206 810 
582 810 206 59 812 
583 811 810 812 151 
584 194 815 813 814 
585 815 177 236 813 
586 813 236 125 199 
587 814 813 199 150 
588 59 208 816 817 
589 208 144 262 816 
590 816 262 201 818 
591 817 816 818 202 
592 215 820 819 416 
593 820 63 821 819 
594 819 821 216 437 
595 416 819 437 214 
596 103 823 822 259 
597 823 225 334 822 
598 822 334 255 824 
599 259 822 824 138 
600 138 824 825 826 
601 824 255 321 825 
602 825 321 257 827 
603 826 825 827 120 
604 224 281 828 829 
605 281 266 830 828 
606 828 830 269 326 
607 829 828 326 75 
608 333 833 831 832 
609 833 325 341 831 
610 831 341 256 338 
611 832 831 338 322 
612 353 371 834 835 
613 371 355 836 834 
614 834 836 5 585 
615 835 834 585 356 
616 220 838 837 370 
617 838 364 445 837 
618 837 445 363 839 
619 370 837 839 355 
620 355 839 840 836 
621 839 363 704 840 
622 840 704 366 576 
623 836 840 576 5 
624 253 401 841 567 
625 401 375 842 841 
626 841 842 393 843 
627 567 841 843 394 
628 375 470 844 842 
629 470 360 845 844 
630 844 845 395 846 
631 842 844 846 393 
632 398 582 847 572 
633 582 397 848 847 
634 847 848 401 849 
635 572 847 849 253 
636 63 851 850 821 
637 851 433 852 850 
638 850 852 432 530 
639 821 850 530 216 
640 214 854 853 473 
641 854 437 855 853 
642 853 855 436 486 
643 473 853 486 351 
644 437 857 856 855 
645 857 216 858 856 
646 856 858 438 533 
647 855 856 533 436 
648 441 860 859 476 
649 860 351 861 859 
650 859 861 442 491 
651 476 859 491 440 
652 250 512 862 518 
653 512 458 863 862 
654 862 863 460 864 
655 518 862 864 92 
656 372 632 865 866 
657 632 468 610 865 
658 865 610 467 867 
659 866 865 867 400 
660 360 484 868 845 
661 484 466 869 868 
662 868 869 478 870 
663 845 868 870 395 
664 466 500 871 869 
665 500 361 872 871 
666 871 872 479 873 
667 869 871 873 478 
668 351 875 874 861 
669 875 486 876 874 
670 874 876 485 502 
671 861 874 502 442 
672 485 878 877 503 
673 878 487 879 877 
674 877 879 439 735 
675 503 877 735 488 
676 498 881 880 626 
677 881 465 639 880 
678 880 639 499 882 
679 626 880 882 497 
680 538 509 884 883 
681 883 884 512 885 
682 522 883 885 250 
683 216 887 886 858 
684 887 530 888 886 
685 886 888 529 548 
686 858 886 548 438 
687 487 890 889 879 
688 890 532 891 889 
689 889 891 514 697 
690 879 889 697 439 
691 515 553 892 545 
692 553 535 893 892 
693 892 893 538 894 
694 545 892 894 462 
695 574 896 895 592 
696 896 577 629 895 
697 895 629 372 897 
698 592 895 897 399 
699 583 900 898 899 
700 900 575 590 898 
701 898 590 373 588 
702 899 898 588 563 
703 614 903 901 902 
704 903 613 648 901 
705 901 648 604 619 
706 902 901 619 374 
707 443 905 904 675 
708 905 493 745 904 
709 904 745 622 906 
710 675 904 906 601 
711 622 748 907 908 
712 748 506 909 907 
713 907 909 465 881 
714 908 907 881 498 
715 601 906 910 645 
716 906 622 908 910 
717 910 908 498 625 
718 645 910 625 464 
719 361 637 911 872 
720 637 496 912 911 
721 911 912 633 913 
722 872 911 913 479 
723 496 738 914 912 
724 738 461 915 914 
725 914 915 521 916 
726 912 914 916 633 
727 650 682 917 688 
728 682 664 918 917 
729 917 918 667 919 
730 688 917 919 482 
731 708 921 920 721 
732 921 716 922 920 
733 920 922 710 723 
734 721 920 723 607 
735 136 260 923 924 
736 260 138 826 923 
737 923 826 120 925 
738 924 923 925 139 
739 137 204 926 927 
740 204 136 924 926 
741 926 924 139 928 
742 927 926 928 121 
743 145 809 929 930 
744 809 137 927 929 
745 929 927 121 931 
746 930 929 931 147 
747 222 934 932 933 
748 934 224 829 932 
749 932 829 75 335 
750 933 932 335 225 
751 127 936 935 239 
752 936 222 933 935 
753 935 933 225 823 
754 239 935 823 103 
755 399 897 937 581 
756 897 372 866 937 
757 937 866 400 938 
758 581 937 938 397 
759 397 938 939 848 
760 938 400 940 939 
761 939 940 375 941 
762 848 939 941 401 
763 400 867 942 940 
764 867 467 943 942 
765 942 943 470 944 
766 940 942 944 375 
767 486 946 945 876 
768 946 436 947 945 
769 945 947 487 878 
770 876 945 878 485 
771 506 949 948 909 
772 949 505 950 948 
773 948 950 508 640 
774 909 948 640 465 
775 461 528 951 915 
776 528 516 952 951 
777 951 952 520 953 
778 915 951 953 521 
779 516 546 954 952 
780 546 462 955 954 
781 954 955 522 956 
782 952 954 956 520 
783 436 958 957 947 
784 958 533 959 957 
785 957 959 532 890 
786 947 957 890 487 
787 532 961 960 891 
788 961 534 962 960 
789 960 962 66 541 
790 891 960 541 514 
791 534 964 963 962 
792 964 547 965 963 
793 963 965 536 551 
794 962 963 551 66 
795 576 968 966 967 
796 968 366 706 966 
797 966 706 577 896 
798 967 966 896 574 
799 599 971 969 970 
800 971 615 659 969 
801 969 659 613 903 
802 970 969 903 614 
803 710 973 972 724 
804 973 599 970 972 
805 972 970 614 974 
806 724 972 974 709 
807 709 974 975 976 
808 974 614 902 975 
809 975 902 374 977 
810 976 975 977 611 
811 631 725 978 979 
812 725 709 976 978 
813 978 976 611 980 
814 979 978 980 468 
815 716 982 981 922 
816 982 655 983 981 
817 981 983 599 973 
818 922 981 973 710 
819 151 812 984 985 
820 812 59 817 984 
821 984 817 202 986 
822 985 984 986 807 
823 462 894 987 955 
824 894 538 988 987 
825 987 988 883 989 
826 955 987 989 522 
827 99 991 990 228 
828 991 223 992 990 
829 990 992 222 936 
830 228 990 936 127 
831 223 994 993 992 
832 994 102 278 993 
833 993 278 224 934 
834 992 993 934 222 
835 467 612 995 943 
836 612 469 996 995 
837 995 996 360 997 
838 943 995 997 470 
839 469 606 998 996 
840 606 481 999 998 
841 998 999 484 1000 
842 996 998 1000 360 
843 217 1002 1001 747 
844 1002 504 1003 1001 
845 1001 1003 505 949 
846 747 1001 949 506 
847 505 1005 1004 950 
848 1005 507 740 1004 
849 1004 740 494 1006 
850 950 1004 1006 508 
851 533 1008 1007 959 
852 1008 438 1009 1007 
853 1007 1009 534 961 
854 959 1007 961 532 
855 438 1011 1010 1009 
856 1011 548 1012 1010 
857 1010 1012 547 964 
858 1009 1010 964 534 
859 5 1015 1013 1014 
860 1015 576 967 1013 
861 1013 967 574 591 
862 1014 1013 591 575 
863 585 1018 1016 1017 
864 1018 5 1014 1016 
865 1016 1014 575 900 
866 1017 1016 900 583 
867 611 977 1019 1020 
868 977 374 618 1019 
869 1019 618 603 1021 
870 1020 1019 1021 609 
871 628 715 1022 1023 
872 715 631 979 1022 
873 1022 979 468 1024 
874 1023 1022 1024 632 
875 508 1006 1025 641 
876 1006 494 1026 1025 
877 1025 1026 636 1027 
878 641 1025 1027 635 
879 655 1029 1028 983 
880 1029 654 1030 1028 
881 1028 1030 615 971 
882 983 1028 971 599 
883 494 743 1031 1026 
884 743 736 1032 1031 
885 1031 1032 737 1033 
886 1026 1031 1033 636 
