Force Coefficients for group 0 --> C:/Users/alphamale/Downloads/OpenVSP-3.51.2-win64-Python3.13/G1_4_trial/Tyche_R2T1_G1_4_ANALYSIS 

      Time              Cx               Cy               Cz               Cxo              Cyo              Czo              Cxi              Cyi              Czi              Cmx              Cmy              Cmz             Cmxo            Cmyo              Cmzo             Cmxi             Cmyi             Cmzi              CL               CD               CS              CLo              CDo              CSo              CLi               CDi             CSi              Cwx              Cwy              Cwz              Cxiw             Cyiw             Cziw             CLw              CDw              CSw               CLiw            CDiw             CSiw
  1.000000000000   0.007643191707   0.000000000000   0.000081315242   0.007643191707   0.000000000000   0.000081315242   0.000000000000   0.000000000000   0.000000000000   0.000000000000   0.002648329935   0.000000000000   0.000000000000   0.002648329935   0.000000000000   0.000000000000   0.000000000000   0.000000000000  -0.000452044939   0.007630245541   0.000000000000  -0.000452044939   0.007630245541   0.000000000000   0.000000000000   0.000000000000   0.000000000000   0.007643191707   0.000000000000   0.000081315242   0.000000000000   0.000000000000   0.000000000000  -0.000452044939   0.007630245541   0.000000000000   0.000000000000   0.000000000000   0.000000000000 
  2.000000000000  -0.024769897018  -0.000410159827   0.759695377934   0.011245257402  -0.000000064329  -0.000005524265  -0.036015154420  -0.000410095499   0.759700902198  -0.001503951805  -0.009138679362  -0.000090792068   0.000000281734   0.004571641837   0.000013115150  -0.001504233540  -0.013710321199  -0.000103907218   0.759572658846   0.028284111891  -0.000410159827  -0.000789940311   0.011217479167  -0.000000064329   0.760362599157   0.017066632723  -0.000410095499  -0.016385878179   0.000334820035   0.713445360613  -0.027631135581   0.000334884364   0.713450884878   0.712850464653   0.033421469562   0.000334820035   0.713640404964   0.022203990395   0.000334884364 
  3.000000000000  -0.027421807913  -0.000220492166   0.687541524950   0.010566836948   0.000000000260   0.000010149005  -0.037988644861  -0.000220492425   0.687531375945  -0.000664061839  -0.026300827534   0.000090343213   0.000000045098   0.004206255554   0.000003903426  -0.000664106937  -0.030507083088   0.000086439787   0.687779556975   0.020605462566  -0.000220492166  -0.000726981001   0.010541804623   0.000000000260   0.688506537976   0.010063657943  -0.000220492425  -0.016570443509   0.000030896497   0.641833647908  -0.027137280457   0.000030896237   0.641823498902   0.641426069107   0.028241973267   0.000030896497   0.642153050109   0.017700168644   0.000030896237 
  4.000000000000  -0.026987753470  -0.000277829561   0.692475686714   0.010622141589  -0.000000000696   0.000009058275  -0.037609895059  -0.000277828865   0.692466628439  -0.000336992691  -0.021102121719   0.000072333665   0.000000018099   0.004236919672   0.000001365388  -0.000337010790  -0.025339041391   0.000070968277   0.692671421261   0.021382649400  -0.000277829561  -0.000731926931   0.010596898459  -0.000000000696   0.693403348192   0.010785750941  -0.000277828865  -0.016328895218   0.000013328354   0.648219875694  -0.026951036807   0.000013329050   0.648210817418   0.647779890806   0.028928413889   0.000013328354   0.648511817737   0.018331515430   0.000013329050 
  5.000000000000  -0.025537093196  -0.000280881437   0.690230890951   0.010615529626  -0.000000000128   0.000009233048  -0.036152622822  -0.000280881309   0.690221657904  -0.000313514193  -0.023280557840   0.000078929218   0.000000016891   0.004233467534   0.000001261601  -0.000313531084  -0.027514025374   0.000077667617   0.690330900763   0.022673186901  -0.000280881437  -0.000731291357   0.010590314794  -0.000000000128   0.691062192120   0.012082872107  -0.000280881309  -0.016130962676   0.000008775705   0.647465186303  -0.026746492301   0.000008775834   0.647455953256   0.647013232725   0.029073219807   0.000008775705   0.647744524083   0.018482905013   0.000008775834 
  6.000000000000  -0.028282672496  -0.001371831460   0.692325331363   0.010613969419   0.000000000179   0.000009234715  -0.038896641915  -0.001371831639   0.692316096648  -0.000266505467  -0.019311749171  -0.000062287421   0.000000014315   0.004232464874   0.000001072631  -0.000266519782  -0.023544214046  -0.000063360052   0.692611761154   0.020080396472  -0.001371831460  -0.000731180859   0.010588758504   0.000000000179   0.693342942013   0.009491637968  -0.001371831639  -0.016302841085  -0.000020727207   0.647471097038  -0.026916810504  -0.000020727386   0.647461862323   0.647031118694   0.028902172397  -0.000020727207   0.647762299553   0.018313413893  -0.000020727386 
  7.000000000000  -0.025660771326  -0.001695293303   0.690082014584   0.010611731383   0.000000002871   0.000009280256  -0.036272502710  -0.001695296174   0.690072734328  -0.000253774374  -0.021308762380  -0.000203558511   0.000000008510   0.004231239322   0.000000823527  -0.000253782885  -0.025540001702  -0.000204382038   0.690191014402   0.022539424955  -0.001695293303  -0.000730979312   0.010586529097   0.000000002871   0.690921993713   0.011952895858  -0.001695296174  -0.015689094224   0.000017997564   0.647124285955  -0.026300825607   0.000017994693   0.647115005698   0.646642339608   0.029490231883   0.000017997564   0.647373318919   0.018903702786   0.000017994693 
  8.000000000000  -0.025221601857  -0.002199353389   0.692542198102   0.010585061296  -0.000000016471   0.000009987920  -0.035806663153  -0.002199336918   0.692532210182  -0.000559528064  -0.029314332578  -0.000378320961   0.000000082573   0.004217301818   0.000003915679  -0.000559610637  -0.033531634396  -0.000382236641   0.692614570122   0.023149138357  -0.002199353389  -0.000728412960   0.010559973341  -0.000000016471   0.693342983082   0.012589165015  -0.002199336918  -0.015986666428   0.000078269697   0.643279740972  -0.026571727725   0.000078286168   0.643269753052   0.642827917332   0.028925202649   0.000078269697   0.643556330292   0.018365229308   0.000078286168 
  9.000000000000  -0.024602183209  -0.000149173531   0.687685240787   0.010585895214  -0.000000010108   0.000010010871  -0.035188078423  -0.000149163423   0.687675229916  -0.000545955310  -0.014723904125   0.000282450401   0.000000062461   0.004217946373   0.000003208259  -0.000546017772  -0.018941850498   0.000279242142   0.687726235651   0.023428243916  -0.000149173531  -0.000728448237   0.010560806828  -0.000000010108   0.688454683887   0.012867437088  -0.000149163423  -0.015331868831   0.000075757074   0.644458359990  -0.025917764045   0.000075767182   0.644448349119   0.643957988921   0.029660621499   0.000075757074   0.644686437158   0.019099814671   0.000075767182 
 10.000000000000  -0.026639166635   0.000393118953   0.688364640325   0.010590422757  -0.000000007244   0.000009869214  -0.037229589391   0.000393126197   0.688354771110  -0.000457024698  -0.018606496444  -0.000118572646   0.000000051849   0.004220205574   0.000002763454  -0.000457076547  -0.022826702018  -0.000121336100   0.688546072986   0.021443614996   0.000393118953  -0.000728905374   0.010565313461  -0.000000007244   0.689274978359   0.010878301535   0.000393126197  -0.016213971306   0.000042086705   0.644749928793  -0.026804394063   0.000042093949   0.644740059579   0.644310379836   0.028801006593   0.000042086705   0.645039285209   0.018235693132   0.000042093949 
 11.000000000000  -0.025515020318  -0.000400470830   0.688988328967   0.010594263990  -0.000000006476   0.000009752570  -0.036109284308  -0.000400464355   0.688978576396  -0.000447211045  -0.017619670322   0.000315948135   0.000000042454   0.004222147715   0.000002213633  -0.000447253499  -0.021841818037   0.000313734502   0.689089825871   0.022608529269  -0.000400470830  -0.000729289684   0.010569137200  -0.000000006476   0.689819115555   0.012039392068  -0.000400464355  -0.016233798385   0.000033932375   0.645359181081  -0.026828062375   0.000033938851   0.645349428511   0.644919531083   0.028823727102   0.000033932375   0.645648820767   0.018254589902   0.000033938851 
 12.000000000000  -0.024902842838   0.000544636182   0.690303746366   0.010603116479   0.000000004499   0.000009477384  -0.035505959317   0.000544631683   0.690294268982  -0.000064832474  -0.021550325112   0.000184487306  -0.000000016365   0.004226598767  -0.000000829093  -0.000064816109  -0.025776923880   0.000185316399   0.690359335637   0.023310974395   0.000544636182  -0.000730181718   0.010577948929   0.000000004499   0.691089517355   0.012733025465   0.000544631683  -0.016864485112  -0.000079591532   0.646169782055  -0.027467601591  -0.000079596031   0.646160304671   0.645772151955   0.028251121363  -0.000079591532   0.646502333674   0.017673172434  -0.000079596031 
 13.000000000000  -0.027247269396   0.001692238770   0.691384898179   0.010619448962   0.000000012868   0.000008977941  -0.037866718358   0.001692225902   0.691375920238  -0.000069383247  -0.016693866785  -0.000050717642  -0.000000033193   0.004234823541  -0.000001143672  -0.000069350054  -0.020928690326  -0.000049573969   0.691601392748   0.021047676080   0.001692238770  -0.000731819241   0.010594206787   0.000000012868   0.692333211990   0.010453469292   0.001692225902  -0.016719343696  -0.000035498445   0.647723906802  -0.027338792658  -0.000035511312   0.647714928861   0.647312366379   0.028504319484  -0.000035498445   0.648044185620   0.017910112696  -0.000035511312 
 14.000000000000  -0.025885188889   0.000678927149   0.690516041494   0.010616957692   0.000000006014   0.000009070330  -0.036502146581   0.000678921135   0.690506971165  -0.000124421206  -0.018556597154   0.000422239707  -0.000000015063   0.004233645940  -0.000000544631  -0.000124406143  -0.022790243094   0.000422784338   0.690639638622   0.022345830249   0.000678927149  -0.000731553296   0.010591728031   0.000000006014   0.691371191917   0.011754102218   0.000678921135  -0.016321510993  -0.000031947365   0.647348116951  -0.026938468685  -0.000031953379   0.647339046621   0.646909740526   0.028874969311  -0.000031947365   0.647641293822   0.018283241280  -0.000031953379 
 15.000000000000  -0.027930606397   0.000753910748   0.689054919171   0.010601342617  -0.000000001614   0.000009523041  -0.038531949014   0.000753912362   0.689045396130  -0.000298553395  -0.020218945905   0.000242292927   0.000000019092   0.004225655625   0.000001090461  -0.000298572487  -0.024444601530   0.000241202466   0.689324756632   0.020203472534   0.000753910748  -0.000730012435   0.010576182573  -0.000000001614   0.690054769066   0.009627289961   0.000753912362  -0.016274798802   0.000008327465   0.645754469096  -0.026876141419   0.000008329079   0.645744946055   0.645316716241   0.028810400459   0.000008327465   0.646046728675   0.018234217886   0.000008329079 
 16.000000000000  -0.025284691891  -0.000263295478   0.688837543838   0.010600296550  -0.000000001062   0.000009554460  -0.035884988441  -0.000263294416   0.688827989377  -0.000262988509  -0.022670508863  -0.000033762257   0.000000017637   0.004225128883   0.000001026148  -0.000263006147  -0.026895637746  -0.000034788405   0.688923341148   0.022827778389  -0.000263295478  -0.000729908122   0.010575141246  -0.000000001062   0.689653249269   0.012252637143  -0.000263294416  -0.016214002757   0.000022830091   0.645675748740  -0.026814299306   0.000022831154   0.645666194279   0.645233946725   0.028865557153   0.000022830091   0.645963854847   0.018290415908   0.000022831154 
 17.000000000000  -0.021974819737   0.000106859071   0.689211270875   0.010596655781   0.000000002401   0.000009677754  -0.032571475518   0.000106856670   0.689201593121  -0.000306968049  -0.019517604482   0.000085567604   0.000000009089   0.004223351619   0.000000759730  -0.000306977138  -0.023740956101   0.000084807874   0.689065272795   0.026155657741   0.000106859071  -0.000729531161   0.010571517946   0.000000002401   0.689794803956   0.015584139795   0.000106856670  -0.016160820769  -0.000031621498   0.645279404830  -0.026757476549  -0.000031623899   0.645269727076   0.644834858501   0.028890962039  -0.000031621498   0.645564389663   0.018319444093  -0.000031623899 
 18.000000000000  -0.027367270106  -0.000948666843   0.690001954262   0.010601926489   0.000000002996   0.000009545537  -0.037969196594  -0.000948669839   0.689992408725  -0.000277061643  -0.017643095284   0.000133774573   0.000000006087   0.004226133929   0.000000631130  -0.000277067730  -0.021869229213   0.000133143444   0.690230188440   0.020831498395  -0.000948666843  -0.000730030722   0.010576766591   0.000000002996   0.690960219162   0.010254731803  -0.000948669839  -0.016717818916   0.000008853707   0.646190701960  -0.027319745404   0.000008850711   0.646181156423   0.645782789984   0.028398889586   0.000008853707   0.646512820706   0.017822122995   0.000008850711 
 19.000000000000  -0.025568002484   0.000027252398   0.690589496649   0.010611128443  -0.000000006538   0.000009238445  -0.036179130927   0.000027258936   0.690580258204  -0.000295018466  -0.022417290350  -0.000327580638   0.000000025771   0.004230649790   0.000001274006  -0.000295044237  -0.026647940140  -0.000328854645   0.690690789038   0.022667367976   0.000027252398  -0.000730978962   0.010585924708  -0.000000006538   0.691421768000   0.012081443267   0.000027258936  -0.016165998378   0.000055933071   0.646961468550  -0.026777126821   0.000055939610   0.646952230105   0.646513185970   0.029003131876   0.000055933071   0.647244164932   0.018417207167   0.000055939610 
 20.000000000000  -0.026905523958  -0.000550354169   0.689462575022   0.010604218898  -0.000000005299   0.000009474473  -0.037509742856  -0.000550348871   0.689453100549  -0.000265382678  -0.019213400024  -0.000040778945   0.000000025826   0.004227288317   0.000001256149  -0.000265408504  -0.023440688341  -0.000042035094   0.689659913317   0.021254494558  -0.000550354169  -0.000730261523   0.010579048460  -0.000000005299   0.690390174840   0.010675446099  -0.000550348871  -0.016082251092   0.000044792627   0.646262236136  -0.026686469990   0.000044797926   0.646252761663   0.645809814936   0.029037899170   0.000044792627   0.646540076459   0.018458850711   0.000044797926 
