2 0.000000 100.000000 407.315828
644 550 
1 -53.750000 0.000000 -54.600000 99.756211 -0.000000 6.975252 0.000004 
2 64.500000 0.000000 -54.600000 99.756262 -0.000000 6.976015 0.000002 
3 64.500000 0.000000 54.680500 99.756210 -0.000000 6.975269 0.000004 
4 -53.750000 0.000000 54.680500 99.756266 -0.000000 6.976028 0.000002 
5 5.375000 0.000000 0.040250 -3.670688 0.014275 0.291316 0.998644 
6 -53.750000 0.000000 0.040250 99.755075 -0.000000 6.975694 0.000026 
7 5.375000 0.000000 -54.600000 99.757262 -0.000000 6.975564 -0.000017 
8 64.500000 0.000000 0.040250 99.755162 -0.000000 6.975688 0.000025 
9 5.375000 0.000000 54.680500 99.757254 -0.000000 6.975502 -0.000017 
10 -24.187500 0.000000 -27.279875 99.754875 0.000000 6.972402 0.000035 
11 -53.750000 0.000000 -27.279875 99.755629 -0.000000 6.975108 0.000016 
12 -24.187500 0.000000 -54.600000 99.756546 -0.000000 6.974877 -0.000002 
13 5.375000 0.000000 -27.279875 99.763131 0.000001 6.975234 -0.000134 
14 -24.187500 0.000000 0.040250 99.745109 0.000000 6.976059 0.000225 
15 34.937500 0.000000 -27.279875 99.755265 -0.000000 6.978545 0.000019 
16 34.937500 0.000000 -54.600000 99.756613 -0.000000 6.976311 -0.000005 
17 64.500000 0.000000 -27.279875 99.755736 -0.000000 6.976181 0.000013 
18 34.937500 0.000000 0.040250 99.746536 -0.000002 6.975971 0.000196 
19 -24.187500 0.000000 27.360375 99.755337 -0.000000 6.978757 0.000017 
20 -53.750000 0.000000 27.360375 99.755710 -0.000000 6.976219 0.000013 
21 5.375000 0.000000 27.360375 99.763002 -0.000003 6.974284 -0.000130 
22 -24.187500 0.000000 54.680500 99.756646 -0.000000 6.976310 -0.000006 
23 -9.406250 0.000000 -13.619812 99.745005 0.000007 6.948044 0.000266 
24 -24.187500 0.000000 -13.619812 99.749987 0.000000 6.971058 0.000134 
25 -9.406250 0.000000 -27.279875 99.757728 0.000001 6.969518 -0.000018 
26 5.375000 0.000000 -13.619812 99.806018 0.000020 6.976091 -0.000991 
27 -9.406250 0.000000 0.040250 99.648011 0.000014 6.980140 0.002155 
28 34.937500 0.000000 27.360375 99.754865 -0.000001 6.972664 0.000035 
29 64.500000 0.000000 27.360375 99.755665 -0.000000 6.975145 0.000015 
30 34.937500 0.000000 54.680500 99.756514 -0.000000 6.974889 -0.000001 
31 20.156250 0.000000 -13.619812 99.747722 -0.000003 6.998317 0.000142 
32 20.156250 0.000000 -27.279875 99.757983 -0.000000 6.980876 -0.000039 
33 34.937500 0.000000 -13.619812 99.751121 -0.000001 6.979866 0.000100 
34 20.156250 0.000000 0.040250 99.674160 -0.000029 6.978618 0.001636 
35 -9.406250 0.000000 13.700313 99.749063 -0.000004 7.001643 0.000110 
36 -24.187500 0.000000 13.700313 99.750706 -0.000000 6.980491 0.000107 
37 5.375000 0.000000 13.700313 99.804055 -0.000037 6.962428 -0.000932 
38 -9.406250 0.000000 27.360375 99.758513 -0.000001 6.980847 -0.000049 
39 -2.015625 0.000000 -6.789781 99.696265 0.039004 6.725560 0.001542 
40 -9.406250 0.000000 -6.789781 99.700756 0.000016 6.931827 0.001171 
41 -2.015625 0.000000 -13.619812 99.770838 0.000020 6.928736 -0.000223 
42 5.375000 0.000000 -6.789781 100.214862 0.026931 7.051144 -0.009274 
43 -2.015625 0.000000 0.040250 97.769416 -0.082259 7.139605 0.039016 
44 20.156250 0.000000 13.700313 99.744656 -0.000011 6.952183 0.000267 
45 34.937500 0.000000 13.700313 99.750563 -0.000002 6.971667 0.000122 
46 20.156250 0.000000 27.360375 99.757218 -0.000002 6.969694 -0.000008 
47 12.765625 0.000000 -6.789781 99.703511 -0.000032 7.150108 0.000809 
48 12.765625 0.000000 -13.619812 99.768359 -0.000000 7.015118 -0.000294 
49 20.156250 0.000000 -6.789781 99.714921 -0.000013 7.010224 0.000779 
50 12.765625 0.000000 0.040250 98.695821 0.003077 7.073790 0.020910 
51 -2.015625 0.000000 6.870281 99.735522 -0.000061 7.196308 0.000104 
52 -9.406250 0.000000 6.870281 99.708357 -0.000002 7.021169 0.000895 
53 5.375000 0.000000 6.870281 100.185444 -0.034665 6.821741 -0.008366 
54 -2.015625 0.000000 13.700313 99.776458 -0.000017 7.013967 -0.000454 
55 1.679688 0.000000 -3.374765 100.164564 0.022998 5.319840 -0.006124 
56 -2.015625 0.000000 -3.374765 99.176267 -0.015871 6.341873 0.012385 
57 1.679688 0.000000 -6.789781 100.052527 0.025419 6.640406 -0.005460 
58 5.375000 0.000000 -3.374765 100.978377 -0.046148 7.261115 -0.024936 
59 1.679688 0.000000 0.040250 7.638103 -0.070826 1.957975 0.993782 
60 -38.968750 0.000000 -13.619812 99.753888 0.000000 6.974561 0.000052 
61 -53.750000 0.000000 -13.619812 99.755238 -0.000000 6.975289 0.000024 
62 -38.968750 0.000000 -27.279875 99.755153 0.000000 6.974363 0.000027 
63 -38.968750 0.000000 0.040250 99.753196 -0.000000 6.975761 0.000064 
64 -16.796875 0.000000 -6.789781 99.734778 0.000002 6.965887 0.000445 
65 -24.187500 0.000000 -6.789781 99.746563 0.000000 6.972541 0.000201 
66 -16.796875 0.000000 -13.619812 99.746161 0.000002 6.964604 0.000220 
67 -16.796875 0.000000 0.040250 99.728233 0.000002 6.976714 0.000560 
68 -5.710938 0.000000 -3.374765 99.542929 0.000079 6.861761 0.004412 
69 -9.406250 0.000000 -3.374765 99.664570 0.000019 6.943861 0.001876 
70 -5.710938 0.000000 -6.789781 99.672650 0.000051 6.867850 0.001820 
71 -5.710938 0.000000 0.040250 99.442857 0.068700 6.986713 0.006230 
72 12.765625 0.000000 6.870281 99.682396 -0.000143 6.788582 0.001734 
73 20.156250 0.000000 6.870281 99.710021 -0.000023 6.942608 0.000971 
74 12.765625 0.000000 13.700313 99.762977 -0.000027 6.930812 -0.000069 
75 1.679688 0.000000 3.455266 100.393104 -0.003433 8.232453 -0.014655 
76 -2.015625 0.000000 3.455266 99.337371 -0.031069 7.593123 0.007443 
77 5.375000 0.000000 3.455266 100.699565 -0.027521 6.306000 -0.018017 
78 1.679688 0.000000 6.870281 100.090840 0.006285 7.227523 -0.007041 
79 -0.167969 0.000000 -1.667258 97.361586 -0.053253 3.077543 0.051125 
80 -2.015625 0.000000 -1.667258 98.377561 -0.047807 6.245681 0.028284 
81 -0.167969 0.000000 -3.374765 99.364776 -0.029653 5.582069 0.009548 
82 1.679688 0.000000 -1.667258 100.524866 -0.011582 0.592984 -0.010560 
83 -0.167969 0.000000 0.040250 78.730431 -0.045623 14.753203 0.358386 
84 9.070312 0.000000 -3.374765 99.407338 0.046416 7.986429 0.005440 
85 9.070312 0.000000 -6.789781 99.845599 -0.029215 7.234212 -0.002148 
86 12.765625 0.000000 -3.374765 99.445667 -0.089549 7.322132 0.005694 
87 9.070312 0.000000 0.040250 99.428551 0.056760 13.828896 -0.007728 
88 3.527344 0.000000 -1.667258 102.031230 0.059222 4.200312 -0.042802 
89 3.527344 0.000000 -3.374765 100.838903 0.022385 6.078670 -0.020544 
90 5.375000 0.000000 -1.667258 104.735797 0.019498 7.290450 -0.102274 
91 3.527344 0.000000 0.040250 4.989780 0.040000 0.252477 0.997504 
92 -38.968750 0.000000 13.700313 99.754060 -0.000000 6.976877 0.000045 
93 -53.750000 0.000000 13.700313 99.755296 -0.000000 6.976078 0.000022 
94 -38.968750 0.000000 27.360375 99.755342 -0.000000 6.976952 0.000019 
95 -16.796875 0.000000 6.870281 99.736456 -0.000000 6.986655 0.000383 
96 -24.187500 0.000000 6.870281 99.747095 -0.000000 6.979380 0.000181 
97 -16.796875 0.000000 13.700313 99.747866 -0.000001 6.986774 0.000155 
98 -5.710938 0.000000 3.455266 99.567052 0.000008 7.100830 0.003598 
99 -9.406250 0.000000 3.455266 99.670937 0.000004 7.013610 0.001651 
100 -5.710938 0.000000 6.870281 99.690883 -0.000011 7.080923 0.001159 
101 -0.167969 0.000000 1.747758 98.031200 -0.079734 9.940710 0.029106 
102 -2.015625 0.000000 1.747758 98.646938 -0.052407 7.780205 0.020825 
103 1.679688 0.000000 1.747758 101.316635 -0.052352 12.522375 -0.042187 
104 -0.167969 0.000000 3.455266 99.566991 -0.034854 8.178261 0.001953 
105 0.755859 0.000000 -0.813504 100.596082 -0.019346 -11.059296 -0.024188 
106 -0.167969 0.000000 -0.813504 89.691963 -0.037719 -2.313356 0.195000 
107 0.755859 0.000000 -1.667258 98.674499 -0.037116 1.274375 0.026172 
108 1.679688 0.000000 -0.813504 104.343740 -0.019209 -11.483559 -0.101949 
109 0.755859 0.000000 0.040250 94.795569 -0.093046 34.916153 -0.020535 
110 -3.863281 0.000000 -1.667258 99.194693 0.038522 6.693668 0.011561 
111 -5.710938 0.000000 -1.667258 99.467998 0.066355 6.905310 0.005843 
112 -3.863281 0.000000 -3.374765 99.400869 0.021382 6.712326 0.007441 
113 -3.863281 0.000000 0.040250 99.052669 -0.021862 7.019923 0.013929 
114 -1.091797 0.000000 -0.813504 95.930032 -0.018356 5.603601 0.076603 
115 -2.015625 0.000000 -0.813504 97.883565 -0.083166 6.613372 0.037506 
116 -1.091797 0.000000 -1.667258 97.690882 -0.035259 5.300632 0.042839 
117 -1.091797 0.000000 0.040250 95.241597 -0.017933 7.532727 0.087230 
118 9.070312 0.000000 3.455266 99.481408 0.067939 5.858745 0.006912 
119 12.765625 0.000000 3.455266 99.396298 -0.026557 6.560198 0.007734 
120 9.070312 0.000000 6.870281 99.822665 -0.000319 6.685782 -0.000926 
121 3.527344 0.000000 1.747758 102.616018 0.058041 5.738238 -0.056298 
122 5.375000 0.000000 1.747758 102.037300 0.003809 4.893601 -0.043556 
123 3.527344 0.000000 3.455266 100.891983 0.001782 7.181502 -0.023077 
124 0.755859 0.000000 0.894004 95.608588 -0.048428 17.150394 0.056486 
125 -0.167969 0.000000 0.894004 95.137580 -0.062616 12.397675 0.079513 
126 1.679688 0.000000 0.894004 103.027074 -0.039382 32.904611 -0.169729 
127 0.755859 0.000000 1.747758 98.795737 -0.034817 11.680656 0.010296 
128 0.293945 0.000000 -0.386627 -1.466120 0.029836 0.943939 0.999696 
129 -0.167969 0.000000 -0.386627 74.883083 -0.046809 0.344045 0.439240 
130 0.293945 0.000000 -0.813504 96.781370 -0.046850 -15.066924 0.040635 
131 0.755859 0.000000 -0.386627 100.658776 -0.018628 -12.358585 -0.028492 
132 0.293945 0.000000 0.040250 52.615078 -0.124700 61.842358 0.340716 
133 -3.863281 0.000000 1.747758 99.262774 -0.020354 7.320508 0.009331 
134 -5.710938 0.000000 1.747758 99.484226 0.061395 7.062552 0.005301 
135 -3.863281 0.000000 3.455266 99.459140 0.054719 7.232898 0.005556 
136 -1.091797 0.000000 0.894004 96.834960 -0.052488 8.604330 0.054895 
137 -2.015625 0.000000 0.894004 98.106455 -0.067863 7.597556 0.031740 
138 -1.091797 0.000000 1.747758 98.168744 -0.108514 8.455253 0.029139 
139 -0.629883 0.000000 -0.386627 91.086526 -0.040598 5.578820 0.167212 
140 -1.091797 0.000000 -0.386627 95.212510 -0.015718 6.440868 0.089309 
141 -0.629883 0.000000 -0.813504 93.549769 -0.013970 3.801355 0.123399 
142 -0.629883 0.000000 0.040250 91.335089 -0.041354 8.559718 0.158463 
143 0.293945 0.000000 0.467127 93.787034 -0.067244 24.621670 0.059776 
144 -0.167969 0.000000 0.467127 90.497170 -0.029804 15.026214 0.158447 
145 0.755859 0.000000 0.467127 95.298025 -0.088900 30.883834 -0.003553 
146 0.293945 0.000000 0.894004 95.613845 -0.052786 15.060915 0.063116 
147 0.062988 0.000000 -0.173188 34.171454 -0.152122 37.454822 0.742942 
148 -0.167969 0.000000 -0.173188 72.986742 -0.048207 8.983505 0.459223 
149 0.062988 0.000000 -0.386627 42.547947 -0.007758 -29.488081 0.732013 
150 0.293945 0.000000 -0.173188 -1.162760 0.020342 1.853858 0.999521 
151 0.062988 0.000000 0.040250 45.567631 -0.138661 62.078462 0.406984 
152 -9.406250 0.000000 -40.939937 99.757444 0.000000 6.973899 -0.000018 
153 -24.187500 0.000000 -40.939937 99.756281 0.000000 6.974058 0.000005 
154 -9.406250 0.000000 -54.600000 99.756991 -0.000000 6.974994 -0.000011 
155 5.375000 0.000000 -40.939937 99.758427 0.000000 6.975474 -0.000040 
156 -2.015625 0.000000 -20.449844 99.765278 0.000004 6.962395 -0.000159 
157 -9.406250 0.000000 -20.449844 99.755910 0.000002 6.962768 0.000028 
158 -2.015625 0.000000 -27.279875 99.761218 0.000001 6.970676 -0.000089 
159 5.375000 0.000000 -20.449844 99.772012 0.000003 6.975063 -0.000311 
160 1.679688 0.000000 -10.204797 99.833094 0.000084 6.889115 -0.001411 
161 -2.015625 0.000000 -10.204797 99.764410 0.000055 6.873546 -0.000018 
162 1.679688 0.000000 -13.619812 99.795760 0.000025 6.941884 -0.000738 
163 5.375000 0.000000 -10.204797 99.865090 0.000066 6.981320 -0.002178 
164 -0.167969 0.000000 -5.082273 99.813871 0.020898 6.288581 -0.000236 
165 -2.015625 0.000000 -5.082273 99.649978 0.034817 6.479228 0.002790 
166 -0.167969 0.000000 -6.789781 99.784012 0.058709 6.659660 -0.000120 
167 1.679688 0.000000 -5.082273 100.007027 -0.011965 6.315789 -0.004129 
168 0.755859 0.000000 -2.521012 99.276994 -0.017082 4.137215 0.012696 
169 -0.167969 0.000000 -2.521012 98.666411 -0.094384 4.858306 0.024133 
170 0.755859 0.000000 -3.374765 99.659195 -0.036964 5.347669 0.003945 
171 1.679688 0.000000 -2.521012 100.202853 -0.048145 3.992302 -0.005655 
172 0.293945 0.000000 -1.240381 97.035629 -0.044735 -1.324604 0.058233 
173 -0.167969 0.000000 -1.240381 95.447165 -0.026902 1.160007 0.088849 
174 0.293945 0.000000 -1.667258 97.917535 -0.032508 1.983643 0.040822 
175 0.755859 0.000000 -1.240381 98.163481 -0.050056 -1.414915 0.036193 
176 0.062988 0.000000 -0.600065 76.009634 -0.051436 -18.668331 0.387403 
177 -0.167969 0.000000 -0.600065 83.090618 -0.041844 -3.224412 0.308555 
178 0.062988 0.000000 -0.813504 89.587603 -0.041387 -9.244836 0.188859 
179 0.293945 0.000000 -0.600065 83.168733 -0.016352 -46.724279 0.089980 
180 2.603516 0.000000 -0.813504 104.823096 0.010380 -3.086731 -0.099741 
181 2.603516 0.000000 -1.667258 102.498520 0.000983 2.372809 -0.051158 
182 3.527344 0.000000 -0.813504 104.490980 0.027584 0.050067 -0.091837 
183 2.603516 0.000000 0.040250 2.464721 -0.023397 0.823840 0.999325 
184 1.217773 0.000000 -0.386627 101.758416 -0.021287 -12.313186 -0.050639 
185 1.217773 0.000000 -0.813504 102.463955 -0.018445 -12.814364 -0.066307 
186 1.679688 0.000000 -0.386627 103.632083 -0.021286 -11.152355 -0.086398 
187 1.217773 0.000000 0.040250 94.795569 -0.093046 34.916153 -0.020535 
188 0.524902 0.000000 -0.173188 0.475048 0.001627 1.448761 0.999768 
189 0.524902 0.000000 -0.386627 -0.065219 0.001054 3.146772 0.999009 
190 0.755859 0.000000 -0.173188 5.560458 -0.003009 1.368568 0.996721 
191 0.524902 0.000000 0.040250 -0.835720 0.001522 -1.027071 0.999825 
192 0.178467 0.000000 -0.279908 33.878868 -0.176319 43.136320 0.699145 
193 0.062988 0.000000 -0.279908 36.694084 -0.074380 7.615801 0.859554 
194 0.178467 0.000000 -0.386627 48.035373 0.024415 -44.179974 0.574073 
195 0.293945 0.000000 -0.279908 -0.810323 0.022929 1.448595 0.999724 
196 0.178467 0.000000 -0.173188 35.521339 -0.161099 38.656792 0.724386 
197 0.524902 0.000000 -0.600065 98.997070 -0.033568 -19.124510 -0.016617 
198 0.524902 0.000000 -0.813504 100.080565 -0.029553 -11.959230 -0.015914 
199 0.755859 0.000000 -0.600065 100.464356 -0.018500 -10.499713 -0.020333 
200 0.178467 0.000000 -0.493346 58.507985 0.016995 -52.044176 0.386822 
201 0.062988 0.000000 -0.493346 49.266521 0.022861 -48.785482 0.519279 
202 0.178467 0.000000 -0.600065 74.000119 -0.001056 -52.743209 0.174214 
203 0.293945 0.000000 -0.493346 73.689974 0.001853 -51.868780 0.187942 
204 2.603516 0.000000 0.894004 109.116149 0.029386 9.544559 -0.199743 
205 3.527344 0.000000 0.894004 105.730764 0.051206 0.040615 -0.117900 
206 2.603516 0.000000 1.747758 104.022456 0.019498 9.171456 -0.090479 
207 1.217773 0.000000 0.467127 97.454555 -0.079090 35.440105 -0.075340 
208 1.679688 0.000000 0.467127 102.568713 -0.042535 33.291275 -0.162865 
209 1.217773 0.000000 0.894004 100.142444 -0.065224 36.004400 -0.132483 
210 0.524902 0.000000 0.253689 92.992339 -0.083203 32.449671 0.029944 
211 0.293945 0.000000 0.253689 76.562886 -0.089499 54.669225 0.114939 
212 0.755859 0.000000 0.253689 95.504533 -0.087437 28.699786 0.005520 
213 0.524902 0.000000 0.467127 95.544971 -0.079353 24.438033 0.027393 
214 1.217773 0.000000 -1.240381 98.705641 -0.035840 -2.277700 0.025201 
215 1.217773 0.000000 -1.667258 99.398044 -0.037049 0.788661 0.011941 
216 1.679688 0.000000 -1.240381 104.392376 -0.018017 -9.899971 -0.099578 
217 0.986816 0.000000 -0.600065 101.520154 -0.016313 -12.928280 -0.047348 
218 0.986816 0.000000 -0.813504 101.670313 -0.017750 -12.774233 -0.050003 
219 1.217773 0.000000 -0.600065 102.440690 -0.018225 -12.838116 -0.065891 
220 0.986816 0.000000 -0.386627 101.660862 -0.013951 -13.294449 -0.051167 
221 0.986816 0.000000 0.253689 95.938393 -0.087936 33.069404 -0.029777 
222 0.986816 0.000000 0.040250 95.345360 -0.096489 35.247902 -0.033316 
223 1.217773 0.000000 0.253689 97.316209 -0.080958 35.455959 -0.072758 
224 0.986816 0.000000 0.467127 95.996988 -0.087812 35.185103 -0.045342 
225 2.141602 0.000000 0.467127 106.796989 -0.008456 26.769732 -0.212222 
226 2.141602 0.000000 0.040250 4.635522 -0.007220 1.373804 0.997662 
227 2.603516 0.000000 0.467127 109.473926 0.028423 14.171640 -0.218538 
228 2.141602 0.000000 0.894004 107.146862 -0.000102 24.212498 -0.206670 
229 3.527344 0.000000 -5.082273 100.235869 -0.037636 6.606603 -0.009088 
230 3.527344 0.000000 -6.789781 100.184422 0.020658 6.812793 -0.008333 
231 5.375000 0.000000 -5.082273 100.284698 0.050418 7.063177 -0.010691 
232 2.603516 0.000000 -2.521012 101.129561 0.032368 4.643350 -0.024875 
233 2.603516 0.000000 -3.374765 100.597652 -0.007040 5.611175 -0.015137 
234 3.527344 0.000000 -2.521012 101.412692 0.040693 5.435968 -0.031409 
235 7.222656 0.000000 -1.667258 100.403583 0.007450 11.341236 -0.020950 
236 7.222656 0.000000 -3.374765 100.300779 0.027931 8.182101 -0.012719 
237 9.070312 0.000000 -1.667258 98.769685 0.041262 9.857868 0.014737 
238 7.222656 0.000000 0.040250 -5.514635 0.006872 0.948772 0.996869 
239 4.451172 0.000000 -0.813504 105.221624 0.031957 0.091278 -0.107160 
240 4.451172 0.000000 -1.667258 102.602535 0.021011 4.389398 -0.054655 
241 5.375000 0.000000 -0.813504 108.336455 0.010687 6.106279 -0.177407 
242 4.451172 0.000000 0.040250 3.905133 -0.002769 0.289040 0.998467 
243 3.065430 0.000000 -1.240381 104.076283 0.029340 0.000000 -0.083187 
244 2.603516 0.000000 -1.240381 104.650388 -0.000740 -4.515741 -0.097210 
245 3.065430 0.000000 -1.667258 102.399419 -0.002614 3.569664 -0.049838 
246 3.527344 0.000000 -1.240381 105.590140 0.023647 0.182047 -0.114931 
247 3.065430 0.000000 -0.813504 104.770532 0.028129 0.099970 -0.097688 
248 7.222656 0.000000 1.747758 100.644964 0.003465 2.814620 -0.013733 
249 9.070312 0.000000 1.747758 98.851628 0.039930 3.996652 0.021238 
250 7.222656 0.000000 3.455266 100.195790 0.010406 5.702615 -0.007172 
251 4.451172 0.000000 0.894004 104.244571 0.021042 0.088859 -0.086694 
252 5.375000 0.000000 0.894004 101.933730 0.029211 -0.161553 -0.039051 
253 4.451172 0.000000 1.747758 101.663052 0.013935 5.468171 -0.036528 
254 3.065430 0.000000 0.467127 106.803103 0.041995 0.000000 -0.140690 
255 3.065430 0.000000 0.040250 3.117292 0.054499 0.413383 0.999011 
256 3.527344 0.000000 0.467127 106.976083 0.054591 0.139453 -0.144390 
257 3.065430 0.000000 0.894004 107.483707 0.040271 0.061452 -0.155275 
258 4.451172 0.000000 -2.521012 101.721182 0.017713 6.197418 -0.038561 
259 4.451172 0.000000 -3.374765 100.993803 0.055586 6.621307 -0.024359 
260 5.375000 0.000000 -2.521012 102.001884 0.007874 7.430483 -0.045960 
261 3.989258 0.000000 -1.240381 105.725923 0.037358 0.174674 -0.117800 
262 3.989258 0.000000 -1.667258 102.007392 0.025142 4.330250 -0.042426 
263 4.451172 0.000000 -1.240381 104.409951 0.032828 0.000000 -0.090144 
264 3.989258 0.000000 -0.813504 104.694806 0.035099 0.062440 -0.096101 
265 3.989258 0.000000 0.467127 105.709844 0.021565 0.158124 -0.117460 
266 3.989258 0.000000 0.040250 5.467316 0.004910 0.233346 0.997005 
267 4.451172 0.000000 0.467127 103.416502 0.021639 0.000000 -0.069497 
268 3.989258 0.000000 0.894004 105.046034 0.030620 0.057347 -0.103467 
269 6.298828 0.000000 -0.813504 100.165210 0.018234 28.616743 -0.085199 
270 6.298828 0.000000 -1.667258 102.357382 0.021577 11.484159 -0.060892 
271 7.222656 0.000000 -0.813504 102.187187 0.029295 13.977951 -0.063761 
272 6.298828 0.000000 0.040250 -7.071983 -0.019007 0.027617 0.994999 
273 4.913086 0.000000 -1.240381 104.617440 0.028603 0.000000 -0.094481 
274 4.913086 0.000000 -1.667258 103.704589 0.014710 5.097495 -0.078063 
275 5.375000 0.000000 -1.240381 109.312516 0.020435 5.754009 -0.198234 
276 4.913086 0.000000 -0.813504 105.978481 0.025773 0.051457 -0.123144 
277 20.156250 0.000000 -40.939937 99.757536 -0.000000 6.977082 -0.000025 
278 20.156250 0.000000 -54.600000 99.757032 -0.000000 6.976150 -0.000013 
279 34.937500 0.000000 -40.939937 99.756427 -0.000000 6.977049 -0.000002 
280 12.765625 0.000000 -20.449844 99.764944 0.000000 6.986903 -0.000186 
281 12.765625 0.000000 -27.279875 99.761231 0.000000 6.979690 -0.000102 
282 20.156250 0.000000 -20.449844 99.756536 -0.000001 6.986587 -0.000018 
283 9.070312 0.000000 -10.204797 99.816681 0.000019 7.056238 -0.001316 
284 9.070312 0.000000 -13.619812 99.791382 0.000008 7.006602 -0.000741 
285 12.765625 0.000000 -10.204797 99.759513 -0.000005 7.057097 -0.000176 
286 7.222656 0.000000 -5.082273 100.064460 0.088423 7.398033 -0.006763 
287 7.222656 0.000000 -6.789781 100.106282 0.000847 7.236572 -0.007364 
288 9.070312 0.000000 -5.082273 100.061829 0.095225 7.649878 -0.007090 
289 6.298828 0.000000 -2.521012 101.314540 0.014828 8.728240 -0.034082 
290 6.298828 0.000000 -3.374765 100.782576 0.006745 7.883328 -0.021927 
291 7.222656 0.000000 -2.521012 100.445108 0.019826 9.203246 -0.017392 
292 5.836914 0.000000 -1.240381 107.510052 0.031797 13.627750 -0.174413 
293 5.836914 0.000000 -1.667258 104.165532 0.017712 10.071904 -0.095190 
294 6.298828 0.000000 -1.240381 102.473145 -0.016141 15.401633 -0.073796 
295 5.836914 0.000000 -0.813504 106.106566 0.004945 23.466173 -0.180926 
296 4.913086 0.000000 -0.386627 104.617440 0.028603 0.000000 -0.094481 
297 4.451172 0.000000 -0.386627 104.405683 0.032915 0.000000 -0.090055 
298 5.375000 0.000000 -0.386627 -4.000855 0.014722 -1.438894 0.998192 
299 4.913086 0.000000 0.040250 0.593473 -0.002674 0.348303 0.999953 
300 5.144043 0.000000 -1.026942 106.941391 0.020153 1.412089 -0.143846 
301 4.913086 0.000000 -1.026942 106.013292 0.025738 0.059184 -0.123882 
302 5.144043 0.000000 -1.240381 106.873230 0.023412 0.000000 -0.142189 
303 5.375000 0.000000 -1.026942 108.279644 0.011181 5.869197 -0.175893 
304 5.144043 0.000000 -0.813504 106.912952 0.021492 0.844899 -0.143109 
305 6.298828 0.000000 0.894004 102.248119 0.002570 -0.831716 -0.045537 
306 7.222656 0.000000 0.894004 101.766015 0.022449 -1.095629 -0.035752 
307 6.298828 0.000000 1.747758 101.536745 0.007130 3.549910 -0.032231 
308 5.836914 0.000000 0.467127 -6.564341 0.001181 0.446223 0.995671 
309 5.375000 0.000000 0.467127 -4.400857 0.013060 2.124827 0.997612 
310 5.836914 0.000000 0.040250 -6.162393 0.001281 0.134740 0.996201 
311 6.298828 0.000000 0.467127 -7.143699 -0.018851 0.255848 0.994890 
312 5.836914 0.000000 0.894004 102.424314 0.019837 -0.652900 -0.049117 
313 4.913086 0.000000 0.467127 102.795842 0.020581 0.000000 -0.056699 
314 4.913086 0.000000 0.894004 102.884217 0.026043 0.053099 -0.058517 
315 20.156250 0.000000 41.020438 99.757310 -0.000001 6.973864 -0.000016 
316 5.375000 0.000000 41.020438 99.758402 -0.000001 6.975282 -0.000039 
317 34.937500 0.000000 41.020438 99.756225 -0.000000 6.974122 0.000006 
318 20.156250 0.000000 54.680500 99.756948 -0.000000 6.974967 -0.000010 
319 12.765625 0.000000 20.530344 99.763219 -0.000008 6.961806 -0.000117 
320 5.375000 0.000000 20.530344 99.771610 -0.000009 6.972143 -0.000299 
321 20.156250 0.000000 20.530344 99.755006 -0.000005 6.963748 0.000045 
322 12.765625 0.000000 27.360375 99.760560 -0.000003 6.970257 -0.000075 
323 9.070312 0.000000 10.285297 99.805362 -0.000093 6.878139 -0.000842 
324 5.375000 0.000000 10.285297 99.859162 -0.000104 6.942365 -0.002005 
325 12.765625 0.000000 10.285297 99.749274 -0.000058 6.886356 0.000266 
326 9.070312 0.000000 13.700313 99.786427 -0.000036 6.935322 -0.000543 
327 7.222656 0.000000 5.162774 100.014948 0.037299 6.463767 -0.004477 
328 5.375000 0.000000 5.162774 100.212511 0.022363 6.713803 -0.008762 
329 9.070312 0.000000 5.162774 100.032839 -0.048442 6.247277 -0.004560 
330 7.222656 0.000000 6.870281 99.990530 -0.065676 6.694078 -0.004292 
331 6.298828 0.000000 2.601512 100.851809 0.020379 5.174007 -0.019786 
332 5.375000 0.000000 2.601512 101.178853 -0.029693 5.788747 -0.027067 
333 7.222656 0.000000 2.601512 100.388384 -0.024148 4.815358 -0.010102 
334 6.298828 0.000000 3.455266 100.500120 0.010115 5.896859 -0.013505 
335 5.836914 0.000000 1.320881 102.884109 0.013669 2.661600 -0.059222 
336 5.375000 0.000000 1.320881 103.009276 0.028747 4.370362 -0.063001 
337 6.298828 0.000000 1.320881 102.035190 -0.041955 1.908192 -0.041482 
338 5.836914 0.000000 1.747758 101.967241 -0.016130 4.121815 -0.041431 
339 5.605957 0.000000 0.680566 102.171332 0.024649 -0.398809 -0.043914 
340 5.375000 0.000000 0.680566 101.931443 0.029321 -0.158351 -0.039005 
341 5.605957 0.000000 0.467127 -5.899207 -0.012193 1.268967 0.996359 
342 5.836914 0.000000 0.680566 102.384291 0.019396 -0.630275 -0.048294 
343 5.605957 0.000000 0.894004 102.144361 0.024499 -0.381060 -0.043362 
344 49.718750 0.000000 -13.619812 99.754219 -0.000000 6.976752 0.000042 
345 49.718750 0.000000 -27.279875 99.755370 -0.000000 6.976856 0.000019 
346 64.500000 0.000000 -13.619812 99.755359 -0.000000 6.976043 0.000020 
347 49.718750 0.000000 0.040250 99.753471 -0.000001 6.975744 0.000058 
348 27.546875 0.000000 -6.789781 99.739070 -0.000004 6.984530 0.000333 
349 27.546875 0.000000 -13.619812 99.748288 -0.000002 6.985208 0.000149 
350 34.937500 0.000000 -6.789781 99.748121 -0.000002 6.978793 0.000161 
351 27.546875 0.000000 0.040250 99.732898 -0.000006 6.976430 0.000468 
352 16.460938 0.000000 -3.374765 99.613806 -0.000059 7.057188 0.002729 
353 16.460938 0.000000 -6.789781 99.695353 -0.000024 7.053958 0.001108 
354 20.156250 0.000000 -3.374765 99.688993 -0.000022 7.002624 0.001307 
355 16.460938 0.000000 0.040250 99.545601 -0.000104 6.984782 0.004189 
356 10.917969 0.000000 -1.667258 98.621028 0.089453 8.413474 0.020310 
357 10.917969 0.000000 -3.374765 99.390549 0.112987 7.741063 0.006158 
358 12.765625 0.000000 -1.667258 99.064648 0.053724 7.338775 0.013233 
359 10.917969 0.000000 0.040250 94.033674 0.115714 9.813503 0.106135 
360 8.146484 0.000000 -0.813504 97.244365 0.035153 16.778713 0.026201 
361 8.146484 0.000000 -1.667258 99.267458 0.049502 10.905409 0.002704 
362 9.070312 0.000000 -0.813504 97.341932 0.056020 11.879334 0.038343 
363 8.146484 0.000000 0.040250 95.414511 0.064557 31.130723 -0.007305 
364 6.760742 0.000000 -0.386627 98.123675 0.010793 17.058374 0.008076 
365 6.298828 0.000000 -0.386627 98.318480 0.019875 27.432853 -0.041909 
366 6.760742 0.000000 -0.813504 98.013242 0.011410 17.695005 0.008029 
367 7.222656 0.000000 -0.386627 101.499636 0.025138 14.707122 -0.051848 
368 6.760742 0.000000 0.040250 -7.343587 0.001808 0.231267 0.994602 
369 5.836914 0.000000 -0.386627 -6.155097 0.001071 -0.556204 0.996181 
370 6.760742 0.000000 -1.240381 100.313881 0.012543 13.798972 -0.025329 
371 6.760742 0.000000 -1.667258 101.054202 0.008990 11.517728 -0.034461 
372 7.222656 0.000000 -1.240381 100.317339 0.025607 13.103094 -0.023526 
373 6.529785 0.000000 -0.600065 97.680232 0.018167 24.422850 -0.013790 
374 6.298828 0.000000 -0.600065 99.517184 0.018804 28.197682 -0.069878 
375 6.529785 0.000000 -0.813504 98.156889 0.019671 27.113015 -0.036989 
376 6.760742 0.000000 -0.600065 98.056815 0.011167 17.443810 0.008057 
377 6.529785 0.000000 -0.386627 97.785191 0.016180 22.961040 -0.008915 
378 49.718750 0.000000 13.700313 99.754077 -0.000000 6.974670 0.000048 
379 64.500000 0.000000 13.700313 99.755309 -0.000000 6.975317 0.000022 
380 49.718750 0.000000 27.360375 99.755207 -0.000000 6.974464 0.000026 
381 27.546875 0.000000 6.870281 99.737899 -0.000006 6.967756 0.000380 
382 34.937500 0.000000 6.870281 99.747724 -0.000002 6.973012 0.000177 
383 27.546875 0.000000 13.700313 99.747002 -0.000004 6.966263 0.000201 
384 16.460938 0.000000 3.455266 99.599186 -0.000093 6.901416 0.003237 
385 20.156250 0.000000 3.455266 99.685022 -0.000029 6.952915 0.001455 
386 16.460938 0.000000 6.870281 99.684122 -0.000056 6.896773 0.001551 
387 10.917969 0.000000 1.747758 98.124948 0.092478 4.657284 0.034980 
388 12.765625 0.000000 1.747758 98.936422 0.003859 6.605407 0.016795 
389 10.917969 0.000000 3.455266 99.339430 -0.005977 6.130499 0.009409 
390 8.146484 0.000000 0.894004 101.874674 0.031119 -3.172352 -0.038851 
391 9.070312 0.000000 0.894004 98.763150 0.048581 2.391883 0.024012 
392 8.146484 0.000000 1.747758 99.396208 0.045556 2.900336 0.011198 
393 6.760742 0.000000 0.467127 -7.370717 -0.003853 -0.081096 0.994567 
394 7.222656 0.000000 0.467127 101.503561 0.022503 -1.111266 -0.030421 
395 6.760742 0.000000 0.894004 101.550888 0.011219 -0.514387 -0.031285 
396 6.760742 0.000000 1.320881 101.512755 -0.003978 1.458829 -0.030697 
397 7.222656 0.000000 1.320881 100.964505 0.023918 0.798032 -0.019447 
398 6.760742 0.000000 1.747758 101.120396 -0.009578 3.119443 -0.023507 
399 6.529785 0.000000 0.680566 101.899097 0.002095 -0.719905 -0.038394 
400 6.298828 0.000000 0.680566 102.222204 0.002808 -0.819817 -0.045005 
401 6.529785 0.000000 0.467127 -7.209116 -0.027848 -0.008450 0.994803 
402 6.760742 0.000000 0.680566 101.553055 0.011083 -0.516421 -0.031329 
403 6.529785 0.000000 0.894004 102.039290 -0.000192 -0.822294 -0.041269 
404 7.684570 0.000000 -0.386627 98.868291 0.038501 28.747120 -0.060134 
405 7.684570 0.000000 -0.813504 98.870459 0.038176 28.849621 -0.060767 
406 8.146484 0.000000 -0.386627 95.677123 0.060806 32.079661 -0.018322 
407 7.684570 0.000000 0.040250 98.870459 0.038176 28.849621 -0.060767 
408 7.684570 0.000000 0.467127 101.556923 0.023189 -2.371851 -0.031943 
409 8.146484 0.000000 0.467127 102.732516 0.029642 -3.630172 -0.056715 
410 7.684570 0.000000 0.894004 101.941544 0.023219 -2.472940 -0.039819 
411 9.994141 0.000000 -0.813504 97.660373 0.085795 10.950388 0.034253 
412 9.994141 0.000000 -1.667258 98.577086 0.073413 8.941960 0.020259 
413 10.917969 0.000000 -0.813504 97.500214 0.110235 8.933092 0.041390 
414 9.994141 0.000000 0.040250 91.383643 0.090509 38.316166 0.018089 
415 8.608398 0.000000 -0.386627 94.990301 0.078046 27.552856 0.021768 
416 8.608398 0.000000 -0.813504 96.536783 0.034917 13.846095 0.048893 
417 9.070312 0.000000 -0.386627 96.368462 0.050459 12.688584 0.055212 
418 8.608398 0.000000 0.040250 96.296617 0.069651 23.707198 0.016493 
419 9.994141 0.000000 0.894004 106.228829 0.082865 7.610931 -0.134250 
420 10.917969 0.000000 0.894004 90.797759 0.113349 2.506349 0.174947 
421 9.994141 0.000000 1.747758 99.149112 0.080957 4.274854 0.015117 
422 8.608398 0.000000 0.467127 101.542889 0.019399 -3.233312 -0.032141 
423 9.070312 0.000000 0.467127 97.951202 0.047317 -1.085847 0.040438 
424 8.608398 0.000000 0.894004 100.689863 0.024533 -2.599251 -0.014521 
425 9.532227 0.000000 0.467127 95.284856 0.075084 36.833862 -0.043594 
426 9.532227 0.000000 0.040250 98.530491 0.056428 25.892010 -0.037866 
427 9.994141 0.000000 0.467127 94.138618 0.064322 25.592325 0.048295 
428 9.532227 0.000000 0.894004 101.135932 0.058251 9.580078 -0.032026 
429 10.917969 0.000000 5.162774 99.605884 -0.082744 6.545823 0.003581 
430 12.765625 0.000000 5.162774 99.585505 -0.000245 6.706217 0.003775 
431 10.917969 0.000000 6.870281 99.728406 -0.000220 6.720431 0.000908 
432 9.994141 0.000000 2.601512 99.113656 0.093391 5.498383 0.014624 
433 9.070312 0.000000 2.601512 99.397491 0.102129 5.091993 0.009420 
434 10.917969 0.000000 2.601512 99.020961 0.012931 5.675992 0.016263 
435 9.994141 0.000000 3.455266 99.402113 0.063573 5.895198 0.008446 
436 9.532227 0.000000 1.320881 98.760324 0.020995 4.569883 0.022551 
437 9.070312 0.000000 1.320881 97.974483 0.045572 3.340644 0.038984 
438 9.994141 0.000000 1.320881 100.053054 0.086936 3.783607 -0.002494 
439 9.532227 0.000000 1.747758 99.018670 0.087699 4.401731 0.017592 
440 9.301270 0.000000 0.680566 100.085042 0.044713 4.976984 -0.004179 
441 9.070312 0.000000 0.680566 99.351419 0.044564 1.931545 0.012556 
442 9.301270 0.000000 0.467127 97.533761 0.055050 7.559213 0.043002 
443 9.532227 0.000000 0.680566 101.406812 0.056650 9.031623 -0.036491 
444 9.301270 0.000000 0.894004 99.634743 0.046765 5.453221 0.004318 
445 14.613281 0.000000 1.747758 99.391056 -0.039933 6.877936 0.007411 
446 14.613281 0.000000 0.040250 99.350490 -0.046022 7.002405 0.008044 
447 16.460938 0.000000 1.747758 99.558522 -0.000107 6.934072 0.004002 
448 14.613281 0.000000 3.455266 99.508604 -0.000201 6.819697 0.005153 
449 11.841797 0.000000 0.894004 97.619231 0.088976 6.473923 0.042857 
450 11.841797 0.000000 0.040250 97.629462 0.099183 7.357348 0.041435 
451 12.765625 0.000000 0.894004 98.717475 -0.000086 6.791574 0.020873 
452 11.841797 0.000000 1.747758 98.449402 0.020378 6.118138 0.027028 
453 10.456055 0.000000 0.467127 79.003107 0.115731 35.978810 0.246402 
454 10.456055 0.000000 0.040250 91.271066 0.082580 15.644918 0.142482 
455 10.917969 0.000000 0.467127 89.939349 0.116116 8.714620 0.183496 
456 10.456055 0.000000 0.894004 90.620668 0.071367 -6.739032 0.174247 
457 10.456055 0.000000 1.320881 98.632475 0.023982 1.378746 0.026973 
458 10.917969 0.000000 1.320881 96.614335 0.099316 3.290840 0.065483 
459 10.456055 0.000000 1.747758 98.629761 0.032124 4.168464 0.025479 
460 14.613281 0.000000 -1.667258 99.427916 -0.000187 7.103498 0.006363 
461 14.613281 0.000000 -3.374765 99.541417 -0.000105 7.136126 0.004058 
462 16.460938 0.000000 -1.667258 99.569190 -0.000084 7.031642 0.003653 
463 11.841797 0.000000 -0.813504 98.302373 0.076007 7.720934 0.027702 
464 11.841797 0.000000 -1.667258 98.836765 0.012204 7.696904 0.017205 
465 12.765625 0.000000 -0.813504 98.871722 0.010107 7.280966 0.017137 
466 11.379883 0.000000 0.467127 95.727457 0.031019 7.038395 0.078671 
467 11.379883 0.000000 0.040250 96.404195 0.026213 7.943728 0.064313 
468 11.841797 0.000000 0.467127 97.465157 0.095076 6.932945 0.045247 
469 11.379883 0.000000 0.894004 96.103852 0.018569 5.860755 0.072970 
470 10.687012 0.000000 0.680566 71.755547 0.095133 15.715184 0.460417 
471 10.456055 0.000000 0.680566 84.438067 0.080236 6.616652 0.282643 
472 10.687012 0.000000 0.467127 69.612663 0.132531 43.096915 0.329672 
473 10.917969 0.000000 0.680566 63.377608 0.131893 43.167365 0.411984 
474 10.687012 0.000000 0.894004 79.233003 0.072294 -13.196548 0.354798 
475 -38.968750 0.000000 -40.939937 99.755946 -0.000000 6.974703 0.000010 
476 -53.750000 0.000000 -40.939937 99.755985 -0.000000 6.975139 0.000009 
477 -38.968750 0.000000 -54.600000 99.756286 -0.000000 6.975050 0.000003 
478 49.718750 0.000000 -40.939937 99.756066 -0.000000 6.976514 0.000006 
479 49.718750 0.000000 -54.600000 99.756352 -0.000000 6.976186 0.000000 
480 64.500000 0.000000 -40.939937 99.756062 -0.000000 6.976131 0.000006 
481 -9.406250 0.000000 41.020438 99.757655 -0.000001 6.977002 -0.000027 
482 -24.187500 0.000000 41.020438 99.756495 -0.000000 6.977084 -0.000004 
483 -9.406250 0.000000 54.680500 99.757066 -0.000000 6.976110 -0.000014 
484 -38.968750 0.000000 41.020438 99.756079 -0.000000 6.976556 0.000005 
485 -53.750000 0.000000 41.020438 99.756058 -0.000000 6.976156 0.000006 
486 -38.968750 0.000000 54.680500 99.756368 -0.000000 6.976200 -0.000000 
487 -16.796875 0.000000 -20.449844 99.752839 0.000001 6.967804 0.000082 
488 -24.187500 0.000000 -20.449844 99.753014 0.000000 6.971407 0.000074 
489 -16.796875 0.000000 -27.279875 99.755556 0.000000 6.970782 0.000024 
490 49.718750 0.000000 41.020438 99.755945 -0.000000 6.974755 0.000010 
491 64.500000 0.000000 41.020438 99.755996 -0.000000 6.975167 0.000009 
492 49.718750 0.000000 54.680500 99.756275 -0.000000 6.975071 0.000003 
493 27.546875 0.000000 -20.449844 99.753732 -0.000001 6.982459 0.000044 
494 27.546875 0.000000 -27.279875 99.755966 -0.000000 6.979888 0.000003 
495 34.937500 0.000000 -20.449844 99.753693 -0.000001 6.979460 0.000049 
496 -2.015625 0.000000 20.530344 99.766755 -0.000006 6.985593 -0.000220 
497 -9.406250 0.000000 20.530344 99.757645 -0.000003 6.987111 -0.000041 
498 -2.015625 0.000000 27.360375 99.761749 -0.000002 6.979060 -0.000111 
499 -16.796875 0.000000 20.530344 99.753970 -0.000001 6.983127 0.000038 
500 -24.187500 0.000000 20.530344 99.753643 -0.000000 6.979871 0.000049 
501 -16.796875 0.000000 27.360375 99.756225 -0.000001 6.980104 -0.000003 
502 -5.710938 0.000000 -10.204797 99.731727 0.000026 6.907340 0.000587 
503 -9.406250 0.000000 -10.204797 99.729193 0.000011 6.937810 0.000595 
504 -5.710938 0.000000 -13.619812 99.752174 0.000012 6.935646 0.000140 
505 27.546875 0.000000 20.530344 99.752798 -0.000002 6.968628 0.000082 
506 34.937500 0.000000 20.530344 99.753177 -0.000001 6.971859 0.000070 
507 27.546875 0.000000 27.360375 99.755369 -0.000001 6.971112 0.000027 
508 16.460938 0.000000 -10.204797 99.737072 -0.000009 7.028739 0.000311 
509 16.460938 0.000000 -13.619812 99.753332 -0.000003 7.008304 0.000016 
510 20.156250 0.000000 -10.204797 99.735608 -0.000007 7.005923 0.000373 
511 1.679688 0.000000 10.285297 99.840265 -0.000072 7.034541 -0.001756 
512 -2.015625 0.000000 10.285297 99.777560 -0.000032 7.062573 -0.000544 
513 1.679688 0.000000 13.700313 99.798494 -0.000029 6.996842 -0.000870 
514 -5.710938 0.000000 10.285297 99.741893 -0.000012 7.038969 0.000201 
515 -9.406250 0.000000 10.285297 99.735154 -0.000004 7.012676 0.000372 
516 -5.710938 0.000000 13.700313 99.757675 -0.000009 7.011378 -0.000075 
517 -3.863281 0.000000 -5.082273 99.571981 0.057302 6.750356 0.003985 
518 -5.710938 0.000000 -5.082273 99.616568 0.000067 6.854027 0.002956 
519 -3.863281 0.000000 -6.789781 99.669482 0.000094 6.806793 0.001966 
520 16.460938 0.000000 10.285297 99.730012 -0.000031 6.920232 0.000604 
521 20.156250 0.000000 10.285297 99.731485 -0.000016 6.945269 0.000539 
522 16.460938 0.000000 13.700313 99.748946 -0.000017 6.940571 0.000198 
523 3.527344 0.000000 5.162774 100.252107 -0.049973 7.118693 -0.010116 
524 1.679688 0.000000 5.162774 100.086174 -0.089600 7.455221 -0.007283 
525 3.527344 0.000000 6.870281 100.203603 -0.014356 7.043632 -0.009038 
526 -0.167969 0.000000 5.162774 99.877970 -0.060737 7.552411 -0.003265 
527 -2.015625 0.000000 5.162774 99.695378 0.034879 7.398686 0.000609 
528 -0.167969 0.000000 6.870281 99.818874 0.006691 7.230937 -0.001609 
529 -1.091797 0.000000 -2.521012 98.649862 -0.036652 5.680058 0.023594 
530 -2.015625 0.000000 -2.521012 98.857637 -0.026041 6.232427 0.018832 
531 -1.091797 0.000000 -3.374765 99.197153 -0.022438 5.981218 0.012415 
532 10.917969 0.000000 -5.082273 99.663140 -0.073076 7.376880 0.001283 
533 10.917969 0.000000 -6.789781 99.752227 -0.000018 7.208372 -0.000247 
534 12.765625 0.000000 -5.082273 99.619797 -0.000076 7.226538 0.002367 
535 -3.863281 0.000000 5.162774 99.608879 0.043641 7.189094 0.002639 
536 -5.710938 0.000000 5.162774 99.639210 -0.000005 7.099577 0.002162 
537 -3.863281 0.000000 6.870281 99.696680 -0.000027 7.133866 0.000968 
538 -0.629883 0.000000 -1.240381 95.929169 -0.025684 3.832793 0.078290 
539 -1.091797 0.000000 -1.240381 96.888739 -0.021677 5.285358 0.058464 
540 -0.629883 0.000000 -1.667258 97.356506 -0.028367 4.363163 0.050267 
541 4.451172 0.000000 2.601512 101.329366 0.007943 6.363043 -0.030813 
542 3.527344 0.000000 2.601512 101.590746 0.026288 7.042254 -0.037027 
543 4.451172 0.000000 3.455266 100.843001 0.009392 6.681875 -0.021396 
544 2.603516 0.000000 2.601512 101.618596 -0.013627 8.267236 -0.039469 
545 1.679688 0.000000 2.601512 100.717030 0.004141 9.336177 -0.023108 
546 2.603516 0.000000 3.455266 100.787402 -0.019539 7.771671 -0.021850 
547 -0.629883 0.000000 0.467127 93.755697 -0.024977 9.996171 0.110995 
548 -1.091797 0.000000 0.467127 95.961012 -0.022997 8.322797 0.072221 
549 -0.629883 0.000000 0.894004 95.883878 -0.032761 9.977976 0.070672 
550 0.062988 0.000000 0.253689 81.067519 -0.052451 26.256609 0.273865 
551 -0.167969 0.000000 0.253689 85.574878 -0.043633 16.052329 0.241926 
552 0.062988 0.000000 0.467127 90.033985 -0.050109 20.077963 0.149075 
553 2.141602 0.000000 -1.240381 104.392376 -0.018017 -9.899971 -0.099578 
554 2.141602 0.000000 -1.667258 101.807523 -0.027842 1.109257 -0.036600 
555 2.141602 0.000000 -0.813504 104.945786 -0.011437 -8.180109 -0.108053 
556 3.065430 0.000000 -0.386627 104.094714 0.031225 0.000000 -0.083571 
557 2.603516 0.000000 -0.386627 104.650388 -0.000740 -4.515741 -0.097210 
558 3.527344 0.000000 -0.386627 104.050435 0.026695 0.000000 -0.082649 
559 2.141602 0.000000 -0.386627 104.392376 -0.018017 -9.899971 -0.099578 
560 0.986816 0.000000 -0.173188 9.524982 -0.019292 1.418432 0.990726 
561 1.217773 0.000000 -0.173188 9.652120 -0.012826 1.535156 0.990448 
562 8.146484 0.000000 -2.521012 99.756666 0.041599 9.094270 -0.003410 
563 8.146484 0.000000 -3.374765 99.886768 0.075193 8.243888 -0.004533 
564 9.070312 0.000000 -2.521012 99.310416 0.116187 8.733349 0.006116 
565 3.989258 0.000000 -0.386627 104.161237 0.037892 0.000000 -0.084956 
566 8.146484 0.000000 2.601512 99.792030 0.040474 4.774640 0.001875 
567 8.146484 0.000000 3.455266 99.933118 -0.012828 5.660405 -0.001867 
568 4.913086 0.000000 1.320881 102.795842 0.020581 0.000000 -0.056699 
569 4.451172 0.000000 1.320881 103.431959 0.021665 0.000000 -0.069817 
570 4.913086 0.000000 1.747758 101.778607 -0.001062 5.410702 -0.038816 
571 3.989258 0.000000 1.320881 104.163870 0.022912 0.000000 -0.085011 
572 3.527344 0.000000 1.320881 105.533473 0.057832 0.000000 -0.113732 
573 3.989258 0.000000 1.747758 101.918793 0.019280 5.446325 -0.041710 
574 6.067871 0.000000 0.680566 102.476064 0.011491 -0.813935 -0.050201 
575 6.067871 0.000000 0.467127 -7.086949 0.002480 0.250614 0.994971 
576 6.067871 0.000000 0.894004 102.475857 0.011470 -0.814094 -0.050196 
577 14.613281 0.000000 -5.082273 99.632204 -0.000057 7.122758 0.002269 
578 14.613281 0.000000 -6.789781 99.690842 -0.000030 7.094583 0.001140 
579 16.460938 0.000000 -5.082273 99.659233 -0.000038 7.061730 0.001817 
580 9.994141 0.000000 -2.521012 99.008103 0.074101 8.177758 0.013051 
581 9.994141 0.000000 -3.374765 99.304698 0.047681 7.884903 0.007640 
582 10.917969 0.000000 -2.521012 99.107603 0.137535 8.035307 0.011310 
583 11.841797 0.000000 -2.521012 99.040323 0.081666 7.500944 0.013474 
584 11.841797 0.000000 -3.374765 99.566475 0.039799 7.607627 0.002864 
585 12.765625 0.000000 -2.521012 99.407520 0.083629 7.510029 0.006174 
586 7.684570 0.000000 -1.240381 99.753089 0.030628 13.349317 -0.012888 
587 7.684570 0.000000 -1.667258 99.861226 0.039294 11.234739 -0.009849 
588 8.146484 0.000000 -1.240381 98.715611 0.028782 12.779315 0.009192 
589 8.608398 0.000000 -1.240381 98.186550 0.028715 11.708787 0.022230 
590 8.608398 0.000000 -1.667258 98.935303 0.024845 10.396561 0.010372 
591 9.070312 0.000000 -1.240381 98.198208 0.047269 10.737514 0.024182 
592 14.613281 0.000000 5.162774 99.608945 -0.000133 6.825448 0.003147 
593 16.460938 0.000000 5.162774 99.645612 -0.000073 6.891701 0.002326 
594 14.613281 0.000000 6.870281 99.674556 -0.000090 6.851966 0.001803 
595 11.841797 0.000000 2.601512 99.012894 0.002734 6.236670 0.015755 
596 12.765625 0.000000 2.601512 99.160293 0.046227 6.572774 0.012403 
597 11.841797 0.000000 3.455266 99.232599 0.018039 6.453263 0.011125 
598 8.608398 0.000000 1.320881 98.081109 0.066881 1.941011 0.037632 
599 8.146484 0.000000 1.320881 98.807140 0.040683 0.947066 0.023625 
600 8.608398 0.000000 1.747758 98.965217 0.057232 3.385004 0.019442 
601 7.684570 0.000000 1.320881 99.883563 0.026870 0.486591 0.002304 
602 7.684570 0.000000 1.747758 100.029638 0.035343 2.663866 -0.001303 
603 9.532227 0.000000 -0.386627 98.580000 0.018757 14.428879 0.007379 
604 9.532227 0.000000 -0.813504 97.941687 0.014621 11.398997 0.027749 
605 9.994141 0.000000 -0.386627 96.545767 0.092842 14.248856 0.047588 
606 11.379883 0.000000 1.320881 97.288226 0.014363 5.421564 0.050561 
607 11.841797 0.000000 1.320881 98.028119 0.023113 6.187669 0.035220 
608 11.379883 0.000000 1.747758 98.170666 0.009867 5.575541 0.033143 
609 0.755859 0.000000 2.601512 99.601585 -0.065666 9.341159 -0.000774 
610 -0.167969 0.000000 2.601512 99.067176 -0.088553 8.799348 0.010826 
611 0.755859 0.000000 3.455266 99.922100 -0.051885 8.350742 -0.005416 
612 -1.091797 0.000000 2.601512 98.989202 -0.023790 8.209883 0.013374 
613 -2.015625 0.000000 2.601512 99.055479 -0.028874 7.708549 0.012859 
614 -1.091797 0.000000 3.455266 99.376881 -0.016827 7.868993 0.006231 
615 3.065430 0.000000 1.320881 107.700527 0.030800 0.000000 -0.159940 
616 2.603516 0.000000 1.320881 108.009373 -0.005266 9.800668 -0.176208 
617 3.065430 0.000000 1.747758 103.653696 0.026329 6.826623 -0.079069 
618 2.141602 0.000000 1.320881 105.769891 -0.016017 14.945501 -0.141064 
619 1.679688 0.000000 1.320881 101.454049 -0.031012 16.461559 -0.056391 
620 2.141602 0.000000 1.747758 103.044097 -0.034078 11.452518 -0.074925 
621 9.532227 0.000000 -1.240381 98.279624 0.077919 10.146146 0.023817 
622 9.532227 0.000000 -1.667258 98.680595 0.066088 9.398304 0.017381 
623 9.994141 0.000000 -1.240381 98.228692 0.076943 9.684503 0.025733 
624 10.456055 0.000000 -0.386627 95.770450 0.077739 11.583829 0.069383 
625 10.456055 0.000000 -0.813504 97.383178 0.011944 9.879450 0.041891 
626 10.917969 0.000000 -0.386627 96.322938 0.026144 9.411993 0.063331 
627 11.379883 0.000000 -0.386627 97.254164 0.025987 8.207627 0.047426 
628 11.379883 0.000000 -0.813504 97.919531 0.025006 8.202026 0.034449 
629 11.841797 0.000000 -0.386627 97.960202 0.101087 7.613358 0.034583 
630 1.217773 0.000000 1.320881 98.896285 -0.036401 15.518132 -0.002129 
631 0.755859 0.000000 1.320881 97.684554 -0.041188 13.848875 0.026593 
632 1.217773 0.000000 1.747758 99.758823 -0.014859 12.395126 -0.010546 
633 0.293945 0.000000 1.320881 97.181147 -0.064975 12.302578 0.040447 
634 -0.167969 0.000000 1.320881 96.980043 -0.084935 10.869775 0.047671 
635 0.293945 0.000000 1.747758 98.248037 -0.040304 10.780034 0.023111 
636 -0.629883 0.000000 1.320881 97.188895 -0.067691 9.549444 0.046312 
637 -1.091797 0.000000 1.320881 97.611795 -0.063484 8.623506 0.039757 
638 -0.629883 0.000000 1.747758 98.036904 -0.072870 9.134108 0.030533 
639 10.456055 0.000000 -1.240381 98.085704 0.010152 8.961359 0.029889 
640 10.456055 0.000000 -1.667258 98.521270 0.007990 8.497880 0.022135 
641 10.917969 0.000000 -1.240381 98.182829 0.090092 8.624272 0.028575 
642 11.379883 0.000000 -1.240381 98.387202 0.005090 8.107794 0.025422 
643 11.379883 0.000000 -1.667258 98.728274 0.010308 8.014810 0.018849 
644 11.841797 0.000000 -1.240381 98.602020 0.080361 7.736248 0.021779 
1 11 62 60 61 
2 62 10 24 60 
3 60 24 14 63 
4 61 60 63 6 
5 24 66 64 65 
6 66 23 40 64 
7 64 40 27 67 
8 65 64 67 14 
9 40 70 68 69 
10 69 68 71 27 
11 6 63 92 93 
12 63 14 36 92 
13 92 36 19 94 
14 93 92 94 20 
15 14 67 95 96 
16 67 27 52 95 
17 95 52 35 97 
18 96 95 97 36 
19 27 71 98 99 
20 99 98 100 52 
21 68 112 110 111 
22 112 56 80 110 
23 110 80 43 113 
24 111 110 113 71 
25 80 116 114 115 
26 115 114 117 43 
27 71 113 133 134 
28 113 43 102 133 
29 133 102 76 135 
30 134 133 135 98 
31 43 117 136 137 
32 137 136 138 102 
33 114 141 139 140 
34 141 106 129 139 
35 139 129 83 142 
36 140 139 142 117 
37 143 145 124 146 
38 144 143 146 125 
39 129 149 147 148 
40 147 150 132 151 
41 148 147 151 83 
42 12 154 152 153 
43 154 7 155 152 
44 152 155 13 25 
45 153 152 25 10 
46 25 158 156 157 
47 158 13 159 156 
48 156 159 26 41 
49 157 156 41 23 
50 41 162 160 161 
51 162 26 163 160 
52 160 163 42 57 
53 161 160 57 39 
54 39 166 164 165 
55 166 57 167 164 
56 164 167 55 81 
57 165 164 81 56 
58 81 170 168 169 
59 170 55 171 168 
60 168 171 82 107 
61 169 168 107 79 
62 79 174 172 173 
63 174 107 175 172 
64 172 175 105 130 
65 173 172 130 106 
66 106 178 176 177 
67 178 130 179 176 
68 177 176 149 129 
69 185 108 186 184 
70 184 186 59 187 
71 128 189 188 150 
72 189 131 190 188 
73 188 190 109 191 
74 150 188 191 132 
75 149 194 192 193 
76 194 128 195 192 
77 192 195 150 196 
78 193 192 196 147 
79 130 198 197 179 
80 198 105 199 197 
81 197 199 131 189 
82 179 197 189 128 
83 176 202 200 201 
84 202 179 203 200 
85 200 203 128 194 
86 201 200 194 149 
87 187 59 208 207 
88 207 208 126 209 
89 145 207 209 124 
90 132 191 210 211 
91 191 109 212 210 
92 210 212 145 213 
93 211 210 213 143 
94 107 215 214 175 
95 215 82 216 214 
96 214 216 108 185 
97 175 214 185 105 
98 105 218 217 199 
99 218 185 219 217 
100 217 219 184 220 
101 199 217 220 131 
102 109 222 221 212 
103 222 187 223 221 
104 221 223 207 224 
105 212 221 224 145 
106 59 226 225 208 
107 226 183 227 225 
108 225 227 204 228 
109 208 225 228 126 
110 57 230 229 167 
111 230 42 231 229 
112 229 231 58 89 
113 167 229 89 55 
114 55 233 232 171 
115 233 89 234 232 
116 232 234 88 181 
117 171 232 181 82 
118 181 245 243 244 
119 245 88 246 243 
120 243 246 182 247 
121 244 243 247 180 
122 183 255 254 227 
123 255 91 256 254 
124 254 256 205 257 
125 227 254 257 204 
126 89 259 258 234 
127 259 58 260 258 
128 258 260 90 240 
129 234 258 240 88 
130 88 262 261 246 
131 262 240 263 261 
132 261 263 239 264 
133 246 261 264 182 
134 91 266 265 256 
135 266 242 267 265 
136 265 267 251 268 
137 256 265 268 205 
138 240 274 273 263 
139 274 90 275 273 
140 263 273 276 239 
141 7 278 277 155 
142 278 16 279 277 
143 277 279 15 32 
144 155 277 32 13 
145 13 281 280 159 
146 281 32 282 280 
147 280 282 31 48 
148 159 280 48 26 
149 26 284 283 163 
150 284 48 285 283 
151 283 285 47 85 
152 163 283 85 42 
153 42 287 286 231 
154 287 85 288 286 
155 286 288 84 236 
156 231 286 236 58 
157 58 290 289 260 
158 290 236 291 289 
159 289 291 235 270 
160 260 289 270 90 
161 90 293 292 275 
162 293 270 294 292 
163 292 294 269 295 
164 275 292 295 241 
165 239 276 296 297 
166 276 241 298 296 
167 296 298 5 299 
168 297 296 299 242 
169 273 302 300 301 
170 302 275 303 300 
171 300 303 241 304 
172 301 300 304 276 
173 5 310 308 309 
174 310 272 311 308 
175 242 299 313 267 
176 299 5 309 313 
177 313 309 252 314 
178 267 313 314 251 
179 21 46 315 316 
180 46 28 317 315 
181 315 317 30 318 
182 316 315 318 9 
183 37 74 319 320 
184 74 44 321 319 
185 319 321 46 322 
186 320 319 322 21 
187 53 120 323 324 
188 120 72 325 323 
189 323 325 74 326 
190 324 323 326 37 
191 77 250 327 328 
192 250 118 329 327 
193 327 329 120 330 
194 328 327 330 53 
195 122 307 331 332 
196 307 248 333 331 
197 331 333 250 334 
198 332 331 334 77 
199 252 312 335 336 
200 312 305 337 335 
201 335 337 307 338 
202 336 335 338 122 
203 309 341 339 340 
204 341 308 342 339 
205 339 342 312 343 
206 340 339 343 252 
207 15 345 344 33 
208 345 17 346 344 
209 344 346 8 347 
210 33 344 347 18 
211 31 349 348 49 
212 349 33 350 348 
213 348 350 18 351 
214 49 348 351 34 
215 353 49 354 352 
216 352 354 34 355 
217 366 271 367 364 
218 364 367 238 368 
219 365 364 368 272 
220 241 295 369 298 
221 295 269 365 369 
222 369 365 272 310 
223 298 369 310 5 
224 270 371 370 294 
225 371 235 372 370 
226 370 372 271 366 
227 294 370 366 269 
228 269 375 373 374 
229 375 366 376 373 
230 373 376 364 377 
231 374 373 377 365 
232 18 347 378 45 
233 347 8 379 378 
234 378 379 29 380 
235 45 378 380 28 
236 34 351 381 73 
237 351 18 382 381 
238 381 382 45 383 
239 73 381 383 44 
240 355 34 385 384 
241 384 385 73 386 
242 272 368 393 311 
243 368 238 394 393 
244 393 394 306 395 
245 305 395 396 337 
246 395 306 397 396 
247 396 397 248 398 
248 337 396 398 307 
249 311 401 399 400 
250 401 393 402 399 
251 399 402 395 403 
252 400 399 403 305 
253 271 405 404 367 
254 405 360 406 404 
255 404 406 363 407 
256 367 404 407 238 
257 238 407 408 394 
258 407 363 409 408 
259 408 409 390 410 
260 394 408 410 306 
261 360 416 415 406 
262 416 362 417 415 
263 415 417 87 418 
264 406 415 418 363 
265 363 418 422 409 
266 418 87 423 422 
267 422 423 391 424 
268 409 422 424 390 
269 87 426 425 423 
270 426 414 427 425 
271 425 427 419 428 
272 118 389 429 329 
273 389 119 430 429 
274 429 430 72 431 
275 329 429 431 120 
276 249 421 432 433 
277 421 387 434 432 
278 432 434 389 435 
279 433 432 435 118 
280 391 428 436 437 
281 428 419 438 436 
282 436 438 421 439 
283 437 436 439 249 
284 423 442 440 441 
285 442 425 443 440 
286 440 443 428 444 
287 441 440 444 391 
288 50 446 445 388 
289 446 355 447 445 
290 445 447 384 448 
291 388 445 448 119 
292 450 50 451 449 
293 449 451 388 452 
294 414 454 453 427 
295 454 359 455 453 
296 427 453 456 419 
297 419 456 457 438 
298 456 420 458 457 
299 457 458 387 459 
300 438 457 459 421 
301 86 461 460 358 
302 461 352 462 460 
303 460 462 355 446 
304 358 460 446 50 
305 464 358 465 463 
306 463 465 50 450 
307 359 467 466 455 
308 467 450 468 466 
309 466 468 449 469 
310 455 466 469 420 
311 453 472 470 471 
312 472 455 473 470 
313 470 473 420 474 
314 471 470 474 456 
315 1 477 475 476 
316 477 12 153 475 
317 475 153 10 62 
318 476 475 62 11 
319 16 479 478 279 
320 479 2 480 478 
321 478 480 17 345 
322 279 478 345 15 
323 19 38 481 482 
324 38 21 316 481 
325 481 316 9 483 
326 482 481 483 22 
327 20 94 484 485 
328 94 19 482 484 
329 484 482 22 486 
330 485 484 486 4 
331 10 489 487 488 
332 489 25 157 487 
333 487 157 23 66 
334 488 487 66 24 
335 28 380 490 317 
336 380 29 491 490 
337 490 491 3 492 
338 317 490 492 30 
339 32 494 493 282 
340 494 15 495 493 
341 493 495 33 349 
342 282 493 349 31 
343 35 54 496 497 
344 54 37 320 496 
345 496 320 21 498 
346 497 496 498 38 
347 36 97 499 500 
348 97 35 497 499 
349 499 497 38 501 
350 500 499 501 19 
351 23 504 502 503 
352 504 41 161 502 
353 502 161 39 70 
354 503 502 70 40 
355 44 383 505 321 
356 383 45 506 505 
357 505 506 28 507 
358 321 505 507 46 
359 48 509 508 285 
360 509 31 510 508 
361 508 510 49 353 
362 285 508 353 47 
363 51 78 511 512 
364 78 53 324 511 
365 511 324 37 513 
366 512 511 513 54 
367 52 100 514 515 
368 100 51 512 514 
369 514 512 54 516 
370 515 514 516 35 
371 70 519 517 518 
372 519 39 165 517 
373 517 165 56 112 
374 518 517 112 68 
375 72 386 520 325 
376 386 73 521 520 
377 520 521 44 522 
378 325 520 522 74 
379 75 123 523 524 
380 123 77 328 523 
381 523 328 53 525 
382 524 523 525 78 
383 76 104 526 527 
384 104 75 524 526 
385 526 524 78 528 
386 527 526 528 51 
387 56 531 529 530 
388 531 81 169 529 
389 529 169 79 116 
390 530 529 116 80 
391 85 533 532 288 
392 533 47 534 532 
393 532 534 86 357 
394 288 532 357 84 
395 98 135 535 536 
396 135 76 527 535 
397 535 527 51 537 
398 536 535 537 100 
399 116 540 538 539 
400 540 79 173 538 
401 538 173 106 141 
402 539 538 141 114 
403 121 253 541 542 
404 253 122 332 541 
405 541 332 77 543 
406 542 541 543 123 
407 103 206 544 545 
408 206 121 542 544 
409 544 542 123 546 
410 545 544 546 75 
411 117 142 547 548 
412 142 83 144 547 
413 547 144 125 549 
414 548 547 549 136 
415 83 151 550 551 
416 151 132 211 550 
417 550 211 143 552 
418 551 550 552 144 
419 82 554 553 216 
420 554 181 244 553 
421 553 244 180 555 
422 216 553 555 108 
423 180 247 556 557 
424 247 182 558 556 
425 556 558 91 255 
426 557 556 255 183 
427 108 555 559 186 
428 555 180 557 559 
429 559 557 183 226 
430 186 559 226 59 
431 131 220 560 190 
432 220 184 561 560 
433 560 561 187 222 
434 190 560 222 109 
435 236 563 562 291 
436 563 84 564 562 
437 562 564 237 361 
438 291 562 361 235 
439 182 264 565 558 
440 264 239 297 565 
441 565 297 242 266 
442 558 565 266 91 
443 248 392 566 333 
444 392 249 433 566 
445 566 433 118 567 
446 333 566 567 250 
447 251 314 568 569 
448 314 252 336 568 
449 568 336 122 570 
450 569 568 570 253 
451 205 268 571 572 
452 268 251 569 571 
453 571 569 253 573 
454 572 571 573 121 
455 308 575 574 342 
456 575 311 400 574 
457 574 400 305 576 
458 342 574 576 312 
459 47 578 577 534 
460 578 353 579 577 
461 577 579 352 461 
462 534 577 461 86 
463 84 581 580 564 
464 581 357 582 580 
465 580 582 356 412 
466 564 580 412 237 
467 357 584 583 582 
468 584 86 585 583 
469 583 585 358 464 
470 582 583 464 356 
471 235 587 586 372 
472 587 361 588 586 
473 586 588 360 405 
474 372 586 405 271 
475 361 590 589 588 
476 590 237 591 589 
477 589 591 362 416 
478 588 589 416 360 
479 119 448 592 430 
480 448 384 593 592 
481 592 593 386 594 
482 430 592 594 72 
483 387 452 595 434 
484 452 388 596 595 
485 595 596 119 597 
486 434 595 597 389 
487 390 424 598 599 
488 424 391 437 598 
489 598 437 249 600 
490 599 598 600 392 
491 306 410 601 397 
492 410 390 599 601 
493 601 599 392 602 
494 397 601 602 248 
495 362 604 603 417 
496 604 411 605 603 
497 603 605 414 426 
498 417 603 426 87 
499 420 469 606 458 
500 469 449 607 606 
501 606 607 452 608 
502 458 606 608 387 
503 101 127 609 610 
504 127 103 545 609 
505 609 545 75 611 
506 610 609 611 104 
507 102 138 612 613 
508 138 101 610 612 
509 612 610 104 614 
510 613 612 614 76 
511 204 257 615 616 
512 257 205 572 615 
513 615 572 121 617 
514 616 615 617 206 
515 126 228 618 619 
516 228 204 616 618 
517 618 616 206 620 
518 619 618 620 103 
519 237 622 621 591 
520 622 412 623 621 
521 621 623 411 604 
522 591 621 604 362 
523 411 625 624 605 
524 625 413 626 624 
525 624 626 359 454 
526 605 624 454 414 
527 413 628 627 626 
528 628 463 629 627 
529 627 629 450 467 
530 626 627 467 359 
531 124 209 630 631 
532 209 126 619 630 
533 630 619 103 632 
534 631 630 632 127 
535 125 146 633 634 
536 146 124 631 633 
537 633 631 127 635 
538 634 633 635 101 
539 136 549 636 637 
540 549 125 634 636 
541 636 634 101 638 
542 637 636 638 138 
543 412 640 639 623 
544 640 356 641 639 
545 639 641 413 625 
546 623 639 625 411 
547 356 643 642 641 
548 643 464 644 642 
549 642 644 463 628 
550 641 642 628 413 
