Force Coefficients for group 1 --> C:/Users/alphamale/Downloads/OpenVSP-3.51.2-win64-Python3.13/G1_4_trial/Tyche_R2T1_G1_4_ANALYSIS 

      Time              Cx               Cy               Cz               Cxo              Cyo              Czo              Cxi              Cyi              Czi              Cmx              Cmy              Cmz             Cmxo            Cmyo              Cmzo             Cmxi             Cmyi             Cmzi              CL               CD               CS              CLo              CDo              CSo              CLi               CDi             CSi              Cwx              Cwy              Cwz              Cxiw             Cyiw             Cziw             CLw              CDw              CSw               CLiw            CDiw             CSiw
  1.000000000000   0.007167770464   0.000000000000  -0.000110424301   0.007167770464   0.000000000000  -0.000110424301   0.000000000000   0.000000000000   0.000000000000   0.000000000000   0.004324318365   0.000000000000   0.000000000000   0.004324318365   0.000000000000   0.000000000000   0.000000000000   0.000000000000  -0.000610153705   0.007142607326   0.000000000000  -0.000610153705   0.007142607326   0.000000000000   0.000000000000   0.000000000000   0.000000000000   0.007167770464   0.000000000000  -0.000110424301   0.000000000000   0.000000000000   0.000000000000  -0.000610153705   0.007142607326   0.000000000000   0.000000000000   0.000000000000   0.000000000000 
  2.000000000000  -0.030865478811  -0.008915622044   0.480746679008   0.010841850421   0.000000646749  -0.000198274782  -0.041707329232  -0.008916268792   0.480944953790  -0.000186810515  -0.154404862843  -0.004781774069   0.000000033864   0.006454394311   0.000004224446  -0.000186844379  -0.160859257154  -0.004785998515   0.481728671222   0.002744901035  -0.008915622044  -0.000954081049   0.010801609268   0.000000646749   0.482682752271  -0.008056708233  -0.008916268792  -0.016560040621   0.001075826322   0.694027773741  -0.027401891042   0.001075179573   0.694226048524   0.693492327005   0.031893228982   0.001075826322   0.694446408054   0.021091619714   0.001075179573 
  3.000000000000  -0.031060899059  -0.003165466222   0.377027098929   0.010204532614   0.000002128522  -0.000181900050  -0.041265431673  -0.003167594744   0.377208998978  -0.000507151759   0.122115265041  -0.001465387280  -0.000000144889   0.006076893014   0.000001691042  -0.000507006870   0.116038372027  -0.001467078322   0.378275378655  -0.004685155343  -0.003165466222  -0.000893289162   0.010166986180   0.000002128522   0.379168667816  -0.014852141523  -0.003167594744  -0.015662752500   0.007471831277   0.603548856998  -0.025867285115   0.007469702755   0.603730757048   0.603171220700   0.026476841174   0.007471831277   0.604064509862   0.016309854994   0.007469702755 
  4.000000000000  -0.032442998778   0.007193266374   0.387740447638   0.010254827591   0.000002928509  -0.000182957222  -0.042697826369   0.007190337864   0.387923404860  -0.000694926277   0.086666230434   0.004276135607  -0.000000174914   0.006106077442   0.000000795801  -0.000694751363   0.080560152992   0.004275339806   0.389059040588  -0.005316562908   0.007193266374  -0.000897852159   0.010217084896   0.000002928509   0.389956892747  -0.015533647804   0.007190337864  -0.015376399533   0.006623002378   0.611724441365  -0.025631227124   0.006620073869   0.611907398587   0.611306914782   0.027332796536   0.006623002378   0.612204766941   0.017115711640   0.006620073869 
  5.000000000000  -0.030320352005   0.011591514318   0.393334690529   0.010240621246   0.000002992700  -0.000182620650  -0.040560973251   0.011588521618   0.393517311179  -0.000958779936   0.054207435407   0.006714851525  -0.000000174858   0.006098686554   0.000001040354  -0.000958605078   0.048108748853   0.006713811171   0.394491587830  -0.002808852138   0.011591514318  -0.000896525423   0.010202936635   0.000002992700   0.395388113253  -0.013011788773   0.011588521618  -0.015034337416   0.006754902175   0.610448225954  -0.025274958662   0.006751909475   0.610630846604   0.610009947120   0.027585001121   0.006754902175   0.610906472542   0.017382064486   0.006751909475 
  6.000000000000  -0.033839367060   0.012675807576   0.396825774771   0.010237155985   0.000002927898  -0.000182675393  -0.044076523044   0.012672879678   0.397008450164  -0.001016301752   0.044160100080   0.007213627750  -0.000000169008   0.006097348789   0.000001080973  -0.001016132744   0.038062751291   0.007212546777   0.398219642048  -0.006075769323   0.012675807576  -0.000896338308   0.010199475996   0.000002927898   0.399115980356  -0.016275245319   0.012672879678  -0.015910159322   0.006778620668   0.610804890135  -0.026147315307   0.006775692770   0.610987565528   0.610426836732   0.026736192308   0.006778620668   0.611323175040   0.016536716312   0.006775692770 
  7.000000000000  -0.031125136076   0.021476373570   0.395301458424   0.010253499838   0.000003578874  -0.000183249466  -0.041378635914   0.021472794696   0.395484707889  -0.002108344161   0.054933234460   0.012165634744  -0.000000085378   0.006107201837   0.000006390320  -0.002108258784   0.048826032623   0.012159244424   0.396509703676  -0.003474481003   0.021476373570  -0.000898051071   0.010215739991   0.000003578874   0.397407754748  -0.013690220994   0.021472794696  -0.014996174383   0.007659316034   0.613297545438  -0.025249674221   0.007655737160   0.613480794903   0.612849663686   0.027821829669   0.007659316034   0.613747714757   0.017606089678   0.007655737160 
  8.000000000000  -0.038750504230   0.019612095886   0.387033042977   0.010243317585   0.000003770869  -0.000182824867  -0.048993821815   0.019608325018   0.387215867843  -0.001862597531   0.086611770054   0.011390877601  -0.000000132356   0.006100836822   0.000005210680  -0.001862465175   0.080510933233   0.011385666921   0.388793348467  -0.011658049649   0.019612095886  -0.000896917229   0.010205612160   0.000003770869   0.389690265696  -0.021863661809   0.019608325018  -0.015344951402   0.007529534776   0.611694223305  -0.025588268987   0.007525763907   0.611877048172   0.611274576620   0.027362060156   0.007529534776   0.612171493849   0.017156447995   0.007525763907 
  9.000000000000  -0.033908362866   0.034007273888   0.400992766286   0.010241334345   0.000003882686  -0.000182390373  -0.044149697212   0.034003391201   0.401175156658  -0.001483379488   0.024364757523   0.017887525687  -0.000000275578   0.006097964740  -0.000000759970  -0.001483103910   0.018266792784   0.017888285657   0.402381295885  -0.005853922426   0.034007273888  -0.000896345449   0.010203664060   0.000003882686   0.403277641334  -0.016057586486   0.034003391201  -0.014632795662   0.006624943173   0.609736365965  -0.024874130008   0.006621060486   0.609918756338   0.609271811050   0.027935907896   0.006624943173   0.610168156499   0.017732243835   0.006621060486 
 10.000000000000  -0.033972297436   0.022542578441   0.394615069087   0.010238024198   0.000003636029  -0.000182342295  -0.044210321634   0.022538942412   0.394797411382  -0.001273643365   0.052015049809   0.012904451082  -0.000000237972   0.006096544716  -0.000000072869  -0.001273405393   0.045918505092   0.012904523950   0.396023594286  -0.006362586921   0.022542578441  -0.000896066585   0.010200365330   0.000003636029   0.396919660871  -0.016562952251   0.022538942412  -0.015529784021   0.006743725597   0.608592194290  -0.025767808219   0.006740089568   0.608774536585   0.608192997263   0.026961291174   0.006743725597   0.609089063848   0.016760925844   0.006740089568 
 11.000000000000  -0.032726137210   0.017314241385   0.393772348173   0.010247819189   0.000003605524  -0.000182890442  -0.042973956399   0.017310635860   0.393955238615  -0.001396277443   0.057365274908   0.009870404769  -0.000000182205   0.006103228330   0.000002527675  -0.001396095239   0.051262046577   0.009867877094   0.395095998455  -0.005178247518   0.017314241385  -0.000897296660   0.010210098225   0.000003605524   0.395993295115  -0.015388345743   0.017310635860  -0.015307284700   0.007077641129   0.610919231337  -0.025555103890   0.007074035604   0.611102121778   0.610498844997   0.027345574396   0.007077641129   0.611396141657   0.017135476172   0.007074035604 
 12.000000000000  -0.031537280490   0.012440732430   0.391865837657   0.010238233961   0.000003627707  -0.000182653122  -0.041775514450   0.012437104723   0.392048490780  -0.001073910901   0.065435881352   0.007823913810  -0.000000194466   0.006097883546   0.000001797759  -0.001073716435   0.059337997807   0.007822116051   0.393111201650  -0.004125278244   0.012440732430  -0.000896391287   0.010200552900   0.000003627707   0.394007592937  -0.014325831143   0.012437104723  -0.014079933808   0.007112170852   0.611005387182  -0.024318167769   0.007108543145   0.611188040304   0.610499175300   0.028575945451   0.007112170852   0.611395566588   0.018375392552   0.007108543145 
 13.000000000000  -0.036537900590   0.005994750839   0.386124875137   0.010271542049   0.000006214212  -0.000182761278  -0.046809442639   0.005988536626   0.386307636415   0.000336072635   0.089636856136   0.005184258075  -0.000000464684   0.006112022324  -0.000002301651   0.000336537319   0.083524833812   0.005186559726   0.387733049451  -0.009514186386   0.005994750839  -0.000898822634   0.010233772307   0.000006214212   0.388631872085  -0.019747958693   0.005988536626  -0.015445425389   0.006161331591   0.606672941936  -0.025716967438   0.006155117379   0.606855703213   0.606272535551   0.026911564036   0.006161331591   0.607171358185   0.016677791729   0.006155117379 
 14.000000000000  -0.034686036107   0.038156401796   0.398270777858   0.010255912345   0.000003395360  -0.000182973383  -0.044941948452   0.038153006436   0.398453751241  -0.002421112868   0.034277488119   0.021307209421  -0.000000209356   0.006107351138   0.000000546296  -0.002420903512   0.028170136980   0.021306663125   0.399720185827  -0.006819577607   0.038156401796  -0.000897943949   0.010218165880   0.000003395360   0.400618129776  -0.017037743488   0.038153006436  -0.015416185402   0.007756825890   0.610739034544  -0.025672097747   0.007753430530   0.610922007926   0.610326683683   0.027224369078   0.007756825890   0.611224627632   0.017006203198   0.007753430530 
 15.000000000000  -0.036052755982   0.029570484200   0.406137047382   0.010249423623   0.000002893592  -0.000182940254  -0.046302179605   0.029567590608   0.406319987636  -0.002057055454  -0.002130558368   0.016817229142  -0.000000167907   0.006104401276   0.000000872486  -0.002056887547  -0.008234959643   0.016816356656   0.407662631073  -0.007634244998   0.029570484200  -0.000897458271   0.010211695276   0.000002893592   0.408560089344  -0.017845940274   0.029567590608  -0.015316777226   0.007852928663   0.610914132702  -0.025566200849   0.007850035071   0.611097072957   0.610494420948   0.027335749331   0.007852928663   0.611391879219   0.017124054056   0.007850035071 
 16.000000000000  -0.034006034168   0.035807664493   0.393894088697   0.010242680049   0.000001303708  -0.000182826962  -0.044248714217   0.035806360785   0.394076915659  -0.002342660536   0.054763373860   0.019832596289  -0.000000080420   0.006100964356  -0.000000001208  -0.002342580116   0.048662409504   0.019832597497   0.395306723523  -0.006446534522   0.035807664493  -0.000896874847   0.010204976031   0.000001303708   0.396203598370  -0.016651510553   0.035806360785  -0.015158388268   0.007594510037   0.611301269761  -0.025401068317   0.007593206330   0.611484096724   0.610869566305   0.027520757778   0.007594510037   0.611766441152   0.017315781747   0.007593206330 
 17.000000000000  -0.035637027341   0.027096015582   0.397487666181   0.010234565102   0.000002660779  -0.000182684702  -0.045871592443   0.027093354803   0.397670350883  -0.001746264776   0.036694007735   0.015152277539  -0.000000145275   0.006096645589   0.000001181566  -0.001746119500   0.030597362146   0.015151095974   0.399005319565  -0.007822879384   0.027096015582  -0.000896166863   0.010196890776   0.000002660779   0.399901486429  -0.018019770159   0.027093354803  -0.015373857165   0.007100299457   0.612028170308  -0.025608422267   0.007097638678   0.612210855010   0.611609726509   0.027356519771   0.007100299457   0.612505893372   0.017159628995   0.007097638678 
 18.000000000000  -0.033409727760   0.021776702388   0.396139150291   0.010240081111   0.000003072182  -0.000182829351  -0.043649808871   0.021773630206   0.396321979641  -0.001692234209   0.044527572818   0.012653955112  -0.000000160759   0.006099624546   0.000001990564  -0.001692073450   0.038427948271   0.012651964548   0.397504720028  -0.005695073106   0.021776702388  -0.000896695937   0.010202383258   0.000003072182   0.398401415965  -0.015897456363   0.021773630206  -0.014803020916   0.007020037606   0.612924387326  -0.025043102027   0.007016965424   0.613107216677   0.612463940864   0.027988482431   0.007020037606   0.613360636801   0.017786099173   0.007016965424 
 19.000000000000  -0.032532759748   0.018047223963   0.396433762372   0.010226804562   0.000003447262  -0.000182520968  -0.042759564310   0.018043776701   0.396616283340  -0.001264887248   0.046678738928   0.010003689459  -0.000000173609   0.006092306168   0.000002110336  -0.001264713639   0.040586432760   0.010001579123   0.397737440253  -0.004799690244   0.018047223963  -0.000895462180   0.010189160561   0.000003447262   0.398632902433  -0.014988850805   0.018043776701  -0.015169448361   0.006726870135   0.610836415011  -0.025396252923   0.006723422873   0.611018935979   0.610406615431   0.027477297999   0.006726870135   0.611302077611   0.017288137438   0.006723422873 
 20.000000000000  -0.032043586842   0.017660891742   0.389948745914   0.010246928475   0.000003441624  -0.000182852470  -0.042290515317   0.017657450118   0.390131598384  -0.001670047738   0.075027884401   0.010087789488  -0.000000122479   0.006102715151   0.000005026547  -0.001669925259   0.068925169250   0.010082762941   0.391234097992  -0.004764080819   0.017660891742  -0.000897196647   0.010209212328   0.000003441624   0.392131294640  -0.014973293148   0.017657450118  -0.015444537440   0.007363105516   0.610498009906  -0.025691465915   0.007359663892   0.610680862375   0.610088223907   0.027179273076   0.007363105516   0.610985420555   0.016970060747   0.007359663892 
