Force Coefficients for group 0 --> C:/Users/alphamale/Downloads/OpenVSP-3.51.2-win64-Python3.13/Analysis/04_Clean_Aero/03_Final_Clean_Polar/Tyche_R2T1_G1_5_ANALYSIS 

      Time              Cx               Cy               Cz               Cxo              Cyo              Czo              Cxi              Cyi              Czi              Cmx              Cmy              Cmz             Cmxo            Cmyo              Cmzo             Cmxi             Cmyi             Cmzi              CL               CD               CS              CLo              CDo              CSo              CLi               CDi             CSi              Cwx              Cwy              Cwz              Cxiw             Cyiw             Cziw             CLw              CDw              CSw               CLiw            CDiw             CSiw
  1.000000000000   0.009739874618   0.000000000000   0.000078526579   0.009739874618   0.000000000000   0.000078526579   0.000000000000   0.000000000000   0.000000000000   0.000000000000   0.004047295263  -0.000000044525   0.000000000000   0.004047295263  -0.000000044525   0.000000000000   0.000000000000   0.000000000000  -0.000601084016   0.009721626511   0.000000000000  -0.000601084016   0.009721626511   0.000000000000   0.000000000000   0.000000000000   0.000000000000   0.009739874618   0.000000000000   0.000078526579   0.000000000000   0.000000000000   0.000000000000  -0.000601084016   0.009721626511   0.000000000000   0.000000000000   0.000000000000   0.000000000000 
  2.000000000000  -0.065746663610  -0.018831340842   0.642551779849   0.013402006704  -0.000000068355  -0.000010183504  -0.079148670314  -0.018831272487   0.642561963353   0.000265898258   0.354221619334  -0.007812851083   0.000000374548   0.005999300158   0.000017749966   0.000265523710   0.348222319176  -0.007830601049   0.645572811422  -0.020764361682  -0.018831340842  -0.000945035426   0.013368649724  -0.000000068355   0.646517846848  -0.034133011405  -0.018831272487  -0.014345661618   0.000808731997   0.706817868914  -0.027747668322   0.000808800352   0.706828052418   0.706096798878   0.034994405807   0.000808731997   0.707041834304   0.021625756083   0.000808800352 
  3.000000000000  -0.054562337840  -0.000220241052   0.575798699928   0.012707409202  -0.000000029716   0.000006785818  -0.067269747042  -0.000220211336   0.575791914110  -0.000947491448   0.309926854790  -0.000947313833   0.000000210097   0.005628240699   0.000011187721  -0.000947701545   0.304298614091  -0.000958501553   0.578202159521  -0.014263739834  -0.000220241052  -0.000879654769   0.012676927947  -0.000000029716   0.579081814290  -0.026940667780  -0.000220211336  -0.013536536541   0.008140434608   0.617730911851  -0.026243945743   0.008140464324   0.617724126034   0.617170411453   0.029587167915   0.008140434608   0.618050066222   0.016910239968   0.008140464324 
  4.000000000000  -0.051544586906   0.000657949603   0.593239017999   0.012770055432  -0.000000035951   0.000005317642  -0.064314642338   0.000657985554   0.593233700357  -0.000814312052   0.282127329334  -0.000549338449   0.000000214554   0.005662283599   0.000010192319  -0.000814526606   0.276465045735  -0.000559530768   0.595389486191  -0.010036764900   0.000657949603  -0.000885489348   0.012739319159  -0.000000035951   0.596274975539  -0.022776084059   0.000657985554  -0.013507363465   0.006613421191   0.628935375665  -0.026277418897   0.006613457141   0.628930058023   0.628345546745   0.030397853812   0.006613421191   0.629231036093   0.017658534654   0.006613457141 
  5.000000000000  -0.049653325732   0.002174803257   0.593641408663   0.012760619385  -0.000000037413   0.000005559265  -0.062413945117   0.002174840670   0.593635849399  -0.001056554662   0.277448353817   0.000037294584   0.000000222616   0.005657362998   0.000010780328  -0.001056777279   0.271790990819   0.000026514256   0.595658968941  -0.008122041389   0.002174803257  -0.000884590088   0.012729922952  -0.000000037413   0.596543559029  -0.020851964341   0.002174840670  -0.013417174091   0.006935482065   0.627293649269  -0.026177793476   0.006935519478   0.627288090005   0.626701528220   0.030373302446   0.006935482065   0.627586118308   0.017643379494   0.006935519478 
  6.000000000000  -0.049468289470   0.002593258384   0.594647066348   0.012756368469  -0.000000037906   0.000005673968  -0.062224657938   0.002593296290   0.594641392380  -0.001119585973   0.270504194045   0.000289800020   0.000000226440   0.005655258193   0.000010963344  -0.001119812412   0.264848935852   0.000278836676   0.596649269417  -0.007867304732   0.002593258384  -0.000884179136   0.012725690392  -0.000000037906   0.597533448553  -0.020592995124   0.002593296290  -0.013327027361   0.006922941852   0.627068423754  -0.026083395829   0.006922979758   0.627062749786   0.626470563025   0.030447518646   0.006922941852   0.627354742160   0.017721828253   0.006922979758 
  7.000000000000  -0.049366139142   0.004308653382   0.596971778811   0.012754285059  -0.000000039647   0.000005686444  -0.062120424200   0.004308693029   0.596966092367  -0.001202194838   0.267402572826   0.000563953771   0.000000230158   0.005654202287   0.000011129706  -0.001202424996   0.261748370540   0.000552824065   0.598961193350  -0.007603239493   0.004308653382  -0.000884021359   0.012723612927  -0.000000039647   0.599845214709  -0.020326852421   0.004308693029  -0.013160200218   0.006975678789   0.627737302354  -0.025914485276   0.006975718436   0.627731615911   0.627126174997   0.030660598018   0.006975678789   0.628010196356   0.017936985091   0.006975718436 
  8.000000000000  -0.049876783326   0.003009694510   0.597564311222   0.012757150205  -0.000000050019   0.000005620661  -0.062633933531   0.003009744529   0.597558690561  -0.001517619013   0.266393162788   0.000979943400   0.000000263630   0.005655789511   0.000012307302  -0.001517882643   0.260737373277   0.000967636098   0.599587903120  -0.008071306802   0.003009694510  -0.000884286844   0.012726466506  -0.000000050019   0.600472189963  -0.020797773308   0.003009744529  -0.013492384742   0.007565139949   0.627531242443  -0.026249534947   0.007565189968   0.627525621782   0.626943789058   0.030314848666   0.007565139949   0.627828075902   0.017588382160   0.007565189968 
  9.000000000000  -0.047180751300   0.002940580446   0.610379660190   0.012751932948  -0.000000054716   0.000005845421  -0.059932684249   0.002940635162   0.610373814769  -0.002178122813   0.232744075425   0.000701716498   0.000000303616   0.005653528006   0.000014804676  -0.002178426428   0.227090547419   0.000686911822   0.612183968854  -0.004487888621   0.002940580446  -0.000883698694   0.012721277637  -0.000000054716   0.613067667548  -0.017209166258   0.002940635162  -0.013106509423   0.007906954060   0.627256477027  -0.025858442372   0.007907008776   0.627250631605   0.626642775655   0.030680617345   0.007906954060   0.627526474349   0.017959339709   0.007907008776 
 10.000000000000  -0.044986594662   0.005747328377   0.602302524778   0.012769485430  -0.000000031362   0.000005351540  -0.057756080092   0.005747359739   0.602297173238  -0.001010577394   0.255280791185   0.000888647393   0.000000197277   0.005661516278   0.000009966012  -0.001010774671   0.249619274907   0.000878681381   0.603973452309  -0.002862509323   0.005747328377  -0.000885415771   0.012738752910  -0.000000031362   0.604858868080  -0.015601262233   0.005747359739  -0.013569279590   0.005937156109   0.626580774679  -0.026338765020   0.005937187471   0.626575423139   0.626001000499   0.030171839850   0.005937156109   0.626886416271   0.017433086940   0.005937187471 
 11.000000000000  -0.046695182270   0.004004374523   0.597908270613   0.012761842518  -0.000000039940   0.000005568050  -0.059457024789   0.004004414463   0.597902702563  -0.001409977554   0.267419524360   0.000933089714   0.000000236897   0.005657922548   0.000011481915  -0.001410214451   0.261761601811   0.000921607798   0.599709087372  -0.004873462573   0.004004374523  -0.000884666646   0.012731143719  -0.000000039940   0.600593754019  -0.017604606292   0.004004414463  -0.013368868624   0.007114106101   0.625772958135  -0.026130711142   0.007114146041   0.625767390085   0.625181171793   0.030315412192   0.007114106101   0.626065838440   0.017584268473   0.007114146041 
 12.000000000000  -0.050951861499   0.004646549578   0.595863471794   0.012764028723  -0.000000068987   0.000005520519  -0.063715890222   0.004646618565   0.595857951275  -0.002176429927   0.270356139108   0.000934843459   0.000000356331   0.005659332835   0.000016918438  -0.002176786258   0.264696806273   0.000917925021   0.597966200513  -0.009262410700   0.004646549578  -0.000884866563   0.012733321283  -0.000000068987   0.598851067077  -0.021995731983   0.004646618565  -0.013407770845   0.008212753915   0.627767831069  -0.026171799568   0.008212822902   0.627762310550   0.627173898999   0.030415760036   0.008212753915   0.628058765562   0.017682438754   0.008212822902 
 13.000000000000  -0.049018321221   0.003890318784   0.598725955909   0.012785905310  -0.000000076308   0.000004960940  -0.061804226532   0.003890395092   0.598720994969  -0.002070196438   0.269336635764   0.000302504000   0.000000393288   0.005670237076   0.000018397941  -0.002070589726   0.263666398688   0.000284106059   0.600686834809  -0.007133903631   0.003890318784  -0.000886950813   0.012755105545  -0.000000076308   0.601573785622  -0.019889009176   0.003890395092  -0.013584592203   0.007249348549   0.627309298469  -0.026370497514   0.007249424856   0.627304337529   0.626728817796   0.030207383789   0.007249348549   0.627615768609   0.017452278243   0.007249424856 
 14.000000000000  -0.046827435121   0.004854050275   0.596665002158   0.012768541897  -0.000000058241   0.000005448273  -0.059595977018   0.004854108516   0.596659553885  -0.001573276877   0.269646749066   0.000655271685   0.000000315151   0.005661292830   0.000015317152  -0.001573592028   0.263985456236   0.000639954532   0.598478072950  -0.005092119285   0.004854050275  -0.000885253456   0.012737818423  -0.000000058241   0.599363326406  -0.017829937708   0.004854108516  -0.013491753171   0.007007229292   0.626081176960  -0.026260295068   0.007007287533   0.626075728686   0.625497211805   0.030214327244   0.007007229292   0.626382465261   0.017476508821   0.007007287533 
 15.000000000000  -0.049539181286   0.005238313669   0.598434717044   0.012761366524  -0.000000043104   0.000005533091  -0.062300547810   0.005238356773   0.598429183953  -0.001333560811   0.265669589189   0.001413471921   0.000000245984   0.005657709816   0.000011817480  -0.001333806795   0.260011879373   0.001401654441   0.600432638750  -0.007673810703   0.005238313669  -0.000884668316   0.012730666445  -0.000000043104   0.601317307066  -0.020404477149   0.005238356773  -0.013327820021   0.006713144897   0.627893005991  -0.026089186545   0.006713188001   0.627887472900   0.627293191914   0.030504247865   0.006713144897   0.628177860230   0.017773581420   0.006713188001 
 16.000000000000  -0.047140951686   0.002773793113   0.599925660600   0.012751831728  -0.000000040623   0.000005808322  -0.059892783414   0.002773833736   0.599919852278  -0.001128470834   0.260321235838   0.000274397534   0.000000233051   0.005652861770   0.000011184064  -0.001128703885   0.254668374067   0.000263213470   0.601752658401  -0.005177420105   0.002773793113  -0.000883728642   0.012721174075  -0.000000040623   0.602636387043  -0.017898594180   0.002773833736  -0.013091788941   0.006584430567   0.626778427096  -0.025843620669   0.006584471190   0.626772618774   0.626164863381   0.030661954892   0.006584430567   0.627048592023   0.017940780817   0.006584471190 
 17.000000000000  -0.048130905998   0.002294715444   0.599411609275   0.012750369167  -0.000000039916   0.000005809817  -0.060881275165   0.002294755360   0.599405799458  -0.001326718277   0.259609414250   0.000765241999   0.000000231579   0.005652453619   0.000011047392  -0.001326949856   0.253956960630   0.000754194607   0.601308915002  -0.006200821346   0.002294715444  -0.000883625127   0.012719715181  -0.000000039916   0.602192540129  -0.018920536527   0.002294755360  -0.012951316429   0.007083429635   0.627102801516  -0.025701685595   0.007083469551   0.627096991699   0.626478648774   0.030824712436   0.007083429635   0.627362273901   0.018104997256   0.007083469551 
 18.000000000000  -0.049707521342   0.006724162006   0.597358669625   0.012743504032  -0.000000022517   0.000006159508  -0.062451025374   0.006724184523   0.597352510117  -0.001750188508   0.262557674682   0.001337897467   0.000000206327   0.005649739560   0.000010746770  -0.001750394835   0.256907935122   0.001327150697   0.599370955336  -0.007916801965   0.006724162006  -0.000882797401   0.012712891162  -0.000000022517   0.600253752737  -0.020629693127   0.006724184523  -0.014201017711   0.007772365768   0.626547832301  -0.026944521743   0.007772388285   0.626541672794   0.626012206191   0.029539342668   0.007772365768   0.626895003592   0.016826451506   0.007772388285 
 19.000000000000  -0.049473402868   0.003228349450   0.597828568922   0.012763813954  -0.000000042440   0.000005476988  -0.062237216823   0.003228391890   0.597823091934  -0.001362359398   0.264772069636   0.000484043640   0.000000247600   0.005658989270   0.000011928865  -0.001362606998   0.259113080366   0.000472114775   0.599823378703  -0.007650475274   0.003228349450  -0.000884895006   0.012733104000  -0.000000042440   0.600708273710  -0.020383579274   0.003228391890  -0.013509725352   0.006874239554   0.627334405669  -0.026273539306   0.006874281994   0.627328928681   0.626748641388   0.030283819658   0.006874239554   0.627633536395   0.017550715657   0.006874281994 
 20.000000000000  -0.047871185893   0.004594305667   0.597435598615   0.012754360245  -0.000000043332   0.000005754791  -0.060625546138   0.004594348999   0.597429843824  -0.001390372978   0.262228356523   0.001236297269   0.000000241998   0.005654340084   0.000011591784  -0.001390614976   0.256574016439   0.001224705485   0.599319600646  -0.006079573442   0.004594305667  -0.000883958423   0.012723692698  -0.000000043332   0.600203559069  -0.018803266140   0.004594348999  -0.012942465551   0.007062536352   0.626960067790  -0.025696825796   0.007062579685   0.626954312999   0.626335645334   0.030823585152   0.007062536352   0.627219603757   0.018099892454   0.007062579685 
