Force Coefficients for group 0 --> C:/Users/alphamale/Downloads/OpenVSP-3.51.2-win64-Python3.13/G1_6_Trial/Tyche_R2T1_G1_6_ANALYSIS_H2_NO_VT 

      Time              Cx               Cy               Cz               Cxo              Cyo              Czo              Cxi              Cyi              Czi              Cmx              Cmy              Cmz             Cmxo            Cmyo              Cmzo             Cmxi             Cmyi             Cmzi              CL               CD               CS              CLo              CDo              CSo              CLi               CDi             CSi              Cwx              Cwy              Cwz              Cxiw             Cyiw             Cziw             CLw              CDw              CSw               CLiw            CDiw             CSiw
  1.000000000000   0.008942958124   0.000000000000   0.000075349704   0.008942958124   0.000000000000   0.000075349704   0.000000000000   0.000000000000   0.000000000000   0.000000000000   0.003237561275   0.000000000000   0.000000000000   0.003237561275   0.000000000000   0.000000000000   0.000000000000   0.000000000000  -0.000548663068   0.008926429657   0.000000000000  -0.000548663068   0.008926429657   0.000000000000   0.000000000000   0.000000000000   0.000000000000   0.008942958124   0.000000000000   0.000075349704   0.000000000000   0.000000000000   0.000000000000  -0.000548663068   0.008926429657   0.000000000000   0.000000000000   0.000000000000   0.000000000000 
  2.000000000000  -0.020376962931   0.050936498407   0.785061136859   0.012563336308   0.000000007185  -0.000012173780  -0.032940299238   0.050936491222   0.785073310639  -0.003259380970   0.046228626198  -0.002683633803  -0.000000055116   0.005168834210  -0.000002740151  -0.003259325854   0.041059791988  -0.002680893652   0.784570192467   0.034435770908   0.050936498407  -0.000888518164   0.012531883452   0.000000007185   0.785458710631   0.021903887456   0.050936491222  -0.015229340621  -0.000013750927   0.707501732916  -0.027792676929  -0.000013758112   0.707513906695   0.706840639352   0.034160583343  -0.000013750927   0.707729157517   0.021628699891  -0.000013758112 
  3.000000000000  -0.019825361142   0.050931450446   0.694416140525   0.011899221128   0.000000028683   0.000003818770  -0.031724582270   0.050931421763   0.694412321755  -0.003488715683   0.077314121245  -0.002494383919  -0.000000070260   0.004811624032  -0.000001272149  -0.003488645423   0.072502497213  -0.002493111770   0.694107524992   0.028662953716   0.050931450446  -0.000826238238   0.011870501608   0.000000028683   0.694933763230   0.016792452108   0.050931421763  -0.014567764360  -0.000125926135   0.621685853927  -0.026466985488  -0.000125954818   0.621682035157   0.621187654305   0.028834334928  -0.000125926135   0.622013892543   0.016963833321  -0.000125954818 
  4.000000000000  -0.018583238296   0.050857170719   0.701907224639   0.011943970105   0.000000044302   0.000002896758  -0.030527208401   0.050857126417   0.701904327880  -0.002506457149   0.073456984122  -0.002524998867  -0.000000211499   0.004837008168  -0.000009452227  -0.002506245650   0.068619975954  -0.002515546640   0.701493715091   0.030424602425   0.050857170719  -0.000830279535   0.011915077261   0.000000044302   0.702323994626   0.018509525163   0.050857126417  -0.014474221007  -0.000244495728   0.630165772595  -0.026418191112  -0.000244540030   0.630162875837   0.629640391063   0.029519179638  -0.000244495728   0.630470670598   0.017604102377  -0.000244540030 
  5.000000000000  -0.017716043104   0.050466821881   0.698052606693   0.011918945899   0.000000041101   0.000003524952  -0.029634989003   0.050466780780   0.698049081741  -0.002613856769   0.075449256019  -0.002561243302  -0.000000191600   0.004823868579  -0.000008403425  -0.002613665169   0.070625387439  -0.002552839877   0.697587994323   0.031020800617   0.050466821881  -0.000827907271   0.011890157834   0.000000041101   0.698415901594   0.019130642783   0.050466780780  -0.014300063136  -0.000219604525   0.627557257403  -0.026219009035  -0.000219645626   0.627553732451   0.627026081444   0.029510952448  -0.000219604525   0.627853988715   0.017620794614  -0.000219645626 
  6.000000000000  -0.016578768910   0.051970415018   0.698686162141   0.011922955069   0.000000040654   0.000003413826  -0.028501723979   0.051970374364   0.698682748315  -0.002571326353   0.078047110001  -0.002305809449  -0.000000192103   0.004825856612  -0.000008430519  -0.002571134250   0.073221253390  -0.002297378930   0.698140674224   0.032199499063   0.051970415018  -0.000828297792   0.011894149486   0.000000040654   0.698968972016   0.020305349577   0.051970374364  -0.014268417297  -0.000219904571   0.627799361098  -0.026191372366  -0.000219945226   0.627795947272   0.627265387884   0.029559409500  -0.000219904571   0.628093685676   0.017665260013  -0.000219945226 
  7.000000000000  -0.017336483124   0.049074883615   0.700105060653   0.011924107685   0.000000033912   0.000003383317  -0.029260590809   0.049074849703   0.700101677335  -0.002673834650   0.075341833378  -0.002637933539  -0.000000166918   0.004826530794  -0.000007447611  -0.002673667732   0.070515302584  -0.002630485929   0.699608971842   0.031542607959   0.049074883615  -0.000828408629   0.011895297166   0.000000033912   0.700437380471   0.019647310793   0.049074849703  -0.014301491218  -0.000218011208   0.628655882656  -0.026225598903  -0.000218045119   0.628652499338   0.628122130119   0.029586164068  -0.000218011208   0.628950538747   0.017690866902  -0.000218045119 
  8.000000000000  -0.019194361068   0.049903109497   0.699561827286   0.011941445025   0.000000055733   0.000002864465  -0.031135806092   0.049903053764   0.699558962821  -0.002385784566   0.078169493748  -0.002662578822  -0.000000237535   0.004835086939  -0.000010183430  -0.002385547031   0.073334406809  -0.002652395392   0.699196660778   0.029651361668   0.049903109497  -0.000830135609   0.011912556080   0.000000055733   0.700026796388   0.017738805589   0.049903053764  -0.014928514984  -0.000287653738   0.628905332023  -0.026869960009  -0.000287709471   0.628902467558   0.628414710806   0.028978068409  -0.000287653738   0.629244846416   0.017065512329  -0.000287709471 
  9.000000000000  -0.017870237266   0.050031457421   0.698735239812   0.011941569696   0.000000046490   0.000002939318  -0.029811806962   0.050031410931   0.698732300494  -0.002507619375   0.079901096420  -0.002565515363  -0.000000216167   0.004835366256  -0.000009564682  -0.002507403208   0.075065730164  -0.002555950681   0.698279720623   0.030914600143   0.050031457421  -0.000830069635   0.011912685669   0.000000046490   0.699109790258   0.019001914475   0.050031410931  -0.014409614326  -0.000250294878   0.628254646267  -0.026351184021  -0.000250341368   0.628251706949   0.627729413408   0.029450315508  -0.000250294878   0.628559483043   0.017537629839  -0.000250341368 
 10.000000000000  -0.019419301371   0.050606661369   0.699754543668   0.011936056332   0.000000046418   0.000003110157  -0.031355357703   0.050606614951   0.699751433511  -0.002586955437   0.076695265143  -0.002415651120  -0.000000212728   0.004832592555  -0.000009343154  -0.002586742709   0.071862672588  -0.002406307966   0.699404598755   0.029440412524   0.050606661369  -0.000829514620   0.011907197653   0.000000046418   0.700234113375   0.017533214871   0.050606614951  -0.014423911880  -0.000251887006   0.627850492434  -0.026359968212  -0.000251933424   0.627847382277   0.627327241420   0.029407860436  -0.000251887006   0.628156756040   0.017500662783  -0.000251933424 
 11.000000000000  -0.018424412692   0.050292313844   0.698988841242   0.011929517895   0.000000040186   0.000003241731  -0.030353930587   0.050292273659   0.698985599510  -0.002658928319   0.075968453978  -0.002790362551  -0.000000188762   0.004829251156  -0.000008344267  -0.002658739558   0.071139202821  -0.002782018284   0.698571361616   0.030379465003   0.050292313844  -0.000828927267   0.011900684321   0.000000040186   0.699400288883   0.018478780682   0.050292273659  -0.014319846301  -0.000231604645   0.628260382103  -0.026249364196  -0.000231644831   0.628257140371   0.627728873371   0.029540264974  -0.000231604645   0.628557800638   0.017639580653  -0.000231644831 
 12.000000000000  -0.018056896078   0.050699119086   0.696937814945   0.011915434082   0.000000049544   0.000003642974  -0.029972330160   0.050699069542   0.696934171970  -0.002561418448   0.076878435058  -0.002333051780  -0.000000215082   0.004822215619  -0.000009313808  -0.002561203365   0.072056219440  -0.002323737972   0.696499694853   0.030603014003   0.050699119086  -0.000827544565   0.011886662805   0.000000049544   0.697327239417   0.018716351198   0.050699069542  -0.014561192118  -0.000234850548   0.627268211387  -0.026476626201  -0.000234900092   0.627264568412   0.626755954966   0.029230296732  -0.000234850548   0.627583499530   0.017343633927  -0.000234900092 
 13.000000000000  -0.017928321367   0.050668277237   0.698930107649   0.011934665094   0.000000036696   0.000003104789  -0.029862986461   0.050668240542   0.698927002860  -0.002467964203   0.077777712546  -0.002447488116  -0.000000187868   0.004831883736  -0.000008679715  -0.002467776335   0.072945828810  -0.002438808401   0.698478165514   0.030870250826   0.050668277237  -0.000829422926   0.011905809429   0.000000036696   0.699307588440   0.018964441397   0.050668240542  -0.014110639165  -0.000180172375   0.628853419237  -0.026045304259  -0.000180209071   0.628850314448   0.628305872345   0.029790330671  -0.000180172375   0.629135295271   0.017884521242  -0.000180209071 
 14.000000000000  -0.017608813597   0.050778130190   0.701165049113   0.011932930371   0.000000046178   0.000003155313  -0.029541743968   0.050778084011   0.701161893801  -0.002295390198   0.070987021624  -0.002102619583  -0.000000217476   0.004831049828  -0.000009569186  -0.002295172722   0.066155971795  -0.002093050396   0.700685375037   0.031344881927   0.050778130190  -0.000829251518   0.011904082456   0.000000046178   0.701514626555   0.019440799471   0.050778084011  -0.014202068935  -0.000275836299   0.628374444323  -0.026134999306  -0.000275882477   0.628371289010   0.627834442007   0.029665712018  -0.000275836299   0.628663693525   0.017761629562  -0.000275882477 
 15.000000000000  -0.016722754987   0.053593462631   0.701000967114   0.011908016453   0.000000046714   0.000003820715  -0.028630771440   0.053593415917   0.700997146399  -0.002450806967   0.070893341476  -0.002323112849  -0.000000231188   0.004818413014  -0.000010529945  -0.002450575779   0.066074928461  -0.002312582904   0.700459884409   0.032217336361   0.053593462631  -0.000826849830   0.011879275643   0.000000046714   0.701286734239   0.020338060717   0.053593415917  -0.014523584885  -0.000274808436   0.627430830300  -0.026431601338  -0.000274855150   0.627427009585   0.626915554399   0.029279156078  -0.000274808436   0.627742404229   0.017399880435  -0.000274855150 
 16.000000000000  -0.018238266536   0.051422234734   0.699757253102   0.011925836383   0.000000045191   0.000003339676  -0.030164102920   0.051422189543   0.699753913426  -0.002706431392   0.078376248167  -0.002751434019  -0.000000206432   0.004827175397  -0.000009004381  -0.002706224960   0.073549072770  -0.002742429638   0.699324916764   0.030618759417   0.051422234734  -0.000828572752   0.011897018609   0.000000045191   0.700153489515   0.018721740808   0.051422189543  -0.014235587770  -0.000250019453   0.626607583718  -0.026161424153  -0.000250064644   0.626604244042   0.626074223542   0.029509024868  -0.000250019453   0.626902796294   0.017612006259  -0.000250064644 
 17.000000000000  -0.016127248972   0.047894353485   0.696966301273   0.011927512284   0.000000064874   0.000003303812  -0.028054761256   0.047894288611   0.696962997461  -0.001672754351   0.073458267940  -0.002669606618  -0.000000303933   0.004828218763  -0.000013606761  -0.001672450418   0.068630049177  -0.002655999857   0.696393506412   0.032529947691   0.047894353485  -0.000828725433   0.011898687926   0.000000064874   0.697222231846   0.020631259766   0.047894288611  -0.013781544495  -0.000365961800   0.627655394235  -0.025709056779  -0.000366026674   0.627652090423   0.627087809187   0.030035053683  -0.000365961800   0.627916534620   0.018136365758  -0.000366026674 
 18.000000000000  -0.016640545013   0.050130162052   0.700301598689   0.011914672403   0.000000034505   0.000003650745  -0.028555217416   0.050130127548   0.700297947944  -0.002411541053   0.065638045405  -0.002731230380  -0.000000183964   0.004821779368  -0.000008688106  -0.002411357089   0.060816266037  -0.002722542275   0.699756484933   0.032250560601   0.050130162052  -0.000827483681   0.011885903523   0.000000034505   0.700583968613   0.020364657077   0.050130127548  -0.014411642429  -0.000205780855   0.626817075133  -0.026326314833  -0.000205815360   0.626813424388   0.626295485599   0.029348012451  -0.000205780855   0.627122969279   0.017462108928  -0.000205815360 
 19.000000000000  -0.016938958652   0.049675042860   0.699996885193   0.011922505198   0.000000040924   0.000003464748  -0.028861463850   0.049675001936   0.699993420444  -0.002701754436   0.071392082038  -0.002336050672  -0.000000187958   0.004825783926  -0.000008407673  -0.002701566478   0.066566298112  -0.002327642999   0.699473329987   0.031931618143   0.049675042860  -0.000828215612   0.011893704264   0.000000040924   0.700301545599   0.020037913880   0.049675001936  -0.014568149756  -0.000221653964   0.627391654848  -0.026490654954  -0.000221694888   0.627388190099   0.626879583065   0.029231967023  -0.000221653964   0.627707798677   0.017338262760  -0.000221694888 
 20.000000000000  -0.016483790569   0.050462836619   0.698079376373   0.011923692094   0.000000001508   0.000003398968  -0.028407482663   0.050462835110   0.698075977405  -0.003917575955   0.073603764311  -0.001901997675  -0.000000007037   0.004826367357   0.000000206861  -0.003917568919   0.068777396954  -0.001902204536   0.697528741201   0.032251918806   0.050462836619  -0.000828364026   0.011894883680   0.000000001508   0.698357105227   0.020357035126   0.050462835110  -0.013922117707   0.000002631694   0.628045496526  -0.025845809802   0.000002630186   0.628042097558   0.627486767100   0.029922035060   0.000002631694   0.628315131127   0.018027151381   0.000002630186 
