2 0.000000 100.000000 407.315828
951 805 
1 -79.021551 0.000000 -81.151989 99.756071 -0.007271 -6.975610 0.000007 
2 92.672542 0.000000 -81.151989 99.756069 -0.048675 -6.977625 0.000004 
3 92.672542 0.000000 85.501989 99.756541 0.038628 -6.977035 -0.000005 
4 -79.021551 0.000000 85.501989 99.756700 0.006003 -6.975600 -0.000006 
5 6.825495 0.000000 2.175000 99.866763 0.039383 -9.353984 -0.006087 
6 -79.021551 0.000000 2.175000 99.756384 -0.000609 -6.975205 0.000001 
7 6.825495 0.000000 -81.151989 99.755509 -0.026340 -6.976726 0.000016 
8 92.672542 0.000000 2.175000 99.757204 0.590937 -6.964789 -0.000036 
9 6.825495 0.000000 85.501989 99.757144 0.022325 -6.976541 -0.000016 
10 -36.098028 0.000000 -39.488495 99.754866 -0.013812 -6.975533 0.000031 
11 -79.021551 0.000000 -39.488495 99.756052 -0.005223 -6.975398 0.000007 
12 -36.098028 0.000000 -81.151989 99.755710 -0.013887 -6.975894 0.000014 
13 6.825495 0.000000 -39.488495 99.752770 -0.051173 -6.980789 0.000065 
14 -36.098028 0.000000 2.175000 99.756368 -0.000848 -6.973582 0.000004 
15 49.749019 0.000000 -39.488495 99.755280 -0.098187 -6.983511 0.000010 
16 49.749019 0.000000 -81.151989 99.755826 -0.039957 -6.977386 0.000009 
17 92.672542 0.000000 -39.488495 99.755631 -0.117136 -6.984605 0.000002 
18 49.749019 0.000000 2.175000 99.774751 1.065050 -6.714289 -0.000122 
19 -36.098028 0.000000 43.838495 99.757737 0.011506 -6.975512 -0.000026 
20 -79.021551 0.000000 43.838495 99.756710 0.003953 -6.975397 -0.000006 
21 6.825495 0.000000 43.838495 99.759245 0.042248 -6.979665 -0.000062 
22 -36.098028 0.000000 85.501989 99.757008 0.011792 -6.975847 -0.000012 
23 -14.636266 0.000000 -18.656747 99.748766 -0.024760 -6.975348 0.000153 
24 -36.098028 0.000000 -18.656747 99.754736 -0.009596 -6.974508 0.000035 
25 -14.636266 0.000000 -39.488495 99.753236 -0.026416 -6.976975 0.000061 
26 6.825495 0.000000 -18.656747 99.742206 -0.094615 -7.001437 0.000246 
27 -14.636266 0.000000 2.175000 99.756852 -0.000461 -6.965902 0.000005 
28 49.749019 0.000000 43.838495 99.756756 0.075437 -6.980882 -0.000015 
29 92.672542 0.000000 43.838495 99.756299 0.080377 -6.980195 -0.000005 
30 49.749019 0.000000 85.501989 99.756803 0.033055 -6.977008 -0.000010 
31 28.287257 0.000000 -18.656747 99.753995 -0.198825 -7.003224 0.000006 
32 28.287257 0.000000 -39.488495 99.754466 -0.079740 -6.982949 0.000028 
33 49.749019 0.000000 -18.656747 99.754053 -0.240015 -7.005265 -0.000000 
34 28.287257 0.000000 2.175000 99.857895 1.286217 -5.512903 -0.000365 
35 -14.636266 0.000000 23.006747 99.762721 0.021119 -6.975506 -0.000126 
36 -36.098028 0.000000 23.006747 99.757875 0.007590 -6.974576 -0.000028 
37 6.825495 0.000000 23.006747 99.766343 0.075268 -6.993780 -0.000224 
38 -14.636266 0.000000 43.838495 99.759032 0.022300 -6.976721 -0.000054 
39 -3.905385 0.000000 -8.240874 99.716095 -0.039132 -6.973635 0.000807 
40 -14.636266 0.000000 -8.240874 99.748108 -0.016121 -6.970009 0.000173 
41 -3.905385 0.000000 -18.656747 99.740978 -0.047070 -6.983402 0.000297 
42 6.825495 0.000000 -8.240874 99.710093 -0.146232 -7.109337 0.000733 
43 -3.905385 0.000000 2.175000 99.766103 0.002129 -6.924140 -0.000122 
44 28.287257 0.000000 23.006747 99.756177 0.143736 -6.993334 -0.000022 
45 49.749019 0.000000 23.006747 99.755843 0.155962 -6.990592 -0.000012 
46 28.287257 0.000000 43.838495 99.757640 0.063696 -6.981068 -0.000033 
47 17.556376 0.000000 -8.240874 99.765643 -0.403701 -7.025684 -0.000271 
48 17.556376 0.000000 -18.656747 99.752276 -0.157511 -7.004764 0.000039 
49 28.287257 0.000000 -8.240874 99.755368 -0.501389 -7.008655 -0.000051 
50 17.556376 0.000000 2.175000 99.824125 1.584646 -5.770032 -0.000066 
51 -3.905385 0.000000 12.590874 99.786552 0.035683 -6.977907 -0.000605 
52 -14.636266 0.000000 12.590874 99.763917 0.014027 -6.971139 -0.000144 
53 6.825495 0.000000 12.590874 99.786215 0.116475 -7.050186 -0.000701 
54 -3.905385 0.000000 23.006747 99.767853 0.039948 -6.981719 -0.000237 
55 1.460055 0.000000 -3.032937 99.507732 -0.043237 -6.907103 0.005050 
56 -3.905385 0.000000 -3.032937 99.716195 -0.022063 -6.941563 0.000849 
57 1.460055 0.000000 -8.240874 99.674726 -0.071189 -7.019407 0.001567 
58 6.825495 0.000000 -3.032937 99.644543 -0.148232 -7.680527 0.001195 
59 1.460055 0.000000 2.175000 99.810928 0.006597 -6.700810 -0.000712 
60 17.556376 0.000000 12.590874 99.746599 0.251818 -7.019179 0.000128 
61 28.287257 0.000000 12.590874 99.753341 0.293110 -7.008015 0.000007 
62 17.556376 0.000000 23.006747 99.758511 0.118103 -6.995835 -0.000072 
63 12.190936 0.000000 -3.032937 100.018865 -0.716820 -6.772879 -0.005016 
64 12.190936 0.000000 -8.240874 99.776681 -0.287657 -7.067726 -0.000542 
65 17.556376 0.000000 -3.032937 99.798622 -1.055914 -6.667443 -0.000533 
66 12.190936 0.000000 2.175000 99.484924 1.497100 -5.644585 0.006865 
67 1.460055 0.000000 7.382937 99.890977 0.050966 -7.001173 -0.002723 
68 -3.905385 0.000000 7.382937 99.796398 0.023692 -6.956510 -0.000771 
69 6.825495 0.000000 7.382937 99.824382 0.142464 -7.227663 -0.001717 
70 1.460055 0.000000 12.590874 99.805151 0.063388 -7.006978 -0.001017 
71 4.142775 0.000000 -0.428968 97.648076 -0.010463 -6.631545 0.042088 
72 1.460055 0.000000 -0.428968 99.660813 -0.016651 -6.716451 0.002261 
73 4.142775 0.000000 -3.032937 99.288530 -0.070524 -7.228076 0.008954 
74 6.825495 0.000000 -0.428968 99.486047 -0.038425 -9.533399 0.001164 
75 4.142775 0.000000 2.175000 101.994788 -0.000511 -6.547287 -0.044580 
76 12.190936 0.000000 7.382937 99.667628 0.374554 -7.045545 0.001658 
77 17.556376 0.000000 7.382937 99.732736 0.502296 -6.971415 0.000453 
78 12.190936 0.000000 12.590874 99.750619 0.189067 -7.040527 0.000021 
79 9.508216 0.000000 -0.428968 102.408627 -0.271491 -6.977892 -0.053629 
80 9.508216 0.000000 -3.032937 100.139539 -0.355020 -7.263566 -0.008081 
81 12.190936 0.000000 -0.428968 100.025430 -2.601152 -6.132239 -0.004946 
82 9.508216 0.000000 2.175000 97.375433 -0.000000 -6.783188 0.047201 
83 71.210780 0.000000 -18.656747 99.753965 -0.269075 -7.008596 -0.000005 
84 71.210780 0.000000 -39.488495 99.755543 -0.109148 -6.984011 0.000004 
85 92.672542 0.000000 -18.656747 99.753777 -0.300002 -7.012303 -0.000008 
86 71.210780 0.000000 2.175000 99.762230 0.754083 -6.893218 -0.000059 
87 39.018138 0.000000 -8.240874 99.755083 -0.563768 -6.995704 -0.000033 
88 39.018138 0.000000 -18.656747 99.754085 -0.223193 -7.003926 0.000002 
89 49.749019 0.000000 -8.240874 99.756357 -0.630197 -6.975216 -0.000038 
90 39.018138 0.000000 2.175000 99.788459 1.410446 -6.517502 -0.000220 
91 22.921817 0.000000 -3.032937 99.784238 -1.203506 -6.600866 -0.000191 
92 22.921817 0.000000 -8.240874 99.757128 -0.463557 -7.015040 -0.000091 
93 28.287257 0.000000 -3.032937 99.789944 -1.356021 -6.507975 -0.000223 
94 22.921817 0.000000 2.175000 99.838978 1.339456 -5.767478 -0.000288 
95 14.873656 0.000000 -0.428968 99.821165 -3.102880 -6.527387 -0.001650 
96 14.873656 0.000000 -3.032937 99.852194 -0.944113 -6.691963 -0.001613 
97 17.556376 0.000000 -0.428968 99.773533 -3.470857 -6.998958 -0.001579 
98 14.873656 0.000000 2.175000 99.772546 1.659584 -5.723322 0.000993 
99 9.508216 0.000000 4.778968 99.383651 0.352018 -7.240195 0.007035 
100 6.825495 0.000000 4.778968 99.838585 0.133557 -7.649162 -0.002627 
101 12.190936 0.000000 4.778968 99.503039 0.689013 -6.780549 0.005269 
102 9.508216 0.000000 7.382937 99.670446 0.245168 -7.167629 0.001437 
103 10.849576 0.000000 0.873016 100.017339 11.958979 -26.651712 -0.085680 
104 9.508216 0.000000 0.873016 93.042064 0.043309 -1.277534 0.134154 
105 10.849576 0.000000 -0.428968 100.641361 -1.462683 -5.755281 -0.016395 
106 12.190936 0.000000 0.873016 98.868334 11.435289 -19.965244 -0.030432 
107 10.849576 0.000000 2.175000 98.839288 0.419768 -5.515028 0.020020 
108 8.166856 0.000000 0.873016 99.367602 -0.040746 -12.040043 -0.001888 
109 6.825495 0.000000 0.873016 99.547904 -0.053417 -11.051872 -0.003193 
110 8.166856 0.000000 -0.428968 100.964380 -0.090669 -9.455441 -0.028322 
111 8.166856 0.000000 2.175000 98.458957 0.125431 -9.035535 0.022418 
112 28.287257 0.000000 -60.320242 99.755207 -0.047672 -6.978559 0.000020 
113 6.825495 0.000000 -60.320242 99.754802 -0.034798 -6.977691 0.000029 
114 28.287257 0.000000 -81.151989 99.755643 -0.033595 -6.977132 0.000013 
115 49.749019 0.000000 -60.320242 99.755607 -0.057956 -6.978961 0.000011 
116 17.556376 0.000000 -29.072621 99.752482 -0.093899 -6.988331 0.000060 
117 6.825495 0.000000 -29.072621 99.749935 -0.066653 -6.985578 0.000115 
118 17.556376 0.000000 -39.488495 99.753630 -0.066264 -6.982258 0.000046 
119 28.287257 0.000000 -29.072621 99.754105 -0.116310 -6.989063 0.000026 
120 12.190936 0.000000 -13.448810 99.749998 -0.178366 -7.028974 0.000050 
121 6.825495 0.000000 -13.448810 99.732262 -0.117861 -7.027192 0.000408 
122 12.190936 0.000000 -18.656747 99.748318 -0.127051 -7.005287 0.000118 
123 17.556376 0.000000 -13.448810 99.755607 -0.232113 -7.020965 -0.000053 
124 9.508216 0.000000 -5.636905 99.838900 -0.273362 -7.180691 -0.001944 
125 6.825495 0.000000 -5.636905 99.685425 -0.161118 -7.240094 0.001037 
126 9.508216 0.000000 -8.240874 99.756258 -0.213337 -7.101668 -0.000179 
127 12.190936 0.000000 -5.636905 99.841029 -0.407560 -7.053702 -0.001815 
128 10.849576 0.000000 -1.730953 100.435375 -0.767148 -6.546593 -0.013071 
129 9.508216 0.000000 -1.730953 100.693653 -0.390459 -7.271172 -0.019223 
130 10.849576 0.000000 -3.032937 100.101317 -0.531914 -6.955890 -0.006894 
131 12.190936 0.000000 -1.730953 100.088487 -1.144486 -6.383335 -0.005976 
132 10.178896 0.000000 0.222024 101.681543 -0.291552 -4.864734 -0.036289 
133 9.508216 0.000000 0.222024 104.797068 0.068554 -6.280246 -0.102187 
134 10.178896 0.000000 -0.428968 101.500845 -0.664951 -5.875897 -0.033739 
135 10.849576 0.000000 0.222024 99.760030 -3.154237 -6.877481 -0.000931 
136 10.178896 0.000000 0.873016 98.608163 0.188426 -0.735767 0.027585 
137 71.210780 0.000000 23.006747 99.755722 0.152981 -6.989020 -0.000007 
138 92.672542 0.000000 23.006747 99.755700 0.147030 -6.987754 -0.000005 
139 71.210780 0.000000 43.838495 99.756433 0.079613 -6.980523 -0.000008 
140 39.018138 0.000000 12.590874 99.754391 0.291695 -7.005938 -0.000011 
141 49.749019 0.000000 12.590874 99.754625 0.281205 -7.004652 -0.000013 
142 39.018138 0.000000 23.006747 99.755970 0.153538 -6.991661 -0.000016 
143 22.921817 0.000000 7.382937 99.749666 0.527830 -6.976223 0.000106 
144 28.287257 0.000000 7.382937 99.754286 0.517657 -6.982425 0.000006 
145 22.921817 0.000000 12.590874 99.751099 0.284446 -7.010774 0.000049 
146 14.873656 0.000000 4.778968 99.677470 0.851517 -6.733974 0.001833 
147 17.556376 0.000000 4.778968 99.741227 0.889757 -6.764231 0.000514 
148 14.873656 0.000000 7.382937 99.705435 0.462655 -6.985902 0.000981 
149 13.532296 0.000000 0.873016 99.430436 13.798409 -11.844165 -0.021709 
150 13.532296 0.000000 -0.428968 99.885410 -2.908304 -6.393938 -0.002644 
151 14.873656 0.000000 0.873016 99.588408 10.740360 -10.917205 -0.015239 
152 13.532296 0.000000 2.175000 99.698724 1.617030 -5.678666 0.002530 
153 11.520256 0.000000 0.222024 99.711614 -5.559086 -8.232082 -0.004108 
154 11.520256 0.000000 -0.428968 100.227597 -2.214394 -5.947402 -0.008585 
155 12.190936 0.000000 0.222024 99.608547 -6.223433 -9.028555 -0.004211 
156 11.520256 0.000000 0.873016 98.641135 10.693131 -20.558420 -0.026707 
157 10.849576 0.000000 3.476984 99.127027 0.332534 -6.499532 0.013148 
158 9.508216 0.000000 3.476984 98.860916 0.608743 -7.206117 0.017422 
159 12.190936 0.000000 3.476984 99.526699 3.193743 -4.826118 0.006094 
160 10.849576 0.000000 4.778968 99.421775 0.533260 -6.950750 0.006671 
161 10.178896 0.000000 1.524008 97.672488 0.000000 -4.220173 0.044228 
162 9.508216 0.000000 1.524008 95.272607 0.000000 -5.715221 0.089047 
163 10.849576 0.000000 1.524008 99.243690 1.117361 -5.155659 0.012286 
164 10.178896 0.000000 2.175000 98.070453 0.000000 -5.751583 0.034911 
165 10.514236 0.000000 0.547520 97.720343 -0.363144 -4.644068 0.042904 
166 10.178896 0.000000 0.547520 101.286591 0.537017 -2.549220 -0.026576 
167 10.514236 0.000000 0.222024 100.308559 -1.260479 -5.569775 -0.009442 
168 10.849576 0.000000 0.547520 97.536219 -7.075754 -12.108184 0.029001 
169 10.514236 0.000000 0.873016 103.720547 0.600161 -1.182946 -0.075971 
170 11.520256 0.000000 1.524008 99.411744 3.011677 -6.061739 0.007149 
171 12.190936 0.000000 1.524008 99.539652 3.008821 -6.074304 0.004591 
172 11.520256 0.000000 2.175000 99.251742 1.183337 -5.545698 0.011694 
173 11.184916 0.000000 0.547520 98.513360 -10.379711 -15.319856 -0.004732 
174 11.184916 0.000000 0.222024 99.764891 -4.692730 -7.641915 -0.003345 
175 11.520256 0.000000 0.547520 98.201690 -11.101046 -19.157977 -0.013383 
176 11.184916 0.000000 0.873016 98.387367 12.538967 -21.754270 -0.031055 
177 10.514236 0.000000 1.198512 100.018591 -0.000000 -4.177993 -0.002117 
178 10.178896 0.000000 1.198512 97.868729 -0.000000 -2.864298 0.041351 
179 10.849576 0.000000 1.198512 100.191181 3.097220 -6.762570 -0.009360 
180 10.514236 0.000000 1.524008 98.741424 -0.000000 -4.460119 0.023024 
181 10.681906 0.000000 0.710268 97.212122 4.367835 0.000000 0.053073 
182 10.514236 0.000000 0.710268 99.393867 2.686185 0.000000 0.011364 
183 10.681906 0.000000 0.547520 96.388036 -3.078689 -8.557806 0.062663 
184 10.849576 0.000000 0.710268 94.667397 -8.689300 -31.536325 -0.003196 
185 10.681906 0.000000 0.873016 112.987134 1.370320 -10.057718 -0.286913 
186 11.184916 0.000000 1.198512 99.559740 4.539108 -7.921765 0.000450 
187 11.520256 0.000000 1.198512 99.406953 5.630209 -8.056482 0.002165 
188 11.184916 0.000000 1.524008 99.360319 2.329651 -5.612355 0.009060 
189 11.017246 0.000000 0.710268 95.969811 -8.475207 -33.792763 -0.042398 
190 11.017246 0.000000 0.547520 98.369926 -9.355020 -13.800256 0.004539 
191 11.184916 0.000000 0.710268 96.359703 -5.916232 -34.438729 -0.050622 
192 11.017246 0.000000 0.873016 98.403456 12.933066 -23.418277 -0.039892 
193 10.681906 0.000000 1.035764 103.226296 0.000000 -8.061069 -0.072065 
194 10.514236 0.000000 1.035764 101.977881 -0.000000 -4.007894 -0.041555 
195 10.849576 0.000000 1.035764 101.015696 6.134469 -11.113981 -0.036532 
196 10.681906 0.000000 1.198512 100.519456 0.000000 -5.578161 -0.013528 
197 10.765741 0.000000 0.791642 105.284168 2.966249 -7.036879 -0.114307 
198 10.681906 0.000000 0.791642 110.446228 2.511955 -6.902933 -0.225233 
199 10.765741 0.000000 0.710268 90.278179 -5.286310 -28.912988 0.098594 
200 10.849576 0.000000 0.791642 95.945981 1.581333 -40.121829 -0.081789 
201 10.765741 0.000000 0.873016 123.109707 0.000000 -21.095231 -0.560101 
202 8.166856 0.000000 -1.730953 100.323790 -0.194894 -8.050202 -0.012971 
203 6.825495 0.000000 -1.730953 99.597424 -0.108284 -8.266644 0.001200 
204 8.166856 0.000000 -3.032937 99.959296 -0.221584 -7.591512 -0.004954 
205 8.837536 0.000000 0.222024 104.119608 0.015378 -11.103700 -0.096419 
206 8.166856 0.000000 0.222024 100.907803 -0.003636 -11.352009 -0.031125 
207 8.837536 0.000000 -0.428968 102.116084 -0.141589 -8.666253 -0.050282 
208 8.837536 0.000000 0.873016 95.506916 -0.000000 -19.767230 0.048769 
209 9.843556 0.000000 0.547520 103.812719 0.436270 -2.469141 -0.078337 
210 9.508216 0.000000 0.547520 106.742821 0.264690 -3.599973 -0.140706 
211 9.843556 0.000000 0.222024 103.271806 0.016692 -5.055861 -0.069063 
212 9.843556 0.000000 0.873016 96.704450 0.092630 0.060157 0.064824 
213 10.346566 0.000000 0.710268 99.650166 1.235744 0.000000 0.006832 
214 10.178896 0.000000 0.710268 99.689032 0.751133 0.000000 0.006153 
215 10.346566 0.000000 0.547520 99.738914 0.405195 -3.029634 0.004281 
216 10.346566 0.000000 0.873016 100.141377 0.257260 -0.664270 -0.002880 
217 10.598071 0.000000 0.791642 102.941275 2.036146 -0.585916 -0.060140 
218 10.514236 0.000000 0.791642 101.678573 1.433119 -0.199284 -0.034063 
219 10.598071 0.000000 0.710268 97.777035 3.481181 0.000000 0.042753 
220 10.598071 0.000000 0.873016 107.472242 1.125634 -3.101296 -0.156117 
221 11.017246 0.000000 1.035764 99.634465 8.829272 -12.380176 -0.015825 
222 11.184916 0.000000 1.035764 99.195784 8.936543 -12.919533 -0.008658 
223 11.017246 0.000000 1.198512 99.797158 3.305254 -7.900683 -0.003282 
224 10.765741 0.000000 0.954390 106.661588 0.000000 -12.549974 -0.153420 
225 10.681906 0.000000 0.954390 106.276221 0.000000 -10.778169 -0.141080 
226 10.849576 0.000000 0.954390 100.889157 10.407403 -17.352426 -0.058804 
227 10.765741 0.000000 1.035764 102.580434 0.000000 -8.025244 -0.058715 
228 10.723823 0.000000 0.832329 113.048610 1.937795 -11.206681 -0.290933 
229 10.681906 0.000000 0.832329 112.977486 1.893572 -8.992381 -0.284836 
230 10.723823 0.000000 0.791642 106.423186 2.978837 -6.265348 -0.137402 
231 10.765741 0.000000 0.832329 112.540103 1.913805 -11.773702 -0.280756 
232 10.723823 0.000000 0.873016 113.746141 1.143329 -12.527930 -0.309644 
233 4.142775 0.000000 4.778968 100.230361 0.057059 -7.201818 -0.009799 
234 1.460055 0.000000 4.778968 99.981970 0.032588 -6.893729 -0.004392 
235 4.142775 0.000000 7.382937 99.953173 0.081864 -7.117521 -0.004130 
236 8.166856 0.000000 3.476984 99.188158 0.204909 -7.934914 0.009870 
237 6.825495 0.000000 3.476984 99.874295 0.103769 -8.200603 -0.004214 
238 8.166856 0.000000 4.778968 99.580138 0.216689 -7.562352 0.002656 
239 8.837536 0.000000 1.524008 95.782441 0.104337 -9.555414 0.073441 
240 8.166856 0.000000 1.524008 98.252195 0.044558 -10.345199 0.023948 
241 8.837536 0.000000 2.175000 97.545108 0.273418 -8.232326 0.041711 
242 9.843556 0.000000 1.198512 95.732303 -0.000000 -2.951034 0.082662 
243 9.508216 0.000000 1.198512 93.421261 0.000000 -4.233141 0.125455 
244 9.843556 0.000000 1.524008 96.400595 0.000000 -4.596373 0.068580 
245 10.346566 0.000000 1.035764 99.621378 -0.000000 -2.308416 0.007025 
246 10.178896 0.000000 1.035764 98.189803 0.000000 -1.918216 0.035508 
247 10.346566 0.000000 1.198512 98.977552 -0.000000 -3.255467 0.019285 
248 10.598071 0.000000 0.954390 105.604472 -0.000000 -6.669533 -0.119679 
249 10.514236 0.000000 0.954390 103.466126 -0.000000 -3.742166 -0.071924 
250 10.598071 0.000000 1.035764 102.949906 -0.000000 -5.672505 -0.063086 
251 10.639988 0.000000 0.832329 109.396317 2.001568 -4.772053 -0.199433 
252 10.598071 0.000000 0.832329 105.493770 2.034352 -1.568688 -0.113553 
253 10.639988 0.000000 0.791642 106.426545 2.529917 -2.740263 -0.134052 
254 10.639988 0.000000 0.873016 109.517585 1.503524 -6.056475 -0.203304 
255 10.178896 0.000000 -1.079961 101.011544 -0.635586 -6.515487 -0.024619 
256 9.508216 0.000000 -1.079961 101.265137 -0.381202 -7.191552 -0.030649 
257 10.178896 0.000000 -1.730953 100.630618 -0.558582 -6.817972 -0.017332 
258 10.849576 0.000000 -1.079961 100.603579 -0.997194 -6.194828 -0.016045 
259 10.514236 0.000000 -0.103472 100.928948 -1.177214 -5.422943 -0.021745 
260 10.178896 0.000000 -0.103472 101.718500 -0.599338 -5.378314 -0.037594 
261 10.514236 0.000000 -0.428968 101.010593 -1.029537 -5.733178 -0.023707 
262 10.849576 0.000000 -0.103472 100.435958 -1.962915 -5.762371 -0.012444 
263 10.681906 0.000000 0.384772 98.949299 -2.754938 -6.614501 0.015769 
264 10.514236 0.000000 0.384772 99.491856 -1.273194 -5.232601 0.007237 
265 10.681906 0.000000 0.222024 99.913137 -2.110889 -6.211000 -0.002567 
266 10.849576 0.000000 0.384772 99.035878 -4.534161 -7.881313 0.010922 
267 10.765741 0.000000 0.628894 94.379464 -6.054888 -16.109058 0.079635 
268 10.681906 0.000000 0.628894 92.938774 -2.291611 -11.539173 0.122398 
269 10.765741 0.000000 0.547520 96.809661 -5.185941 -10.660344 0.048735 
270 10.849576 0.000000 0.628894 96.203082 -8.980346 -18.461934 0.032348 
271 10.723823 0.000000 0.750955 97.208339 4.321646 0.000000 0.053186 
272 10.681906 0.000000 0.750955 99.422931 3.930717 -1.084319 0.009845 
273 10.723823 0.000000 0.710268 97.177225 3.884007 0.000000 0.054150 
274 10.765741 0.000000 0.750955 97.179246 3.883701 0.000000 0.054111 
275 10.702865 0.000000 0.811985 109.319326 2.326725 -9.617390 -0.204862 
276 10.681906 0.000000 0.811985 110.972016 2.394240 -7.304520 -0.237388 
277 10.702865 0.000000 0.791642 108.401478 2.419659 -9.518857 -0.184734 
278 10.723823 0.000000 0.811985 108.905982 2.561087 -7.653127 -0.192564 
279 10.702865 0.000000 0.832329 113.933534 1.797154 -11.219665 -0.310996 
280 10.598071 0.000000 0.628894 94.033924 0.080658 -6.731409 0.111230 
281 10.514236 0.000000 0.628894 96.197173 0.913850 -4.027390 0.072905 
282 10.598071 0.000000 0.547520 96.765671 -1.385131 -6.322129 0.059452 
283 10.639988 0.000000 0.750955 97.438855 4.041707 0.000000 0.048933 
284 10.598071 0.000000 0.750955 97.863143 3.819411 0.000000 0.040822 
285 10.639988 0.000000 0.710268 97.365696 4.312760 0.000000 0.050132 
286 10.660947 0.000000 0.811985 108.748145 2.522129 -4.941511 -0.185694 
287 10.639988 0.000000 0.811985 107.149866 2.506845 -3.571746 -0.150014 
288 10.660947 0.000000 0.791642 108.004755 2.717403 -4.576211 -0.169335 
289 10.660947 0.000000 0.832329 110.902124 1.960086 -6.410257 -0.234421 
290 10.660947 0.000000 0.771298 104.393354 2.998056 -3.660748 -0.092036 
291 10.639988 0.000000 0.771298 103.414418 3.102792 -2.475650 -0.071030 
292 10.660947 0.000000 0.750955 98.923394 3.841609 -0.560025 0.019909 
293 10.681906 0.000000 0.771298 104.747719 3.097441 -4.357244 -0.100066 
294 10.671426 0.000000 0.801814 110.386418 2.673063 -6.479174 -0.223429 
295 10.660947 0.000000 0.801814 110.479524 2.539204 -6.126915 -0.224971 
296 10.671426 0.000000 0.791642 108.254875 2.768230 -5.536638 -0.175744 
297 10.681906 0.000000 0.801814 111.607419 2.382968 -7.532166 -0.251863 
298 10.671426 0.000000 0.811985 108.989397 2.586426 -6.003711 -0.192142 
299 10.430401 0.000000 0.791642 100.739103 0.919225 -0.178103 -0.014924 
300 10.346566 0.000000 0.791642 100.066050 0.676296 -0.154040 -0.001370 
301 10.430401 0.000000 0.710268 99.593119 1.674996 0.000000 0.007841 
302 10.430401 0.000000 0.873016 101.473646 0.400975 -0.737209 -0.029761 
303 10.556153 0.000000 0.832329 103.676781 1.580932 -0.449873 -0.075158 
304 10.514236 0.000000 0.832329 102.743024 1.226650 -0.271971 -0.055771 
305 10.556153 0.000000 0.791642 102.467586 1.893126 -0.202897 -0.050323 
306 10.556153 0.000000 0.873016 104.895658 0.837272 -1.502179 -0.100606 
307 10.430401 0.000000 0.954390 101.357779 -0.000000 -2.409124 -0.027920 
308 10.346566 0.000000 0.954390 100.030372 -0.000000 -1.700654 -0.000897 
309 10.430401 0.000000 1.035764 100.721590 -0.000000 -2.856188 -0.015300 
310 10.472318 0.000000 0.832329 101.438697 1.114398 -0.204597 -0.029109 
311 10.430401 0.000000 0.832329 100.903920 0.931193 -0.190182 -0.018250 
312 10.472318 0.000000 0.791642 101.187055 1.160128 -0.186949 -0.024020 
313 10.472318 0.000000 0.873016 102.143337 0.547225 -0.785563 -0.043418 
314 10.556153 0.000000 0.750955 98.484051 3.126477 0.000000 0.029112 
315 10.514236 0.000000 0.750955 99.213449 2.550793 0.000000 0.015018 
316 10.556153 0.000000 0.710268 98.829923 3.032286 0.000000 0.022345 
317 10.535195 0.000000 0.811985 102.370631 1.458029 -0.199312 -0.048191 
318 10.514236 0.000000 0.811985 101.769805 1.402019 -0.204295 -0.035910 
319 10.535195 0.000000 0.791642 102.072950 1.622784 -0.174798 -0.042155 
320 10.556153 0.000000 0.811985 102.830018 1.730448 -0.243128 -0.057707 
321 10.535195 0.000000 0.832329 102.812533 1.331806 -0.264128 -0.057226 
322 10.011226 0.000000 0.710268 99.693093 0.569442 0.000000 0.006096 
323 9.843556 0.000000 0.710268 99.689809 0.387199 0.000000 0.006179 
324 10.011226 0.000000 0.547520 102.539747 0.508217 -2.425861 -0.052054 
325 10.011226 0.000000 0.873016 97.683129 0.089714 -0.657076 0.045757 
326 10.262731 0.000000 0.791642 99.498298 0.507687 -0.235177 0.009978 
327 10.178896 0.000000 0.791642 98.989865 0.440820 -0.356109 0.020069 
328 10.262731 0.000000 0.710268 99.680813 0.875517 0.000000 0.006297 
329 10.262731 0.000000 0.873016 99.288800 0.232519 -0.612638 0.014130 
330 10.388483 0.000000 0.832329 100.440505 0.718024 -0.189851 -0.008885 
331 10.346566 0.000000 0.832329 100.011930 0.617033 -0.194334 -0.000280 
332 10.388483 0.000000 0.791642 100.296621 0.797905 -0.159514 -0.006007 
333 10.388483 0.000000 0.873016 100.832122 0.283813 -0.764205 -0.016778 
334 10.011226 0.000000 1.035764 96.876075 0.000000 -1.695282 0.061215 
335 9.843556 0.000000 1.035764 95.515660 -0.000000 -1.762570 0.087365 
336 10.011226 0.000000 1.198512 96.833083 0.000000 -2.743529 0.061583 
337 10.095061 0.000000 0.791642 98.746810 0.378115 -0.441886 0.024873 
338 10.011226 0.000000 0.791642 98.925532 0.375318 -0.254779 0.021353 
339 10.095061 0.000000 0.710268 99.693481 0.654846 0.000000 0.006078 
340 10.095061 0.000000 0.873016 98.025979 0.101245 -0.851084 0.039017 
341 9.172876 0.000000 0.547520 110.332666 0.089728 -7.745984 -0.223331 
342 8.837536 0.000000 0.547520 105.625708 -0.045893 -14.883626 -0.137831 
343 9.172876 0.000000 0.222024 105.533020 0.047676 -8.702522 -0.121295 
344 9.172876 0.000000 0.873016 88.244016 0.028166 -2.241122 0.220797 
345 9.675886 0.000000 0.710268 99.682394 0.292481 0.000000 0.006333 
346 9.508216 0.000000 0.710268 99.673322 0.244280 0.000000 0.006517 
347 9.675886 0.000000 0.547520 105.214776 0.352642 -2.851981 -0.107841 
348 9.675886 0.000000 0.873016 94.494678 0.054422 -0.153544 0.107073 
349 9.927391 0.000000 0.791642 98.736997 0.314763 0.000614 0.025091 
350 9.843556 0.000000 0.791642 98.323660 0.260616 0.213045 0.033234 
351 9.927391 0.000000 0.710268 99.690993 0.472806 0.000000 0.006148 
352 9.927391 0.000000 0.873016 97.357581 0.103905 -0.235212 0.052144 
353 9.172876 0.000000 1.198512 91.669247 0.000000 -7.708087 0.153733 
354 8.837536 0.000000 1.198512 93.077789 -0.000000 -11.680037 0.120010 
355 9.172876 0.000000 1.524008 94.847747 0.000000 -7.806128 0.094297 
356 9.675886 0.000000 1.035764 94.088178 0.000000 -2.141887 0.114283 
357 9.508216 0.000000 1.035764 92.431267 0.000000 -2.933371 0.144786 
358 9.675886 0.000000 1.198512 94.610755 0.000000 -3.360957 0.103751 
359 9.759721 0.000000 0.791642 97.717963 0.196335 0.329708 0.045105 
360 9.675886 0.000000 0.791642 97.097327 0.175293 0.244823 0.057202 
361 9.759721 0.000000 0.710268 99.687806 0.330661 0.000000 0.006223 
362 9.759721 0.000000 0.873016 95.515745 0.061163 0.081756 0.087673 
363 9.340546 0.000000 0.710268 99.661958 0.164292 0.000000 0.006747 
364 9.172876 0.000000 0.710268 99.652058 0.101592 0.000000 0.006946 
365 9.340546 0.000000 0.547520 108.528766 0.178362 -4.902639 -0.180256 
366 9.340546 0.000000 0.873016 92.356338 0.045781 -0.815920 0.146964 
367 9.592051 0.000000 0.791642 96.417827 0.158922 -0.054566 0.070357 
368 9.508216 0.000000 0.791642 96.114474 0.144329 -0.623852 0.076160 
369 9.592051 0.000000 0.710268 99.676404 0.266239 0.000000 0.006454 
370 9.592051 0.000000 0.873016 93.510065 0.048259 -0.686929 0.125539 
371 9.340546 0.000000 1.035764 90.494925 0.000000 -4.132958 0.179359 
372 9.172876 0.000000 1.035764 88.251641 0.000000 -6.790894 0.216553 
373 9.340546 0.000000 1.198512 92.309179 0.000000 -5.519534 0.144855 
374 9.424381 0.000000 0.791642 96.432314 0.127433 -0.425766 0.070061 
375 9.340546 0.000000 0.791642 95.197527 0.092335 0.089757 0.093741 
376 9.424381 0.000000 0.710268 99.670138 0.213533 0.000000 0.006582 
377 9.424381 0.000000 0.873016 93.557087 0.054693 -1.080114 0.124590 
378 9.592051 0.000000 0.954390 92.960232 0.000000 -1.708047 0.135548 
379 9.508216 0.000000 0.954390 92.078634 0.000000 -2.220601 0.151659 
380 9.675886 0.000000 0.954390 93.773910 0.000000 -1.308323 0.120474 
381 9.592051 0.000000 1.035764 93.275208 0.000000 -2.493061 0.129352 
382 9.550133 0.000000 0.832329 94.671960 0.097344 -0.447239 0.103701 
383 9.508216 0.000000 0.832329 95.819940 0.130204 -0.628719 0.081813 
384 9.550133 0.000000 0.791642 96.398079 0.151925 -0.095282 0.070738 
385 9.592051 0.000000 0.832329 96.023971 0.143019 -0.124000 0.077936 
386 9.550133 0.000000 0.873016 93.839993 0.066497 -0.788231 0.119343 
387 5.484135 0.000000 0.873016 99.794140 -0.060962 -14.936914 -0.018199 
388 4.142775 0.000000 0.873016 99.987663 -0.001877 -2.800134 -0.000537 
389 5.484135 0.000000 -0.428968 97.992152 -0.016435 -9.050177 0.031563 
390 5.484135 0.000000 2.175000 101.462566 0.008902 -9.052179 -0.037659 
391 7.496176 0.000000 0.222024 99.916691 0.002802 -10.702127 -0.009788 
392 6.825495 0.000000 0.222024 99.448646 0.009915 -10.565453 -0.000166 
393 7.496176 0.000000 -0.428968 100.098205 -0.059266 -9.542205 -0.011071 
394 7.496176 0.000000 0.873016 99.521708 -0.048401 -11.046330 -0.002659 
395 8.502196 0.000000 0.547520 101.368638 -0.073821 -13.530192 -0.045867 
396 8.166856 0.000000 0.547520 100.284987 -0.079802 -12.455403 -0.021222 
397 8.502196 0.000000 0.222024 102.093834 -0.001166 -11.657825 -0.055906 
398 8.502196 0.000000 0.873016 99.004744 -0.041013 -13.675182 0.001105 
399 9.005206 0.000000 0.710268 99.639177 -0.002115 0.000000 0.007203 
400 8.837536 0.000000 0.710268 103.993956 -0.067474 -19.429864 -0.119227 
401 9.005206 0.000000 0.547520 109.685744 0.005856 -12.504600 -0.218733 
402 9.005206 0.000000 0.873016 86.430611 0.003283 -10.720186 0.241483 
403 9.256711 0.000000 0.791642 94.117253 0.076581 -0.367337 0.114180 
404 9.172876 0.000000 0.791642 93.670025 0.061713 -0.172881 0.122589 
405 9.256711 0.000000 0.710268 99.656583 0.132575 0.000000 0.006855 
406 9.256711 0.000000 0.873016 91.749479 0.047022 -1.117218 0.158078 
407 7.496176 0.000000 1.524008 99.259502 0.015133 -10.098087 0.004558 
408 6.825495 0.000000 1.524008 99.772100 -0.004937 -10.173092 -0.005796 
409 7.496176 0.000000 2.175000 99.268606 0.070681 -9.265635 0.005989 
410 8.502196 0.000000 1.198512 97.327277 0.002854 -11.931406 0.038504 
411 8.166856 0.000000 1.198512 98.555703 0.000117 -11.274406 0.015966 
412 8.502196 0.000000 1.524008 97.216793 0.064503 -10.303077 0.044274 
413 9.005206 0.000000 1.035764 88.882434 0.000000 -12.442220 0.194510 
414 8.837536 0.000000 1.035764 92.855431 -0.000000 -14.995454 0.115301 
415 9.005206 0.000000 1.198512 92.397493 -0.000000 -10.352090 0.135554 
416 9.256711 0.000000 0.954390 88.174686 0.000000 -4.060470 0.220874 
417 9.172876 0.000000 0.954390 86.484368 0.000000 -5.718302 0.248776 
418 9.340546 0.000000 0.954390 89.719334 0.000000 -3.029789 0.194126 
419 9.256711 0.000000 1.035764 89.445473 0.000000 -5.152783 0.197296 
420 9.298628 0.000000 0.832329 93.070671 0.065902 -0.367452 0.133771 
421 9.256711 0.000000 0.832329 93.914901 0.072742 -0.363969 0.117985 
422 9.298628 0.000000 0.791642 95.602594 0.089143 0.115934 0.086012 
423 9.340546 0.000000 0.832329 94.767872 0.083502 -0.071681 0.101904 
424 9.298628 0.000000 0.873016 90.972959 0.034416 -1.022291 0.172287 
425 8.837536 0.000000 -1.079961 101.117293 -0.236123 -8.005695 -0.028885 
426 8.166856 0.000000 -1.079961 100.607115 -0.154894 -8.515098 -0.019432 
427 8.837536 0.000000 -1.730953 100.591284 -0.270024 -7.710753 -0.017814 
428 9.172876 0.000000 -0.103472 103.542019 -0.091942 -8.117842 -0.078686 
429 8.837536 0.000000 -0.103472 102.921115 -0.070895 -9.405468 -0.068122 
430 9.172876 0.000000 -0.428968 102.458070 -0.189902 -7.848782 -0.055930 
431 9.508216 0.000000 -0.103472 103.367136 -0.144702 -6.714067 -0.072986 
432 9.340546 0.000000 0.384772 106.769373 0.049098 -6.791653 -0.144583 
433 9.172876 0.000000 0.384772 107.302150 -0.001891 -8.871941 -0.159246 
434 9.340546 0.000000 0.222024 105.361851 0.065991 -7.336422 -0.115495 
435 9.508216 0.000000 0.384772 105.750014 0.089228 -5.454985 -0.121283 
436 9.256711 0.000000 0.628894 110.860309 0.189246 -4.568657 -0.231092 
437 9.172876 0.000000 0.628894 112.521413 0.132660 -6.443723 -0.270261 
438 9.256711 0.000000 0.547520 109.508731 0.133628 -6.049345 -0.202877 
439 9.340546 0.000000 0.628894 109.358024 0.245271 -3.545430 -0.197181 
440 9.298628 0.000000 0.750955 98.158901 0.133000 -0.029462 0.036481 
441 9.256711 0.000000 0.750955 99.656647 0.131613 0.000000 0.006854 
442 9.298628 0.000000 0.710268 99.659172 0.151425 0.000000 0.006803 
443 9.340546 0.000000 0.750955 99.661969 0.164345 0.000000 0.006746 
444 9.424381 0.000000 0.954390 91.225565 0.000000 -2.539556 0.167145 
445 9.424381 0.000000 1.035764 91.534128 0.000000 -3.441221 0.160966 
446 9.382463 0.000000 0.832329 94.686752 0.083560 -0.423960 0.103423 
447 9.382463 0.000000 0.791642 96.635425 0.118025 -0.325588 0.066147 
448 9.424381 0.000000 0.832329 95.696343 0.110906 -0.550332 0.084189 
449 9.382463 0.000000 0.873016 92.557718 0.047736 -0.906530 0.143224 
450 9.319587 0.000000 0.811985 94.904496 0.086755 0.151662 0.099311 
451 9.298628 0.000000 0.811985 95.101207 0.084875 0.061192 0.095575 
452 9.319587 0.000000 0.791642 94.932597 0.087409 0.170406 0.098777 
453 9.340546 0.000000 0.811985 95.241690 0.092428 0.046675 0.092901 
454 9.319587 0.000000 0.832329 94.948309 0.085997 -0.200214 0.098477 
455 9.089041 0.000000 0.791642 92.569518 0.029943 -1.104412 0.142966 
456 9.005206 0.000000 0.791642 94.640387 0.009347 -3.693431 0.102956 
457 9.089041 0.000000 0.710268 99.644053 0.049750 0.000000 0.007106 
458 9.089041 0.000000 0.873016 85.711406 0.017723 -4.140959 0.263641 
459 9.214793 0.000000 0.832329 91.963374 0.054832 -0.356303 0.154261 
460 9.172876 0.000000 0.832329 92.856425 0.058895 -0.436994 0.137749 
461 9.214793 0.000000 0.791642 94.033800 0.069170 -0.327681 0.115753 
462 9.214793 0.000000 0.873016 89.770766 0.033994 -1.391747 0.193927 
463 9.089041 0.000000 0.954390 85.519985 0.000000 -9.342658 0.259905 
464 9.005206 0.000000 0.954390 86.372710 -0.000000 -13.887819 0.234688 
465 9.089041 0.000000 1.035764 87.908586 0.000000 -9.536428 0.218114 
466 9.130958 0.000000 0.832329 92.151874 0.046911 -0.722533 0.150751 
467 9.089041 0.000000 0.832329 91.294899 0.029786 -1.759829 0.166214 
468 9.130958 0.000000 0.791642 93.090243 0.047735 -0.479783 0.133397 
469 9.130958 0.000000 0.873016 87.266415 0.022844 -2.485785 0.237839 
470 8.669866 0.000000 0.710268 101.107254 -0.057613 -15.647847 -0.046754 
471 8.502196 0.000000 0.710268 100.341965 -0.056821 -13.853064 -0.026042 
472 8.669866 0.000000 0.547520 102.744388 -0.066395 -14.375896 -0.076308 
473 8.669866 0.000000 0.873016 98.384759 -0.056145 -15.547676 0.007871 
474 8.921371 0.000000 0.791642 91.868294 -0.001685 -18.840754 0.120524 
475 8.837536 0.000000 0.791642 96.368332 -0.000000 -21.160739 0.026537 
476 8.921371 0.000000 0.710268 109.400766 -0.062225 -21.959536 -0.245075 
477 8.921371 0.000000 0.873016 90.031942 0.000000 -22.116043 0.140513 
478 9.047123 0.000000 0.832329 91.432786 0.016068 -3.437533 0.162823 
479 9.005206 0.000000 0.832329 90.790432 0.008250 -6.209911 0.171853 
480 9.047123 0.000000 0.791642 90.691270 0.016836 -2.356508 0.176954 
481 9.047123 0.000000 0.873016 86.634217 0.007557 -6.438639 0.245306 
482 9.005206 0.000000 0.384772 106.666275 -0.058171 -11.273410 -0.150479 
483 8.837536 0.000000 0.384772 104.892618 -0.015471 -12.811479 -0.116660 
484 9.005206 0.000000 0.222024 105.092749 0.028010 -10.103566 -0.114657 
485 9.089041 0.000000 0.628894 113.649774 0.073018 -9.695400 -0.301028 
486 9.005206 0.000000 0.628894 112.609956 0.016417 -14.009542 -0.287727 
487 9.089041 0.000000 0.547520 110.565908 0.045459 -10.033571 -0.232549 
488 9.047123 0.000000 0.750955 97.963019 0.021658 -0.735009 0.040271 
489 9.005206 0.000000 0.750955 96.192486 0.006751 -2.347719 0.074149 
490 9.047123 0.000000 0.710268 99.641636 0.023837 0.000000 0.007154 
491 9.089041 0.000000 0.750955 97.964389 0.046795 -0.263445 0.040291 
492 9.068082 0.000000 0.811985 91.342663 0.023550 -1.988455 0.165256 
493 9.047123 0.000000 0.811985 90.866406 0.016736 -2.619730 0.173643 
494 9.068082 0.000000 0.791642 91.989791 0.024667 -1.368880 0.153600 
495 9.089041 0.000000 0.811985 91.997604 0.030594 -1.247189 0.153488 
496 9.068082 0.000000 0.832329 91.392904 0.017962 -2.749567 0.163978 
497 8.669866 0.000000 1.035764 96.572403 -0.039895 -13.885267 0.048097 
498 8.502196 0.000000 1.035764 97.908525 -0.021685 -12.912166 0.024720 
499 8.669866 0.000000 1.198512 96.089266 -0.005731 -12.159032 0.061901 
500 8.921371 0.000000 0.954390 90.741227 -0.000000 -16.471210 0.149473 
501 8.837536 0.000000 0.954390 93.674129 -0.000000 -17.011549 0.093576 
502 8.921371 0.000000 1.035764 91.316881 -0.000000 -14.231891 0.145868 
503 8.963288 0.000000 0.832329 89.981237 0.000584 -13.404846 0.172369 
504 8.921371 0.000000 0.832329 92.055372 -0.001592 -18.637530 0.117845 
505 8.963288 0.000000 0.791642 85.483749 0.000470 -13.656383 0.250603 
506 8.963288 0.000000 0.873016 88.543909 -0.000718 -15.306752 0.192568 
507 9.026164 0.000000 0.811985 90.387099 0.009532 -3.520080 0.181778 
508 9.005206 0.000000 0.811985 93.308565 0.008849 -4.598358 0.127237 
509 9.026164 0.000000 0.791642 90.395065 0.009709 -2.542829 0.182227 
510 9.026164 0.000000 0.832329 89.569015 0.009353 -5.745256 0.194438 
511 8.921371 0.000000 0.628894 108.946890 -0.025217 -16.718474 -0.214893 
512 8.837536 0.000000 0.628894 105.474538 -0.045931 -16.823488 -0.140791 
513 8.921371 0.000000 0.547520 107.756094 -0.025577 -14.250565 -0.181446 
514 8.963288 0.000000 0.750955 96.807324 0.001244 -4.010304 0.061226 
515 8.921371 0.000000 0.750955 96.726653 -0.005433 -8.887650 0.056496 
516 8.963288 0.000000 0.710268 99.638858 -0.008266 0.000000 0.007210 
517 8.984247 0.000000 0.811985 86.429620 0.003299 -10.454604 0.242062 
518 8.963288 0.000000 0.811985 86.075000 0.000451 -14.227924 0.238866 
519 8.984247 0.000000 0.791642 85.536211 0.003398 -9.954623 0.258446 
520 8.984247 0.000000 0.832329 89.836409 0.003653 -9.363617 0.184174 
521 8.984247 0.000000 0.771298 95.437856 0.005132 -4.000522 0.087561 
522 8.963288 0.000000 0.771298 93.293540 0.000769 -9.183896 0.121197 
523 8.984247 0.000000 0.750955 97.880463 0.006311 -1.745472 0.041637 
524 9.005206 0.000000 0.771298 96.308350 0.010829 -2.264670 0.071957 
525 8.994726 0.000000 0.801814 83.639382 0.001116 -10.302377 0.289831 
526 8.984247 0.000000 0.801814 83.374489 0.002919 -11.879309 0.290758 
527 8.994726 0.000000 0.791642 85.279605 0.001159 -9.610100 0.263504 
528 9.005206 0.000000 0.801814 82.544462 0.002251 -10.817876 0.306939 
529 8.994726 0.000000 0.811985 88.088656 0.003932 -8.132415 0.217425 
530 28.287257 0.000000 64.670242 99.757286 0.039382 -6.977940 -0.000021 
531 6.825495 0.000000 64.670242 99.757702 0.029229 -6.977308 -0.000028 
532 49.749019 0.000000 64.670242 99.756869 0.046832 -6.978111 -0.000013 
533 28.287257 0.000000 85.501989 99.756995 0.028193 -6.976851 -0.000014 
534 17.556376 0.000000 33.422621 99.759127 0.074230 -6.985051 -0.000068 
535 6.825495 0.000000 33.422621 99.761286 0.054236 -6.983182 -0.000108 
536 28.287257 0.000000 33.422621 99.757540 0.089727 -6.985017 -0.000037 
537 17.556376 0.000000 43.838495 99.758452 0.053804 -6.980713 -0.000048 
538 12.190936 0.000000 17.798810 99.761967 0.129895 -7.011392 -0.000163 
539 6.825495 0.000000 17.798810 99.772927 0.092226 -7.008659 -0.000377 
540 17.556376 0.000000 17.798810 99.756208 0.162942 -7.006856 -0.000042 
541 12.190936 0.000000 23.006747 99.761979 0.097757 -6.996273 -0.000141 
542 9.508216 0.000000 9.986905 99.752053 0.188399 -7.094470 -0.000084 
543 6.825495 0.000000 9.986905 99.800633 0.130201 -7.102293 -0.001063 
544 12.190936 0.000000 9.986905 99.729934 0.253051 -7.058899 0.000405 
545 9.508216 0.000000 12.590874 99.764614 0.152446 -7.052193 -0.000273 
546 10.849576 0.000000 6.080953 99.575283 0.382482 -7.078621 0.003451 
547 9.508216 0.000000 6.080953 99.588547 0.288812 -7.210717 0.003004 
548 12.190936 0.000000 6.080953 99.601678 0.474744 -6.974562 0.003064 
549 10.849576 0.000000 7.382937 99.648514 0.308562 -7.098069 0.001970 
550 10.178896 0.000000 4.127976 99.200278 0.569515 -6.985449 0.011018 
551 9.508216 0.000000 4.127976 99.185092 0.411885 -7.235776 0.010979 
552 10.178896 0.000000 3.476984 98.921386 0.000000 -6.783085 0.016855 
553 10.849576 0.000000 4.127976 99.276984 0.716974 -6.794348 0.009740 
554 10.178896 0.000000 4.778968 99.385856 0.443548 -7.075201 0.007220 
555 10.178896 0.000000 2.825992 98.621826 0.000000 -6.510187 0.023135 
556 9.508216 0.000000 2.825992 98.419910 -0.000000 -7.068775 0.026355 
557 10.849576 0.000000 2.825992 98.920730 0.093063 -6.113714 0.017730 
558 13.532296 0.000000 3.476984 99.619359 2.009740 -6.124811 0.003443 
559 14.873656 0.000000 3.476984 99.702818 1.745841 -6.282458 0.001683 
560 13.532296 0.000000 4.778968 99.617864 0.795189 -6.741645 0.003020 
561 11.520256 0.000000 4.127976 99.397031 0.836427 -6.688574 0.007479 
562 11.520256 0.000000 3.476984 99.426025 -1.241827 -5.018756 0.008774 
563 12.190936 0.000000 4.127976 99.479656 0.930950 -6.617827 0.005914 
564 11.520256 0.000000 4.778968 99.460804 0.617451 -6.848402 0.006027 
565 10.514236 0.000000 3.802480 99.134676 0.906919 -6.774618 0.012560 
566 10.178896 0.000000 3.802480 99.082995 0.777141 -6.906311 0.013426 
567 10.514236 0.000000 3.476984 99.012063 -0.000000 -6.638514 0.015254 
568 10.849576 0.000000 3.802480 99.200544 1.000480 -6.680059 0.011363 
569 10.514236 0.000000 4.127976 99.230210 0.648356 -6.877606 0.010564 
570 11.520256 0.000000 2.825992 99.236227 0.584730 -5.998896 0.011584 
571 12.190936 0.000000 2.825992 99.449391 0.777480 -5.926483 0.007409 
572 10.514236 0.000000 3.151488 98.894275 -0.000000 -6.479730 0.017794 
573 10.178896 0.000000 3.151488 98.780782 -0.000000 -6.682767 0.019770 
574 10.514236 0.000000 2.825992 98.843205 -0.000000 -6.330964 0.018994 
575 10.849576 0.000000 3.151488 99.016790 0.181787 -6.334589 0.015552 
576 11.184916 0.000000 3.802480 99.272938 1.061418 -6.607124 0.010010 
577 11.184916 0.000000 3.476984 99.241462 -0.020451 -6.223568 0.011240 
578 11.520256 0.000000 3.802480 99.339056 1.111506 -6.552852 0.008758 
579 11.184916 0.000000 4.127976 99.334511 0.782105 -6.730266 0.008675 
580 10.681906 0.000000 3.639732 99.114521 1.798113 -6.659121 0.012873 
581 10.514236 0.000000 3.639732 99.079882 1.542049 -6.711611 0.013575 
582 10.681906 0.000000 3.476984 99.060938 0.000000 -6.577499 0.014367 
583 10.849576 0.000000 3.639732 99.153643 1.605338 -6.601699 0.012240 
584 10.681906 0.000000 3.802480 99.166771 0.955918 -6.724468 0.011982 
585 14.873656 0.000000 -5.636905 99.802079 -0.523406 -6.986489 -0.000954 
586 14.873656 0.000000 -8.240874 99.773455 -0.355163 -7.039565 -0.000442 
587 17.556376 0.000000 -5.636905 99.775033 -0.592140 -6.961540 -0.000387 
588 13.532296 0.000000 -1.730953 99.936593 -1.359354 -6.354994 -0.002956 
589 13.532296 0.000000 -3.032937 99.910908 -0.852327 -6.720066 -0.002808 
590 14.873656 0.000000 -1.730953 99.861612 -1.475928 -6.364151 -0.001502 
591 12.861616 0.000000 0.222024 99.719733 -5.858591 -9.423046 -0.006714 
592 12.861616 0.000000 -0.428968 99.930210 -2.792965 -6.292637 -0.003344 
593 13.532296 0.000000 0.222024 99.738896 -6.702796 -8.899246 -0.007197 
594 12.861616 0.000000 0.873016 98.817091 16.499089 -17.352533 -0.033815 
595 20.239096 0.000000 -0.428968 99.683539 -4.799638 -8.020699 -0.002418 
596 20.239096 0.000000 -3.032937 99.786591 -1.131783 -6.637167 -0.000270 
597 22.921817 0.000000 -0.428968 99.604493 -6.111276 -9.146502 -0.004206 
598 20.239096 0.000000 2.175000 99.834247 1.465695 -5.779683 -0.000243 
599 16.215016 0.000000 0.873016 99.707083 8.104231 -9.571424 -0.009879 
600 16.215016 0.000000 -0.428968 99.775677 -3.300670 -6.775316 -0.001199 
601 17.556376 0.000000 0.873016 99.729220 6.394401 -8.734774 -0.006310 
602 16.215016 0.000000 2.175000 99.808663 1.627620 -5.759832 0.000241 
603 14.202976 0.000000 0.222024 99.496361 -7.563893 -10.546625 -0.006797 
604 14.202976 0.000000 -0.428968 99.858726 -3.001781 -6.451560 -0.002240 
605 14.873656 0.000000 0.222024 98.954066 -8.500036 -13.474308 -0.004571 
606 14.202976 0.000000 0.873016 99.579672 11.857626 -11.784452 -0.019559 
607 16.215016 0.000000 -1.730953 99.826042 -1.557118 -6.360536 -0.000812 
608 16.215016 0.000000 -3.032937 99.811526 -1.008692 -6.686783 -0.000807 
609 17.556376 0.000000 -1.730953 99.812492 -1.623229 -6.351084 -0.000550 
610 15.544336 0.000000 0.222024 98.943230 -10.044978 -14.038940 -0.008776 
611 15.544336 0.000000 -0.428968 99.787992 -3.208930 -6.647162 -0.001213 
612 16.215016 0.000000 0.222024 99.105404 -8.168573 -14.809839 -0.010794 
613 15.544336 0.000000 0.873016 99.665996 9.389533 -10.124657 -0.012398 
614 14.202976 0.000000 1.524008 99.756673 3.025949 -5.991999 0.000355 
615 13.532296 0.000000 1.524008 99.718816 3.088290 -6.062081 0.000987 
616 14.873656 0.000000 1.524008 99.781830 2.960505 -5.967279 -0.000079 
617 14.202976 0.000000 2.175000 99.750252 1.674408 -5.684249 0.001477 
618 14.538316 0.000000 0.547520 98.996964 2.218275 -18.688783 -0.015459 
619 14.202976 0.000000 0.547520 98.068445 4.937128 -22.732850 -0.015858 
620 14.538316 0.000000 0.222024 99.359114 -7.922768 -11.435129 -0.006577 
621 14.873656 0.000000 0.547520 99.131999 1.855613 -17.521441 -0.013760 
622 14.538316 0.000000 0.873016 99.558397 11.251191 -11.382728 -0.016803 
623 20.239096 0.000000 4.778968 99.760207 0.882024 -6.797193 0.000092 
624 22.921817 0.000000 4.778968 99.762715 0.858908 -6.821717 0.000013 
625 20.239096 0.000000 7.382937 99.746071 0.526017 -6.973272 0.000182 
626 18.897736 0.000000 0.873016 99.704028 5.457743 -7.835869 -0.003208 
627 18.897736 0.000000 -0.428968 99.754776 -3.674902 -7.226866 -0.001675 
628 20.239096 0.000000 0.873016 99.744331 4.849094 -7.086168 -0.002266 
629 18.897736 0.000000 2.175000 99.829748 1.530332 -5.782652 -0.000176 
630 16.885696 0.000000 0.222024 99.086844 -7.004698 -16.233596 -0.013080 
631 16.885696 0.000000 -0.428968 99.773382 -3.385127 -6.889725 -0.001366 
632 17.556376 0.000000 0.222024 99.083140 -6.152336 -17.270832 -0.015360 
633 16.885696 0.000000 0.873016 99.724736 7.096842 -9.139773 -0.007892 
634 22.921817 0.000000 -13.448810 99.755001 -0.268406 -7.016818 -0.000037 
635 22.921817 0.000000 -18.656747 99.753650 -0.181646 -7.003656 0.000013 
636 28.287257 0.000000 -13.448810 99.754023 -0.292230 -7.015866 -0.000017 
637 20.239096 0.000000 -5.636905 99.764860 -0.648128 -6.954201 -0.000181 
638 20.239096 0.000000 -8.240874 99.760240 -0.438461 -7.018795 -0.000156 
639 22.921817 0.000000 -5.636905 99.763631 -0.682448 -6.942386 -0.000144 
640 18.897736 0.000000 -1.730953 99.809085 -1.684969 -6.332849 -0.000480 
641 18.897736 0.000000 -3.032937 99.791243 -1.094436 -6.652755 -0.000375 
642 20.239096 0.000000 -1.730953 99.806864 -1.753297 -6.317747 -0.000440 
643 18.227056 0.000000 0.222024 99.219023 -5.135274 -17.359819 -0.017215 
644 18.227056 0.000000 -0.428968 99.777663 -3.562600 -7.104514 -0.001875 
645 18.897736 0.000000 0.222024 99.308354 -2.266348 -16.539500 -0.014084 
646 18.227056 0.000000 0.873016 99.730109 5.886959 -8.307188 -0.004976 
647 33.652697 0.000000 -3.032937 99.796179 -1.538187 -6.409641 -0.000273 
648 33.652697 0.000000 -8.240874 99.754738 -0.532688 -7.003132 -0.000034 
649 39.018138 0.000000 -3.032937 99.802213 -1.777785 -6.321198 -0.000360 
650 33.652697 0.000000 2.175000 99.809534 1.817722 -6.213727 -0.000386 
651 25.604537 0.000000 -0.428968 99.345915 -10.696345 -12.846321 -0.014905 
652 25.604537 0.000000 -3.032937 99.787071 -1.278879 -6.556087 -0.000208 
653 28.287257 0.000000 -0.428968 99.084040 -2.046980 -16.592639 -0.009715 
654 25.604537 0.000000 2.175000 99.845369 1.256141 -5.680413 -0.000294 
655 21.580457 0.000000 0.873016 99.778690 4.282407 -6.638419 -0.001819 
656 21.580457 0.000000 -0.428968 99.676735 -5.552452 -8.124083 -0.003228 
657 22.921817 0.000000 0.873016 99.798847 3.797803 -6.352244 -0.001458 
658 21.580457 0.000000 2.175000 99.837120 1.402145 -5.780011 -0.000282 
659 19.568416 0.000000 0.222024 99.020132 0.751293 -17.389870 -0.010796 
660 19.568416 0.000000 -0.428968 99.712833 -3.881319 -7.591350 -0.001534 
661 20.239096 0.000000 0.222024 99.053491 2.793897 -16.988329 -0.010800 
662 19.568416 0.000000 0.873016 99.716293 5.157271 -7.416184 -0.002494 
663 18.897736 0.000000 3.476984 99.775677 1.450963 -6.459308 0.000099 
664 17.556376 0.000000 3.476984 99.762974 1.523197 -6.418518 0.000383 
665 20.239096 0.000000 3.476984 99.781621 1.388954 -6.507900 -0.000065 
666 18.897736 0.000000 4.778968 99.754023 0.891096 -6.780973 0.000236 
667 18.227056 0.000000 1.524008 99.830619 2.597411 -5.891328 -0.000761 
668 17.556376 0.000000 1.524008 99.826619 2.676068 -5.900488 -0.000733 
669 18.897736 0.000000 1.524008 99.828277 2.514134 -5.873757 -0.000651 
670 18.227056 0.000000 2.175000 99.828431 1.559259 -5.776373 -0.000151 
671 18.562396 0.000000 0.547520 99.389947 4.475261 -12.162097 -0.004631 
672 18.227056 0.000000 0.547520 99.377560 4.272632 -12.340897 -0.004645 
673 18.562396 0.000000 0.222024 99.388150 -4.509762 -16.849463 -0.018225 
674 18.897736 0.000000 0.547520 99.398397 4.602237 -11.936593 -0.004370 
675 18.562396 0.000000 0.873016 99.725716 5.656908 -8.069209 -0.004233 
676 11.855596 0.000000 0.547520 97.524045 -11.066508 -24.818658 -0.024937 
677 11.855596 0.000000 0.222024 99.645268 -6.059394 -8.634615 -0.004045 
678 12.190936 0.000000 0.547520 97.399743 -13.709344 -25.586903 -0.032935 
679 11.855596 0.000000 0.873016 98.799132 10.543556 -19.549366 -0.025461 
680 11.352586 0.000000 0.710268 97.184221 -1.635587 -33.962174 -0.060088 
681 11.352586 0.000000 0.547520 98.451861 -10.841119 -17.060294 -0.010135 
682 11.520256 0.000000 0.710268 97.362267 -0.110264 -33.227902 -0.058352 
683 11.352586 0.000000 0.873016 98.533112 11.650094 -21.060936 -0.028806 
684 -14.636266 0.000000 -60.320242 99.754888 -0.022855 -6.976566 0.000029 
685 -36.098028 0.000000 -60.320242 99.755363 -0.014547 -6.975851 0.000020 
686 -14.636266 0.000000 -81.151989 99.755536 -0.019421 -6.976257 0.000016 
687 71.210780 0.000000 -60.320242 99.755838 -0.065089 -6.979171 0.000006 
688 71.210780 0.000000 -81.151989 99.755972 -0.044925 -6.977531 0.000006 
689 92.672542 0.000000 -60.320242 99.755957 -0.070142 -6.979342 0.000003 
690 -14.636266 0.000000 64.670242 99.757684 0.019370 -6.976402 -0.000027 
691 -36.098028 0.000000 64.670242 99.757307 0.012272 -6.975800 -0.000018 
692 -14.636266 0.000000 85.501989 99.757144 0.016536 -6.976155 -0.000015 
693 -3.905385 0.000000 -29.072621 99.749469 -0.042874 -6.980559 0.000131 
694 -14.636266 0.000000 -29.072621 99.751463 -0.027072 -6.976946 0.000097 
695 -3.905385 0.000000 -39.488495 99.752594 -0.037229 -6.978729 0.000072 
696 71.210780 0.000000 64.670242 99.756618 0.051101 -6.978072 -0.000008 
697 92.672542 0.000000 64.670242 99.756481 0.053182 -6.977975 -0.000005 
698 71.210780 0.000000 85.501989 99.756647 0.036476 -6.977050 -0.000007 
699 39.018138 0.000000 -29.072621 99.754707 -0.131640 -6.989282 0.000013 
700 39.018138 0.000000 -39.488495 99.754989 -0.090284 -6.983272 0.000017 
701 49.749019 0.000000 -29.072621 99.754950 -0.142320 -6.989724 0.000007 
702 -3.905385 0.000000 33.422621 99.761826 0.035818 -6.979483 -0.000114 
703 -14.636266 0.000000 33.422621 99.760465 0.022902 -6.976737 -0.000083 
704 -3.905385 0.000000 43.838495 99.759473 0.031190 -6.978104 -0.000065 
705 1.460055 0.000000 -13.448810 99.722789 -0.073097 -7.003266 0.000631 
706 -3.905385 0.000000 -13.448810 99.731107 -0.046126 -6.983189 0.000494 
707 1.460055 0.000000 -18.656747 99.739044 -0.067351 -6.992607 0.000322 
708 39.018138 0.000000 33.422621 99.756807 0.098964 -6.984510 -0.000021 
709 49.749019 0.000000 33.422621 99.756474 0.103642 -6.984038 -0.000014 
710 39.018138 0.000000 43.838495 99.757087 0.070843 -6.981038 -0.000022 
711 1.460055 0.000000 17.798810 99.778630 0.062184 -6.995014 -0.000471 
712 -3.905385 0.000000 17.798810 99.774791 0.039829 -6.982169 -0.000376 
713 1.460055 0.000000 23.006747 99.768741 0.055331 -6.987868 -0.000264 
714 4.142775 0.000000 -5.636905 99.585462 -0.096160 -7.132260 0.003186 
715 1.460055 0.000000 -5.636905 99.616850 -0.062225 -7.012799 0.002730 
716 4.142775 0.000000 -8.240874 99.673443 -0.101709 -7.070441 0.001520 
717 22.921817 0.000000 17.798810 99.755038 0.184543 -7.002706 -0.000014 
718 28.287257 0.000000 17.798810 99.755126 0.196180 -7.000336 -0.000013 
719 22.921817 0.000000 23.006747 99.756786 0.133604 -6.994363 -0.000036 
720 4.142775 0.000000 9.986905 99.837230 0.088187 -7.063194 -0.001737 
721 1.460055 0.000000 9.986905 99.835137 0.059983 -7.012712 -0.001624 
722 4.142775 0.000000 12.590874 99.802469 0.085337 -7.031819 -0.000999 
723 5.484135 0.000000 -1.730953 98.913419 -0.067065 -7.940367 0.015308 
724 4.142775 0.000000 -1.730953 98.794046 -0.045825 -7.183479 0.018813 
725 5.484135 0.000000 -3.032937 99.366304 -0.098962 -7.505908 0.006999 
726 14.873656 0.000000 9.986905 99.732130 0.307321 -7.030006 0.000399 
727 17.556376 0.000000 9.986905 99.740184 0.343426 -7.015695 0.000256 
728 14.873656 0.000000 12.590874 99.746158 0.227602 -7.028161 0.000126 
729 33.652697 0.000000 -13.448810 99.753546 -0.309687 -7.016069 -0.000009 
730 33.652697 0.000000 -18.656747 99.754095 -0.213007 -7.003484 0.000003 
731 39.018138 0.000000 -13.448810 99.753421 -0.325030 -7.016823 -0.000009 
732 25.604537 0.000000 -5.636905 99.761366 -0.714200 -6.932490 -0.000090 
733 25.604537 0.000000 -8.240874 99.756190 -0.482357 -7.011348 -0.000069 
734 28.287257 0.000000 -5.636905 99.761763 -0.741947 -6.918837 -0.000083 
735 8.166856 0.000000 6.080953 99.701377 0.204852 -7.340440 0.000571 
736 6.825495 0.000000 6.080953 99.873920 0.142386 -7.389219 -0.002942 
737 8.166856 0.000000 7.382937 99.729053 0.188723 -7.221264 0.000193 
738 11.520256 0.000000 -1.079961 100.309027 -1.352577 -6.086477 -0.010078 
739 11.520256 0.000000 -1.730953 100.235965 -0.973055 -6.427738 -0.008951 
740 12.190936 0.000000 -1.079961 100.100410 -1.605490 -6.128552 -0.006023 
741 9.843556 0.000000 -0.103472 102.644057 -0.290314 -5.727787 -0.056869 
742 9.843556 0.000000 -0.428968 102.026662 -0.419237 -6.287663 -0.044915 
743 33.652697 0.000000 7.382937 99.755188 0.499602 -6.988724 -0.000019 
744 39.018138 0.000000 7.382937 99.755015 0.481218 -6.993207 -0.000020 
745 33.652697 0.000000 12.590874 99.754219 0.293744 -7.006852 -0.000009 
746 33.652697 0.000000 17.798810 99.754941 0.202248 -6.998753 -0.000007 
747 39.018138 0.000000 17.798810 99.755221 0.203736 -6.998091 -0.000012 
748 33.652697 0.000000 23.006747 99.756082 0.150204 -6.992335 -0.000019 
749 25.604537 0.000000 4.778968 99.762104 0.829942 -6.842327 0.000002 
750 28.287257 0.000000 4.778968 99.763082 0.801060 -6.860735 -0.000038 
751 25.604537 0.000000 7.382937 99.753198 0.523543 -6.979753 0.000031 
752 20.239096 0.000000 9.986905 99.746314 0.363221 -7.010017 0.000140 
753 22.921817 0.000000 9.986905 99.749730 0.372906 -7.008145 0.000074 
754 20.239096 0.000000 12.590874 99.749593 0.269404 -7.013879 0.000075 
755 16.215016 0.000000 3.476984 99.744539 1.613699 -6.361709 0.000795 
756 16.215016 0.000000 4.778968 99.720583 0.880085 -6.754212 0.000941 
757 13.532296 0.000000 6.080953 99.640458 0.544870 -6.908561 0.002375 
758 14.873656 0.000000 6.080953 99.691913 0.599170 -6.896334 0.001360 
759 13.532296 0.000000 7.382937 99.686468 0.428662 -7.009562 0.001329 
760 12.861616 0.000000 1.524008 99.651685 3.140562 -6.052496 0.002305 
761 12.861616 0.000000 2.175000 99.620246 1.643967 -5.640460 0.004129 
762 11.184916 0.000000 -0.103472 100.200070 -2.680375 -6.087455 -0.008430 
763 11.184916 0.000000 -0.428968 100.371614 -1.879060 -5.866179 -0.011240 
764 11.520256 0.000000 -0.103472 100.067271 -3.169539 -6.342188 -0.006373 
765 11.855596 0.000000 -0.103472 99.979181 -3.461992 -6.531014 -0.005048 
766 11.855596 0.000000 -0.428968 100.108716 -2.441910 -6.056487 -0.006440 
767 12.190936 0.000000 -0.103472 99.923443 -3.626963 -6.696249 -0.004269 
768 10.346566 0.000000 0.384772 100.477127 -0.446879 -4.338741 -0.011468 
769 10.178896 0.000000 0.384772 101.525684 -0.073321 -3.978558 -0.032330 
770 10.346566 0.000000 0.222024 100.938094 -0.657122 -5.084601 -0.021478 
771 11.855596 0.000000 1.198512 99.396617 5.698989 -8.096905 0.002227 
772 12.190936 0.000000 1.198512 99.449504 5.566620 -7.792534 0.001809 
773 11.855596 0.000000 1.524008 99.477476 2.955535 -6.269876 0.005619 
774 11.017246 0.000000 0.384772 99.283160 -5.933893 -8.669051 0.003249 
775 11.017246 0.000000 0.222024 99.750924 -4.012126 -7.368576 -0.002064 
776 11.184916 0.000000 0.384772 99.407280 -6.829134 -9.201434 -0.001311 
777 11.352586 0.000000 0.384772 99.423366 -7.391883 -9.711105 -0.003395 
778 11.352586 0.000000 0.222024 99.744837 -5.187623 -7.964325 -0.003937 
779 11.520256 0.000000 0.384772 99.383298 -7.741297 -10.249337 -0.004202 
780 11.352586 0.000000 1.035764 99.153204 8.282063 -12.374263 -0.005307 
781 11.520256 0.000000 1.035764 99.180818 8.194332 -11.604231 -0.003864 
782 11.352586 0.000000 1.198512 99.453274 5.249027 -7.960997 0.001812 
783 7.496176 0.000000 -1.079961 100.055530 -0.106845 -8.754871 -0.008777 
784 6.825495 0.000000 -1.079961 99.550874 -0.077942 -8.793237 0.001230 
785 7.496176 0.000000 -1.730953 99.957322 -0.141964 -8.239455 -0.005937 
786 8.502196 0.000000 -0.103472 101.930110 -0.059363 -10.069602 -0.049115 
787 8.166856 0.000000 -0.103472 101.070407 -0.049257 -10.232813 -0.031994 
788 8.502196 0.000000 -0.428968 101.552706 -0.114234 -9.196715 -0.039754 
789 9.675886 0.000000 0.384772 104.645264 0.122477 -4.618535 -0.097198 
790 9.675886 0.000000 0.222024 104.065732 0.056708 -5.533129 -0.086030 
791 9.843556 0.000000 0.384772 103.570597 0.128523 -4.125055 -0.074390 
792 10.011226 0.000000 0.384772 102.545738 0.077244 -3.919344 -0.053100 
793 10.011226 0.000000 0.222024 102.469704 -0.085387 -4.850074 -0.052357 
794 10.430401 0.000000 0.628894 97.987897 1.116937 -2.794217 0.038932 
795 10.346566 0.000000 0.628894 99.322594 1.108672 -2.208789 0.012891 
796 10.430401 0.000000 0.547520 98.780451 0.160911 -3.618081 0.022931 
797 5.484135 0.000000 3.476984 100.591207 0.056827 -7.915818 -0.018125 
798 4.142775 0.000000 3.476984 100.740226 0.033227 -7.141952 -0.019960 
799 5.484135 0.000000 4.778968 100.159930 0.085709 -7.486178 -0.008806 
800 5.484135 0.000000 6.080953 100.020168 0.100801 -7.312249 -0.005751 
801 4.142775 0.000000 6.080953 100.090774 0.073135 -7.154320 -0.006935 
802 5.484135 0.000000 7.382937 99.919324 0.105812 -7.193036 -0.003562 
803 8.837536 0.000000 2.825992 98.463608 0.319854 -7.813184 0.024377 
804 8.166856 0.000000 2.825992 98.879655 0.176776 -8.328723 0.015342 
805 8.837536 0.000000 3.476984 98.946240 0.311728 -7.603422 0.015173 
806 8.837536 0.000000 4.127976 99.256705 0.295575 -7.495428 0.009184 
807 8.166856 0.000000 4.127976 99.428272 0.214453 -7.707878 0.005456 
808 8.837536 0.000000 4.778968 99.436972 0.275769 -7.416291 0.005721 
809 10.262731 0.000000 0.954390 99.125835 -0.000000 -1.488494 0.017185 
810 10.178896 0.000000 0.954390 98.342371 0.000000 -1.419209 0.032676 
811 10.262731 0.000000 1.035764 98.869624 -0.000000 -2.100311 0.022039 
812 10.702865 0.000000 0.771298 105.038969 3.197126 -5.157732 -0.107001 
813 10.702865 0.000000 0.750955 97.244231 4.344057 0.000000 0.052469 
814 10.723823 0.000000 0.771298 104.220067 3.332006 -5.193900 -0.089990 
815 10.472318 0.000000 0.750955 99.501420 2.150506 0.000000 0.009484 
816 10.430401 0.000000 0.750955 99.585249 1.710764 0.000000 0.007985 
817 10.472318 0.000000 0.710268 99.532455 2.075830 0.000000 0.008898 
818 10.095061 0.000000 0.954390 97.615038 0.000000 -1.360986 0.046945 
819 10.011226 0.000000 0.954390 97.022428 0.000000 -1.236668 0.058512 
820 10.095061 0.000000 1.035764 97.492155 0.000000 -1.787745 0.049208 
821 9.759721 0.000000 0.954390 94.659962 0.000000 -1.112667 0.103825 
822 9.843556 0.000000 0.954390 95.568697 -0.000000 -1.056179 0.086551 
823 9.759721 0.000000 1.035764 94.818910 0.000000 -1.927767 0.100566 
824 9.424381 0.000000 0.628894 108.127146 0.300350 -2.972830 -0.170041 
825 9.424381 0.000000 0.547520 107.589383 0.221029 -4.138864 -0.159265 
826 9.508216 0.000000 0.628894 107.157767 0.357156 -2.584732 -0.148960 
827 9.382463 0.000000 0.750955 97.555643 0.137918 -0.190165 0.048284 
828 9.382463 0.000000 0.710268 99.664717 0.177040 0.000000 0.006691 
829 9.424381 0.000000 0.750955 97.943365 0.153376 -0.221868 0.040702 
830 9.466298 0.000000 0.832329 94.546476 0.091189 -0.818987 0.106028 
831 9.466298 0.000000 0.791642 95.918738 0.127754 -0.637002 0.079917 
832 9.466298 0.000000 0.873016 93.555686 0.060384 -1.043068 0.124624 
833 8.669866 0.000000 0.384772 103.108366 -0.021619 -13.158786 -0.080449 
834 8.502196 0.000000 0.384772 101.883416 -0.016653 -12.919660 -0.054715 
835 8.669866 0.000000 0.222024 103.021671 0.004768 -11.577168 -0.074750 
836 9.214793 0.000000 0.750955 97.831223 0.098707 -0.077599 0.042904 
837 9.172876 0.000000 0.750955 99.651476 0.101566 0.000000 0.006957 
838 9.214793 0.000000 0.710268 99.654178 0.110436 0.000000 0.006903 
839 9.130958 0.000000 0.750955 98.127748 0.069762 -0.114850 0.037093 
840 9.130958 0.000000 0.710268 99.647986 0.084600 0.000000 0.007027 
841 9.026164 0.000000 0.771298 95.484099 0.012290 -2.193650 0.087797 
842 9.026164 0.000000 0.750955 97.788476 0.013889 -0.811151 0.043676 
843 9.047123 0.000000 0.771298 96.695306 0.020408 -0.949828 0.064912 
844 12.861616 0.000000 2.825992 99.581773 0.991601 -6.015045 0.004631 
845 13.532296 0.000000 2.825992 99.663665 1.122315 -5.835079 0.003185 
846 12.861616 0.000000 3.476984 99.560960 2.327196 -5.930096 0.004703 
847 14.202976 0.000000 2.825992 99.732227 0.928402 -5.614847 0.002109 
848 14.873656 0.000000 2.825992 99.756530 1.200214 -5.692632 0.001479 
849 14.202976 0.000000 3.476984 99.665376 1.849036 -6.214437 0.002477 
850 12.861616 0.000000 4.127976 99.548551 1.000160 -6.582572 0.004576 
851 13.532296 0.000000 4.127976 99.613507 1.045065 -6.586900 0.003267 
852 12.861616 0.000000 4.778968 99.576576 0.752936 -6.760178 0.003824 
853 11.184916 0.000000 3.151488 99.146505 0.940039 -6.219841 0.013040 
854 11.184916 0.000000 2.825992 99.088912 0.500668 -6.050436 0.014453 
855 11.520256 0.000000 3.151488 99.269515 0.556942 -6.170931 0.010717 
856 12.861616 0.000000 -1.079961 99.981568 -1.769906 -6.178840 -0.003762 
857 12.861616 0.000000 -1.730953 99.993659 -1.271572 -6.369379 -0.004092 
858 13.532296 0.000000 -1.079961 99.926939 -1.874874 -6.188947 -0.002721 
859 21.580457 0.000000 -1.730953 99.805527 -1.828240 -6.305371 -0.000424 
860 21.580457 0.000000 -3.032937 99.784156 -1.167595 -6.619880 -0.000206 
861 22.921817 0.000000 -1.730953 99.804748 -1.910650 -6.294566 -0.000426 
862 16.885696 0.000000 1.524008 99.820771 2.750758 -5.916266 -0.000676 
863 16.215016 0.000000 1.524008 99.811437 2.824136 -5.936797 -0.000554 
864 16.885696 0.000000 2.175000 99.818572 1.601850 -5.761027 0.000050 
865 15.544336 0.000000 1.524008 99.798756 2.892915 -5.954590 -0.000362 
866 15.544336 0.000000 2.175000 99.794733 1.643191 -5.734454 0.000543 
867 21.580457 0.000000 3.476984 99.782199 1.332590 -6.546390 -0.000112 
868 22.921817 0.000000 3.476984 99.780423 1.281749 -6.577915 -0.000104 
869 21.580457 0.000000 4.778968 99.760951 0.868846 -6.808942 0.000064 
870 19.568416 0.000000 1.524008 99.827885 2.424016 -5.857029 -0.000579 
871 20.239096 0.000000 1.524008 99.831029 2.331090 -5.838573 -0.000576 
872 19.568416 0.000000 2.175000 99.832807 1.495374 -5.781270 -0.000225 
873 25.604537 0.000000 9.986905 99.751416 0.375633 -7.006238 0.000043 
874 28.287257 0.000000 9.986905 99.752898 0.377686 -7.006422 0.000013 
875 25.604537 0.000000 12.590874 99.752455 0.290272 -7.009034 0.000024 
876 16.215016 0.000000 6.080953 99.718339 0.629793 -6.894792 0.000832 
877 17.556376 0.000000 6.080953 99.735192 0.651816 -6.901123 0.000484 
878 16.215016 0.000000 7.382937 99.721889 0.482826 -6.975559 0.000665 
879 10.262731 0.000000 0.628894 100.347854 1.032521 -1.951224 -0.007457 
880 10.178896 0.000000 0.628894 101.168442 0.939674 -1.830247 -0.023929 
881 10.262731 0.000000 0.547520 100.565772 0.506768 -2.729215 -0.012118 
882 7.496176 0.000000 2.825992 99.388943 0.113130 -8.590735 0.004802 
883 6.825495 0.000000 2.825992 99.891238 0.075619 -8.701234 -0.005398 
884 7.496176 0.000000 3.476984 99.531654 0.145430 -8.130702 0.002732 
885 7.496176 0.000000 4.127976 99.617400 0.161051 -7.829361 0.001505 
886 6.825495 0.000000 4.127976 99.869049 0.122166 -7.871585 -0.003580 
887 7.496176 0.000000 4.778968 99.707424 0.169549 -7.638803 0.000005 
888 10.388483 0.000000 0.750955 99.822678 1.310464 -0.047881 0.003371 
889 10.346566 0.000000 0.750955 99.646981 1.246122 0.000000 0.006893 
890 10.388483 0.000000 0.710268 99.633781 1.369706 0.000000 0.007123 
891 10.095061 0.000000 0.628894 101.856145 0.849396 -1.743708 -0.037844 
892 10.011226 0.000000 0.628894 102.478942 0.766286 -1.674781 -0.050533 
893 10.095061 0.000000 0.547520 101.929313 0.531356 -2.460762 -0.039592 
894 9.927391 0.000000 0.954390 96.344309 0.000000 -1.114293 0.071653 
895 9.927391 0.000000 1.035764 96.221961 0.000000 -1.720735 0.073837 
896 9.592051 0.000000 0.628894 106.306382 0.415698 -2.192873 -0.130603 
897 9.592051 0.000000 0.547520 105.960531 0.309990 -3.176004 -0.123782 
898 9.675886 0.000000 0.628894 105.469926 0.478202 -1.874476 -0.112765 
899 9.759721 0.000000 0.628894 104.650995 0.543306 -1.660692 -0.095488 
900 9.759721 0.000000 0.547520 104.497220 0.394555 -2.619516 -0.092669 
901 9.843556 0.000000 0.628894 103.864177 0.612743 -1.554951 -0.079056 
902 9.466298 0.000000 0.750955 97.041102 0.159907 -0.471324 0.058278 
903 9.466298 0.000000 0.710268 99.670138 0.213533 0.000000 0.006582 
904 9.508216 0.000000 0.750955 98.158921 0.198475 -0.285279 0.036471 
905 9.068082 0.000000 0.771298 96.629290 0.023563 -0.936580 0.066190 
906 9.068082 0.000000 0.750955 98.345208 0.024414 -0.203354 0.032818 
907 9.089041 0.000000 0.771298 94.166721 0.036406 -1.061927 0.113150 
908 14.202976 0.000000 4.127976 99.654417 1.074662 -6.587133 0.002445 
909 14.873656 0.000000 4.127976 99.687535 1.090586 -6.598687 0.001766 
910 14.202976 0.000000 4.778968 99.655008 0.830353 -6.740447 0.002276 
911 14.202976 0.000000 -1.079961 99.887494 -1.948295 -6.207620 -0.001984 
912 14.202976 0.000000 -1.730953 99.895243 -1.425099 -6.353338 -0.002146 
913 14.873656 0.000000 -1.079961 99.861317 -2.009541 -6.214577 -0.001494 
914 15.544336 0.000000 -1.079961 99.837487 -2.065071 -6.238475 -0.001071 
915 15.544336 0.000000 -1.730953 99.844724 -1.519393 -6.352327 -0.001163 
916 16.215016 0.000000 -1.079961 99.823888 -2.116489 -6.258249 -0.000845 
917 18.897736 0.000000 6.080953 99.744442 0.656154 -6.907119 0.000291 
918 20.239096 0.000000 6.080953 99.749077 0.654708 -6.915704 0.000187 
919 18.897736 0.000000 7.382937 99.741303 0.521079 -6.971617 0.000280 
920 15.544336 0.000000 2.825992 99.787109 1.045497 -5.684210 0.000913 
921 16.215016 0.000000 2.825992 99.808721 1.180103 -5.612924 0.000532 
922 15.544336 0.000000 3.476984 99.722551 1.672194 -6.316973 0.001271 
923 16.885696 0.000000 2.825992 99.818011 1.145164 -5.656712 0.000305 
924 17.556376 0.000000 2.825992 99.829817 1.180457 -5.584290 0.000143 
925 16.885696 0.000000 3.476984 99.754825 1.565896 -6.390484 0.000568 
926 15.544336 0.000000 4.127976 99.712889 1.100205 -6.612445 0.001240 
927 16.215016 0.000000 4.127976 99.729197 1.103241 -6.622308 0.000902 
928 15.544336 0.000000 4.778968 99.706199 0.868102 -6.748356 0.001238 
929 9.927391 0.000000 0.628894 103.131088 0.687915 -1.591053 -0.063903 
930 9.927391 0.000000 0.547520 103.157730 0.473699 -2.416376 -0.064758 
931 9.550133 0.000000 0.750955 98.204320 0.210739 -0.151524 0.035584 
932 9.550133 0.000000 0.710268 107.106838 0.476186 -1.434031 -0.147416 
933 9.592051 0.000000 0.750955 99.678885 0.277107 0.000000 0.006404 
934 16.885696 0.000000 -1.079961 99.817959 -2.165165 -6.269466 -0.000762 
935 16.885696 0.000000 -1.730953 99.817473 -1.591446 -6.358388 -0.000649 
936 17.556376 0.000000 -1.079961 99.814636 -2.212447 -6.279623 -0.000729 
937 21.580457 0.000000 6.080953 99.753512 0.660074 -6.922440 0.000088 
938 22.921817 0.000000 6.080953 99.754579 0.656218 -6.926809 0.000061 
939 21.580457 0.000000 7.382937 99.748107 0.528007 -6.972782 0.000142 
940 18.227056 0.000000 -1.079961 99.814649 -2.261675 -6.283714 -0.000756 
941 18.227056 0.000000 -1.730953 99.812015 -1.654182 -6.338625 -0.000535 
942 18.897736 0.000000 -1.079961 99.811055 -2.313329 -6.292241 -0.000719 
943 18.227056 0.000000 2.825992 99.834891 1.210090 -5.583077 0.000036 
944 18.897736 0.000000 2.825992 99.843895 1.242541 -5.514952 -0.000076 
945 18.227056 0.000000 3.476984 99.768128 1.487247 -6.435807 0.000269 
946 19.568416 0.000000 2.825992 99.852522 1.335720 -5.466547 -0.000219 
947 20.239096 0.000000 2.825992 99.860485 1.418676 -5.399466 -0.000328 
948 19.568416 0.000000 3.476984 99.779136 1.415281 -6.482942 0.000009 
949 16.885696 0.000000 4.127976 99.740423 1.102383 -6.635019 0.000661 
950 17.556376 0.000000 4.127976 99.748323 1.098498 -6.642292 0.000495 
951 16.885696 0.000000 4.778968 99.731329 0.887080 -6.757699 0.000721 
1 1 12 10 11 
2 11 10 14 6 
3 6 14 19 20 
4 20 19 22 4 
5 10 25 23 24 
6 24 23 27 14 
7 14 27 35 36 
8 36 35 38 19 
9 23 41 39 40 
10 40 39 43 27 
11 27 43 51 52 
12 52 51 54 35 
13 39 57 55 56 
14 56 55 59 43 
15 43 59 67 68 
16 68 67 70 51 
17 55 73 71 72 
18 72 71 75 59 
19 15 84 83 33 
20 84 17 85 83 
21 83 85 8 86 
22 33 83 86 18 
23 88 33 89 87 
24 87 89 18 90 
25 7 114 112 113 
26 114 16 115 112 
27 112 115 15 32 
28 113 112 32 13 
29 13 118 116 117 
30 118 32 119 116 
31 116 119 31 48 
32 117 116 48 26 
33 26 122 120 121 
34 122 48 123 120 
35 120 123 47 64 
36 121 120 64 42 
37 42 126 124 125 
38 126 64 127 124 
39 124 127 63 80 
40 125 124 80 58 
41 80 130 128 129 
42 130 63 131 128 
43 18 86 137 45 
44 86 8 138 137 
45 137 138 29 139 
46 45 137 139 28 
47 90 18 141 140 
48 140 141 45 142 
49 161 163 107 164 
50 162 161 164 82 
51 170 171 66 172 
52 163 170 172 107 
53 177 179 163 180 
54 178 177 180 161 
55 186 187 170 188 
56 179 186 188 163 
57 168 190 189 184 
58 190 173 191 189 
59 189 191 176 192 
60 184 189 192 103 
61 193 195 179 196 
62 194 193 196 177 
63 199 184 200 197 
64 197 200 103 201 
65 58 204 202 203 
66 204 80 129 202 
67 103 192 221 195 
68 192 176 222 221 
69 221 222 186 223 
70 195 221 223 179 
71 185 201 224 225 
72 201 103 226 224 
73 224 226 195 227 
74 225 224 227 193 
75 230 197 231 228 
76 228 231 201 232 
77 229 228 232 185 
78 59 75 233 234 
79 234 233 235 67 
80 239 162 82 241 
81 240 239 241 111 
82 242 178 161 244 
83 243 242 244 162 
84 245 194 177 247 
85 246 245 247 178 
86 169 220 248 249 
87 220 185 225 248 
88 248 225 193 250 
89 249 248 250 194 
90 217 253 251 252 
91 251 229 185 254 
92 252 251 254 220 
93 129 257 255 256 
94 257 128 258 255 
95 255 258 105 134 
96 256 255 134 79 
97 134 261 259 260 
98 261 105 262 259 
99 259 262 135 167 
100 260 259 167 132 
101 167 265 263 264 
102 265 135 266 263 
103 263 266 168 183 
104 264 263 183 165 
105 183 269 267 268 
106 269 168 270 267 
107 267 270 184 199 
108 268 267 199 181 
109 181 273 271 272 
110 273 199 274 271 
111 271 274 197 230 
112 198 277 275 276 
113 277 230 278 275 
114 275 278 228 279 
115 276 275 279 229 
116 165 282 280 281 
117 282 183 268 280 
118 280 268 181 219 
119 281 280 219 182 
120 219 285 283 284 
121 285 181 272 283 
122 284 283 253 217 
123 253 288 286 287 
124 286 276 229 289 
125 287 286 289 251 
126 283 292 290 291 
127 292 272 293 290 
128 290 293 198 288 
129 291 290 288 253 
130 288 296 294 295 
131 296 198 297 294 
132 294 297 276 298 
133 295 294 298 286 
134 305 217 252 303 
135 303 252 220 306 
136 304 303 306 169 
137 216 302 307 308 
138 302 169 249 307 
139 307 249 194 309 
140 308 307 309 245 
141 299 312 310 311 
142 312 218 304 310 
143 310 304 169 313 
144 311 310 313 302 
145 182 316 314 315 
146 316 219 284 314 
147 314 284 217 305 
148 315 314 305 218 
149 218 319 317 318 
150 319 305 320 317 
151 317 320 303 321 
152 318 317 321 304 
153 214 328 326 327 
154 328 213 300 326 
155 326 300 216 329 
156 327 326 329 136 
157 300 332 330 331 
158 332 299 311 330 
159 330 311 302 333 
160 331 330 333 216 
161 334 246 178 336 
162 335 334 336 242 
163 322 339 337 338 
164 339 214 327 337 
165 337 327 136 340 
166 338 337 340 325 
167 323 351 349 350 
168 351 322 338 349 
169 349 338 325 352 
170 350 349 352 212 
171 353 243 162 355 
172 354 353 355 239 
173 356 335 242 358 
174 357 356 358 243 
175 345 361 359 360 
176 361 323 350 359 
177 359 350 212 362 
178 360 359 362 348 
179 369 345 360 367 
180 367 360 348 370 
181 371 357 243 373 
182 372 371 373 353 
183 104 370 378 379 
184 370 348 380 378 
185 378 380 356 381 
186 379 378 381 357 
187 368 384 382 383 
188 384 367 385 382 
189 382 385 370 386 
190 383 382 386 104 
191 71 389 387 388 
192 389 74 109 387 
193 387 109 5 390 
194 388 387 390 75 
195 74 393 391 392 
196 393 110 206 391 
197 391 206 108 394 
198 392 391 394 109 
199 206 397 395 396 
200 396 395 398 108 
201 109 394 407 408 
202 394 108 240 407 
203 407 240 111 409 
204 408 407 409 5 
205 108 398 410 411 
206 410 354 239 412 
207 411 410 412 240 
208 413 372 353 415 
209 414 413 415 354 
210 344 406 416 417 
211 406 366 418 416 
212 416 418 371 419 
213 417 416 419 372 
214 403 422 420 421 
215 420 423 366 424 
216 421 420 424 406 
217 202 427 425 426 
218 427 129 256 425 
219 425 256 79 207 
220 426 425 207 110 
221 207 430 428 429 
222 430 79 431 428 
223 428 431 133 343 
224 429 428 343 205 
225 343 434 432 433 
226 434 133 435 432 
227 432 435 210 365 
228 433 432 365 341 
229 341 438 436 437 
230 438 365 439 436 
231 436 439 363 405 
232 437 436 405 364 
233 405 442 440 441 
234 442 363 443 440 
235 440 443 375 422 
236 441 440 422 403 
237 366 377 444 418 
238 377 104 379 444 
239 444 379 357 445 
240 418 444 445 371 
241 375 447 446 423 
242 447 374 448 446 
243 446 448 377 449 
244 423 446 449 366 
245 422 452 450 451 
246 452 375 453 450 
247 450 453 423 454 
248 451 450 454 420 
249 404 461 459 460 
250 461 403 421 459 
251 459 421 406 462 
252 460 459 462 344 
253 402 458 463 464 
254 458 344 417 463 
255 463 417 372 465 
256 464 463 465 413 
257 455 468 466 467 
258 468 404 460 466 
259 466 460 344 469 
260 467 466 469 458 
261 395 472 470 471 
262 472 342 400 470 
263 470 400 208 473 
264 471 470 473 398 
265 400 476 474 475 
266 475 474 477 208 
267 478 467 458 481 
268 479 478 481 402 
269 205 484 482 483 
270 484 343 433 482 
271 482 433 341 401 
272 483 482 401 342 
273 401 487 485 486 
274 487 341 437 485 
275 485 437 364 457 
276 486 485 457 399 
277 399 490 488 489 
278 490 457 491 488 
279 480 494 492 493 
280 494 455 495 492 
281 492 495 467 496 
282 493 492 496 478 
283 398 473 497 498 
284 473 208 414 497 
285 497 414 354 499 
286 498 497 499 410 
287 208 477 500 501 
288 477 402 464 500 
289 500 464 413 502 
290 501 500 502 414 
291 474 505 503 504 
292 503 479 402 506 
293 504 503 506 477 
294 456 509 507 508 
295 509 480 493 507 
296 507 493 478 510 
297 508 507 510 479 
298 342 513 511 512 
299 513 401 486 511 
300 511 486 399 476 
301 512 511 476 400 
302 476 516 514 515 
303 516 399 489 514 
304 515 514 505 474 
305 505 519 517 518 
306 517 508 479 520 
307 518 517 520 503 
308 514 523 521 522 
309 523 489 524 521 
310 521 524 456 519 
311 522 521 519 505 
312 519 527 525 526 
313 527 456 528 525 
314 525 528 508 529 
315 526 525 529 517 
316 21 46 530 531 
317 46 28 532 530 
318 530 532 30 533 
319 531 530 533 9 
320 37 62 534 535 
321 62 44 536 534 
322 534 536 46 537 
323 535 534 537 21 
324 53 78 538 539 
325 78 60 540 538 
326 538 540 62 541 
327 539 538 541 37 
328 69 102 542 543 
329 102 76 544 542 
330 542 544 78 545 
331 543 542 545 53 
332 99 160 546 547 
333 160 101 548 546 
334 546 548 76 549 
335 547 546 549 102 
336 158 552 550 551 
337 550 553 160 554 
338 551 550 554 99 
339 82 164 555 556 
340 164 107 557 555 
341 556 555 552 158 
342 562 159 563 561 
343 561 563 101 564 
344 553 561 564 160 
345 552 567 565 566 
346 565 568 553 569 
347 566 565 569 550 
348 107 172 570 557 
349 172 66 571 570 
350 570 571 159 562 
351 555 574 572 573 
352 574 557 575 572 
353 572 575 157 567 
354 573 572 567 552 
355 157 577 576 568 
356 577 562 578 576 
357 576 578 561 579 
358 568 576 579 553 
359 567 582 580 581 
360 582 157 583 580 
361 580 583 568 584 
362 581 580 584 565 
363 64 586 585 127 
364 586 47 587 585 
365 585 587 65 96 
366 127 585 96 63 
367 63 589 588 131 
368 589 96 590 588 
369 81 592 591 155 
370 592 150 593 591 
371 591 593 149 594 
372 155 591 594 106 
373 150 604 603 593 
374 604 95 605 603 
375 593 603 606 149 
376 96 608 607 590 
377 608 65 609 607 
378 95 611 610 605 
379 611 600 612 610 
380 610 612 599 613 
381 605 610 613 151 
382 149 606 614 615 
383 606 151 616 614 
384 614 616 98 617 
385 615 614 617 152 
386 603 620 618 619 
387 620 605 621 618 
388 618 621 151 622 
389 619 618 622 606 
390 600 631 630 612 
391 631 97 632 630 
392 630 632 601 633 
393 612 630 633 599 
394 48 635 634 123 
395 635 31 636 634 
396 634 636 49 92 
397 123 634 92 47 
398 47 638 637 587 
399 638 92 639 637 
400 637 639 91 596 
401 587 637 596 65 
402 65 641 640 609 
403 641 596 642 640 
404 640 642 595 627 
405 97 644 643 632 
406 644 627 645 643 
407 632 643 646 601 
408 49 648 647 93 
409 648 87 649 647 
410 647 649 90 650 
411 93 647 650 34 
412 91 652 651 597 
413 652 93 653 651 
414 651 653 34 654 
415 597 651 654 94 
416 595 656 655 628 
417 656 597 657 655 
418 655 657 94 658 
419 628 655 658 598 
420 627 660 659 645 
421 660 595 661 659 
422 659 661 628 662 
423 645 659 662 626 
424 663 665 623 666 
425 664 663 666 147 
426 601 646 667 668 
427 646 626 669 667 
428 667 669 629 670 
429 668 667 670 50 
430 643 673 671 672 
431 673 645 674 671 
432 671 674 626 675 
433 672 671 675 646 
434 153 677 676 175 
435 677 155 678 676 
436 676 678 106 679 
437 175 676 679 156 
438 173 681 680 191 
439 681 175 682 680 
440 680 682 156 683 
441 191 680 683 176 
442 12 686 684 685 
443 686 7 113 684 
444 684 113 13 25 
445 685 684 25 10 
446 16 688 687 115 
447 688 2 689 687 
448 687 689 17 84 
449 115 687 84 15 
450 19 38 690 691 
451 38 21 531 690 
452 690 531 9 692 
453 691 690 692 22 
454 25 695 693 694 
455 695 13 117 693 
456 693 117 26 41 
457 694 693 41 23 
458 28 139 696 532 
459 139 29 697 696 
460 696 697 3 698 
461 532 696 698 30 
462 32 700 699 119 
463 700 15 701 699 
464 699 701 33 88 
465 119 699 88 31 
466 35 54 702 703 
467 54 37 535 702 
468 702 535 21 704 
469 703 702 704 38 
470 41 707 705 706 
471 707 26 121 705 
472 705 121 42 57 
473 706 705 57 39 
474 44 142 708 536 
475 142 45 709 708 
476 708 709 28 710 
477 536 708 710 46 
478 51 70 711 712 
479 70 53 539 711 
480 711 539 37 713 
481 712 711 713 54 
482 57 716 714 715 
483 716 42 125 714 
484 714 125 58 73 
485 715 714 73 55 
486 60 145 717 540 
487 145 61 718 717 
488 717 718 44 719 
489 540 717 719 62 
490 67 235 720 721 
491 235 69 543 720 
492 720 543 53 722 
493 721 720 722 70 
494 73 725 723 724 
495 725 58 203 723 
496 723 203 74 389 
497 724 723 389 71 
498 76 148 726 544 
499 148 77 727 726 
500 726 727 60 728 
501 544 726 728 78 
502 31 730 729 636 
503 730 88 731 729 
504 729 731 87 648 
505 636 729 648 49 
506 92 733 732 639 
507 733 49 734 732 
508 732 734 93 652 
509 639 732 652 91 
510 100 238 735 736 
511 238 99 547 735 
512 735 547 102 737 
513 736 735 737 69 
514 128 739 738 258 
515 739 131 740 738 
516 738 740 81 154 
517 258 738 154 105 
518 79 742 741 431 
519 742 134 260 741 
520 741 260 132 211 
521 431 741 211 133 
522 34 650 743 144 
523 650 90 744 743 
524 743 744 140 745 
525 144 743 745 61 
526 61 745 746 718 
527 745 140 747 746 
528 746 747 142 748 
529 718 746 748 44 
530 94 654 749 624 
531 654 34 750 749 
532 749 750 144 751 
533 624 749 751 143 
534 77 625 752 727 
535 625 143 753 752 
536 752 753 145 754 
537 727 752 754 60 
538 101 560 757 548 
539 560 146 758 757 
540 757 758 148 759 
541 548 757 759 76 
542 106 594 760 171 
543 594 149 615 760 
544 760 615 152 761 
545 171 760 761 66 
546 105 763 762 262 
547 763 154 764 762 
548 762 764 153 174 
549 262 762 174 135 
550 154 766 765 764 
551 766 81 767 765 
552 765 767 155 677 
553 764 765 677 153 
554 132 770 768 769 
555 770 167 264 768 
556 768 264 165 215 
557 769 768 215 166 
558 156 679 771 187 
559 679 106 772 771 
560 771 772 171 773 
561 187 771 773 170 
562 135 775 774 266 
563 775 174 776 774 
564 774 776 173 190 
565 266 774 190 168 
566 174 778 777 776 
567 778 153 779 777 
568 777 779 175 681 
569 776 777 681 173 
570 176 683 780 222 
571 683 156 781 780 
572 780 781 187 782 
573 222 780 782 186 
574 203 785 783 784 
575 785 202 426 783 
576 783 426 110 393 
577 784 783 393 74 
578 110 788 786 787 
579 788 207 429 786 
580 786 429 205 397 
581 787 786 397 206 
582 133 790 789 435 
583 790 211 791 789 
584 789 791 209 347 
585 435 789 347 210 
586 211 793 792 791 
587 793 132 769 792 
588 792 769 166 324 
589 791 792 324 209 
590 215 796 794 795 
591 796 165 281 794 
592 794 281 182 301 
593 795 794 301 213 
594 75 390 797 798 
595 390 5 237 797 
596 797 237 100 799 
597 798 797 799 233 
598 233 799 800 801 
599 799 100 736 800 
600 800 736 69 802 
601 801 800 802 235 
602 111 241 803 804 
603 241 82 556 803 
604 803 556 158 805 
605 804 803 805 236 
606 236 805 806 807 
607 805 158 551 806 
608 806 551 99 808 
609 807 806 808 238 
610 136 329 809 810 
611 329 216 308 809 
612 809 308 245 811 
613 810 809 811 246 
614 272 813 812 293 
615 813 271 814 812 
616 812 814 230 277 
617 293 812 277 198 
618 301 817 815 816 
619 817 182 315 815 
620 815 315 218 312 
621 816 815 312 299 
622 325 340 818 819 
623 340 136 810 818 
624 818 810 246 820 
625 819 818 820 334 
626 348 362 821 380 
627 362 212 822 821 
628 821 822 335 823 
629 380 821 823 356 
630 365 825 824 439 
631 825 210 826 824 
632 824 826 346 376 
633 439 824 376 363 
634 363 828 827 443 
635 828 376 829 827 
636 827 829 374 447 
637 443 827 447 375 
638 374 831 830 448 
639 831 368 383 830 
640 830 383 104 832 
641 448 830 832 377 
642 397 835 833 834 
643 835 205 483 833 
644 833 483 342 472 
645 834 833 472 395 
646 364 838 836 837 
647 838 405 441 836 
648 836 441 403 461 
649 837 836 461 404 
650 457 840 839 491 
651 840 364 837 839 
652 839 837 404 468 
653 491 839 468 455 
654 489 842 841 524 
655 842 488 843 841 
656 841 843 480 509 
657 524 841 509 456 
658 66 761 844 571 
659 761 152 845 844 
660 844 845 558 846 
661 571 844 846 159 
662 152 617 847 845 
663 617 98 848 847 
664 847 848 559 849 
665 845 847 849 558 
666 159 846 850 563 
667 846 558 851 850 
668 850 851 560 852 
669 563 850 852 101 
670 557 854 853 575 
671 854 570 855 853 
672 853 855 562 577 
673 575 853 577 157 
674 131 857 856 740 
675 857 588 858 856 
676 856 858 150 592 
677 740 856 592 81 
678 596 860 859 642 
679 860 91 861 859 
680 859 861 597 656 
681 642 859 656 595 
682 599 633 862 863 
683 633 601 668 862 
684 862 668 50 864 
685 863 862 864 602 
686 151 613 865 616 
687 613 599 863 865 
688 865 863 602 866 
689 616 865 866 98 
690 598 658 867 665 
691 658 94 868 867 
692 867 868 624 869 
693 665 867 869 623 
694 626 662 870 669 
695 662 628 871 870 
696 870 871 598 872 
697 669 870 872 629 
698 143 751 873 753 
699 751 144 874 873 
700 873 874 61 875 
701 753 873 875 145 
702 146 756 876 758 
703 756 147 877 876 
704 876 877 77 878 
705 758 876 878 148 
706 166 881 879 880 
707 881 215 795 879 
708 879 795 213 328 
709 880 879 328 214 
710 5 409 882 883 
711 409 111 804 882 
712 882 804 236 884 
713 883 882 884 237 
714 237 884 885 886 
715 884 236 807 885 
716 885 807 238 887 
717 886 885 887 100 
718 213 890 888 889 
719 890 301 816 888 
720 888 816 299 332 
721 889 888 332 300 
722 324 893 891 892 
723 893 166 880 891 
724 891 880 214 339 
725 892 891 339 322 
726 212 352 894 822 
727 352 325 819 894 
728 894 819 334 895 
729 822 894 895 335 
730 210 897 896 826 
731 897 347 898 896 
732 896 898 345 369 
733 826 896 369 346 
734 347 900 899 898 
735 900 209 901 899 
736 899 901 323 361 
737 898 899 361 345 
738 376 903 902 829 
739 903 346 904 902 
740 902 904 368 831 
741 829 902 831 374 
742 488 906 905 843 
743 906 491 907 905 
744 905 907 455 494 
745 843 905 494 480 
746 558 849 908 851 
747 849 559 909 908 
748 908 909 146 910 
749 851 908 910 560 
750 588 912 911 858 
751 912 590 913 911 
752 911 913 95 604 
753 858 911 604 150 
754 590 915 914 913 
755 915 607 916 914 
756 914 916 600 611 
757 913 914 611 95 
758 147 666 917 877 
759 666 623 918 917 
760 917 918 625 919 
761 877 917 919 77 
762 98 866 920 848 
763 866 602 921 920 
764 920 921 755 922 
765 848 920 922 559 
766 602 864 923 921 
767 864 50 924 923 
768 923 924 664 925 
769 921 923 925 755 
770 559 922 926 909 
771 922 755 927 926 
772 926 927 756 928 
773 909 926 928 146 
774 209 930 929 901 
775 930 324 892 929 
776 929 892 322 351 
777 901 929 351 323 
778 346 932 931 904 
779 932 369 933 931 
780 931 933 367 384 
781 904 931 384 368 
782 607 935 934 916 
783 935 609 936 934 
784 934 936 97 631 
785 916 934 631 600 
786 623 869 937 918 
787 869 624 938 937 
788 937 938 143 939 
789 918 937 939 625 
790 609 941 940 936 
791 941 640 942 940 
792 940 942 627 644 
793 936 940 644 97 
794 50 670 943 924 
795 670 629 944 943 
796 943 944 663 945 
797 924 943 945 664 
798 629 872 946 944 
799 872 598 947 946 
800 946 947 665 948 
801 944 946 948 663 
802 755 925 949 927 
803 925 664 950 949 
804 949 950 147 951 
805 927 949 951 756 
