2 0.000000 100.000000 407.315828
905 763 
1 -79.021551 0.000000 -81.151989 99.997333 -0.003630 0.000502 0.000053 
2 92.672542 0.000000 -81.151989 99.997641 -0.024263 -0.015851 0.000047 
3 92.672542 0.000000 85.501989 100.002335 0.023298 -0.014981 -0.000047 
4 -79.021551 0.000000 85.501989 100.002632 0.003662 0.000441 -0.000053 
5 6.825495 0.000000 2.175000 100.909192 0.028895 -5.262500 -0.021036 
6 -79.021551 0.000000 2.175000 100.000102 0.000094 0.003645 -0.000002 
7 6.825495 0.000000 -81.151989 99.992191 -0.013563 -0.008259 0.000156 
8 92.672542 0.000000 2.175000 100.000126 0.937903 -1.943653 -0.000468 
9 6.825495 0.000000 85.501989 100.007393 0.013132 -0.007805 -0.000148 
10 -36.098028 0.000000 -39.488495 99.988652 -0.006880 0.001952 0.000227 
11 -79.021551 0.000000 -39.488495 99.997382 -0.002460 0.002227 0.000052 
12 -36.098028 0.000000 -81.151989 99.994345 -0.007083 -0.001544 0.000113 
13 6.825495 0.000000 -39.488495 99.968474 -0.026377 -0.035748 0.000630 
14 -36.098028 0.000000 2.175000 100.000919 0.000351 0.015681 -0.000018 
15 49.749019 0.000000 -39.488495 99.991134 -0.049130 -0.063899 0.000177 
16 49.749019 0.000000 -81.151989 99.994892 -0.020398 -0.014300 0.000102 
17 92.672542 0.000000 -39.488495 99.997834 -0.054641 -0.063376 0.000043 
18 49.749019 0.000000 2.175000 100.000578 0.937103 -1.950967 -0.000480 
19 -36.098028 0.000000 43.838495 100.011025 0.007016 0.001443 -0.000221 
20 -79.021551 0.000000 43.838495 100.002679 0.002580 0.002108 -0.000054 
21 6.825495 0.000000 43.838495 100.028308 0.024805 -0.031902 -0.000566 
22 -36.098028 0.000000 85.501989 100.005439 0.007017 -0.001563 -0.000109 
23 -14.636266 0.000000 -18.656747 99.948777 -0.012258 0.007694 0.001024 
24 -36.098028 0.000000 -18.656747 99.988720 -0.004485 0.009536 0.000226 
25 -14.636266 0.000000 -39.488495 99.976015 -0.013459 -0.007284 0.000480 
26 6.825495 0.000000 -18.656747 99.875860 -0.048956 -0.159124 0.002478 
27 -14.636266 0.000000 2.175000 100.008909 0.001270 0.071216 -0.000179 
28 49.749019 0.000000 43.838495 100.008706 0.045276 -0.057230 -0.000175 
29 92.672542 0.000000 43.838495 100.002222 0.050748 -0.057026 -0.000045 
30 49.749019 0.000000 85.501989 100.004932 0.019561 -0.013444 -0.000099 
31 28.287257 0.000000 -18.656747 99.969456 -0.100628 -0.248121 0.000604 
32 28.287257 0.000000 -39.488495 99.980499 -0.040832 -0.058660 0.000389 
33 49.749019 0.000000 -18.656747 99.992274 -0.112929 -0.244232 0.000147 
34 28.287257 0.000000 2.175000 100.003113 0.935840 -1.976820 -0.000541 
35 -14.636266 0.000000 23.006747 100.047744 0.012899 0.003320 -0.000955 
36 -36.098028 0.000000 23.006747 100.011783 0.004946 0.008466 -0.000236 
37 6.825495 0.000000 23.006747 100.101267 0.044108 -0.127151 -0.002028 
38 -14.636266 0.000000 43.838495 100.022112 0.013262 -0.007344 -0.000442 
39 -3.905385 0.000000 -8.240874 99.754859 -0.019131 0.028096 0.004897 
40 -14.636266 0.000000 -8.240874 99.948130 -0.007391 0.044285 0.001037 
41 -3.905385 0.000000 -18.656747 99.893614 -0.023866 -0.037862 0.002126 
42 6.825495 0.000000 -8.240874 99.572673 -0.074529 -0.662453 0.008484 
43 -3.905385 0.000000 2.175000 100.101866 0.003919 0.357300 -0.002051 
44 28.287257 0.000000 23.006747 100.030450 0.085415 -0.203159 -0.000614 
45 49.749019 0.000000 23.006747 100.008139 0.097225 -0.200774 -0.000168 
46 28.287257 0.000000 43.838495 100.018266 0.037555 -0.052016 -0.000366 
47 17.556376 0.000000 -8.240874 99.915707 -0.208379 -0.813462 0.001615 
48 17.556376 0.000000 -18.656747 99.931359 -0.081231 -0.235348 0.001366 
49 28.287257 0.000000 -8.240874 99.976398 -0.242117 -0.788647 0.000404 
50 17.556376 0.000000 2.175000 100.030874 0.949998 -2.053222 -0.001129 
51 -3.905385 0.000000 12.590874 100.206778 0.021871 -0.009838 -0.004140 
52 -14.636266 0.000000 12.590874 100.055724 0.009158 0.033820 -0.001115 
53 6.825495 0.000000 12.590874 100.306433 0.069022 -0.444494 -0.006158 
54 -3.905385 0.000000 23.006747 100.089259 0.023800 -0.037644 -0.001786 
55 1.460055 0.000000 -3.032937 98.714251 -0.019323 0.110893 0.025548 
56 -3.905385 0.000000 -3.032937 99.747582 -0.009553 0.230337 0.005037 
57 1.460055 0.000000 -8.240874 99.531564 -0.035750 -0.207679 0.009342 
58 6.825495 0.000000 -3.032937 98.976760 -0.073118 -2.255914 0.019851 
59 1.460055 0.000000 2.175000 101.498962 0.008593 1.747611 -0.030509 
60 17.556376 0.000000 12.590874 100.085263 0.148367 -0.593060 -0.001743 
61 28.287257 0.000000 12.590874 100.026601 0.178221 -0.580002 -0.000569 
62 17.556376 0.000000 23.006747 100.061678 0.069095 -0.188350 -0.001238 
63 12.190936 0.000000 -3.032937 99.932047 -0.377142 -1.806950 0.001018 
64 12.190936 0.000000 -8.240874 99.809495 -0.147807 -0.817797 0.003737 
65 17.556376 0.000000 -3.032937 99.950292 -0.543071 -1.691380 0.000678 
66 12.190936 0.000000 2.175000 99.898392 0.884864 -2.165424 0.001484 
67 1.460055 0.000000 7.382937 100.782031 0.032463 -0.189903 -0.015705 
68 -3.905385 0.000000 7.382937 100.280201 0.015490 0.116104 -0.005613 
69 6.825495 0.000000 7.382937 100.673369 0.085549 -1.179015 -0.013652 
70 1.460055 0.000000 12.590874 100.328310 0.037957 -0.180005 -0.006580 
71 4.142775 0.000000 -0.428968 94.457939 0.000206 -2.141076 0.107311 
72 1.460055 0.000000 -0.428968 98.490761 -0.004291 1.583133 0.029706 
73 4.142775 0.000000 -3.032937 98.211836 -0.033051 -1.145633 0.035312 
74 6.825495 0.000000 -0.428968 98.901455 -0.014554 -5.360132 0.018977 
75 4.142775 0.000000 2.175000 105.960769 0.005994 -2.312264 -0.123303 
76 12.190936 0.000000 7.382937 100.172275 0.215749 -1.273310 -0.003615 
77 17.556376 0.000000 7.382937 100.067991 0.293879 -1.194054 -0.001511 
78 12.190936 0.000000 12.590874 100.172304 0.110617 -0.573636 -0.003483 
79 9.508216 0.000000 -0.428968 101.162245 -0.136283 -3.373173 -0.024520 
80 9.508216 0.000000 -3.032937 99.776082 -0.184882 -2.120411 0.004020 
81 12.190936 0.000000 -0.428968 100.022810 -1.377975 -2.650236 -0.001349 
82 9.508216 0.000000 2.175000 98.873586 -0.000000 -3.159834 0.021403 
83 71.210780 0.000000 -18.656747 99.997202 -0.116038 -0.240796 0.000049 
84 71.210780 0.000000 -39.488495 99.995838 -0.052868 -0.063968 0.000083 
85 92.672542 0.000000 -18.656747 99.998714 -0.117197 -0.239076 0.000019 
86 71.210780 0.000000 2.175000 100.000223 0.937586 -1.945383 -0.000471 
87 39.018138 0.000000 -8.240874 99.990552 -0.248930 -0.776770 0.000122 
88 39.018138 0.000000 -18.656747 99.985366 -0.109102 -0.246799 0.000285 
89 49.749019 0.000000 -8.240874 99.995628 -0.251221 -0.769658 0.000022 
90 39.018138 0.000000 2.175000 100.001185 0.936625 -1.958424 -0.000495 
91 22.921817 0.000000 -3.032937 99.975810 -0.572931 -1.644900 0.000180 
92 22.921817 0.000000 -8.240874 99.957615 -0.232686 -0.799835 0.000778 
93 28.287257 0.000000 -3.032937 99.988082 -0.581235 -1.624704 -0.000059 
94 22.921817 0.000000 2.175000 100.006012 0.934618 -2.001927 -0.000608 
95 14.873656 0.000000 -0.428968 99.973539 -1.580174 -2.711754 -0.000456 
96 14.873656 0.000000 -3.032937 99.935007 -0.494447 -1.720738 0.000979 
97 17.556376 0.000000 -0.428968 99.988566 -1.684188 -2.686472 -0.000777 
98 14.873656 0.000000 2.175000 100.013532 0.979078 -2.058483 -0.000790 
99 9.508216 0.000000 4.778968 100.209644 0.205374 -2.148477 -0.004663 
100 6.825495 0.000000 4.778968 101.016039 0.082857 -2.316276 -0.020961 
101 12.190936 0.000000 4.778968 100.044227 0.400042 -1.798373 -0.001224 
102 9.508216 0.000000 7.382937 100.339177 0.144886 -1.309710 -0.006969 
103 10.849576 0.000000 0.873016 100.400208 5.458121 -15.817857 -0.036020 
104 9.508216 0.000000 0.873016 96.265985 0.025148 -0.695657 0.073238 
105 10.849576 0.000000 -0.428968 100.292924 -0.778397 -2.560048 -0.006583 
106 12.190936 0.000000 0.873016 99.598728 7.045643 -10.612392 -0.008217 
107 10.849576 0.000000 2.175000 99.600469 0.238325 -2.242446 0.007466 
108 8.166856 0.000000 0.873016 99.687879 -0.013025 -7.363563 0.000810 
109 6.825495 0.000000 0.873016 99.761492 -0.022246 -7.693723 -0.001155 
110 8.166856 0.000000 -0.428968 100.199226 -0.042114 -4.943436 -0.006432 
111 8.166856 0.000000 2.175000 99.652665 0.078689 -4.625724 0.004794 
112 28.287257 0.000000 -60.320242 99.988923 -0.024478 -0.023247 0.000221 
113 6.825495 0.000000 -60.320242 99.986055 -0.017926 -0.015106 0.000279 
114 28.287257 0.000000 -81.151989 99.993163 -0.017265 -0.011932 0.000137 
115 49.749019 0.000000 -60.320242 99.993013 -0.029425 -0.027148 0.000140 
116 17.556376 0.000000 -29.072621 99.957408 -0.048388 -0.096843 0.000850 
117 6.825495 0.000000 -29.072621 99.943424 -0.034388 -0.066263 0.001131 
118 17.556376 0.000000 -39.488495 99.973285 -0.034127 -0.050028 0.000534 
119 28.287257 0.000000 -29.072621 99.974222 -0.059329 -0.110018 0.000514 
120 12.190936 0.000000 -13.448810 99.856719 -0.093235 -0.387203 0.002848 
121 6.825495 0.000000 -13.448810 99.786098 -0.061333 -0.292768 0.004265 
122 12.190936 0.000000 -18.656747 99.901690 -0.065775 -0.209279 0.001960 
123 17.556376 0.000000 -13.448810 99.916544 -0.119690 -0.415546 0.001650 
124 9.508216 0.000000 -5.636905 99.663731 -0.141153 -1.267530 0.006551 
125 6.825495 0.000000 -5.636905 99.351091 -0.082243 -1.130801 0.012808 
126 9.508216 0.000000 -8.240874 99.703150 -0.110569 -0.781546 0.005866 
127 12.190936 0.000000 -5.636905 99.821576 -0.211475 -1.242107 0.003407 
128 10.849576 0.000000 -1.730953 100.108333 -0.406107 -2.249565 -0.002690 
129 9.508216 0.000000 -1.730953 100.101773 -0.204547 -2.745561 -0.002794 
130 10.849576 0.000000 -3.032937 99.893080 -0.281266 -1.929848 0.001757 
131 12.190936 0.000000 -1.730953 99.997696 -0.608471 -2.108681 -0.000436 
132 10.178896 0.000000 0.222024 100.868655 -0.149870 -2.645904 -0.018151 
133 9.508216 0.000000 0.222024 102.571309 0.045948 -3.502563 -0.053314 
134 10.178896 0.000000 -0.428968 100.715225 -0.348506 -2.681577 -0.015087 
135 10.849576 0.000000 0.222024 99.892060 -1.640567 -3.635163 0.000567 
136 10.178896 0.000000 0.873016 99.380568 0.107210 -0.366609 0.012336 
137 71.210780 0.000000 23.006747 100.003032 0.100551 -0.197811 -0.000066 
138 92.672542 0.000000 23.006747 100.001413 0.101831 -0.196218 -0.000033 
139 71.210780 0.000000 43.838495 100.004203 0.048950 -0.057512 -0.000085 
140 39.018138 0.000000 12.590874 100.010963 0.186149 -0.570746 -0.000255 
141 49.749019 0.000000 12.590874 100.005239 0.188694 -0.564446 -0.000140 
142 39.018138 0.000000 23.006747 100.014987 0.093312 -0.202632 -0.000305 
143 22.921817 0.000000 7.382937 100.030987 0.319920 -1.163268 -0.000765 
144 28.287257 0.000000 7.382937 100.017251 0.329027 -1.147435 -0.000488 
145 22.921817 0.000000 12.590874 100.046208 0.169213 -0.587070 -0.000962 
146 14.873656 0.000000 4.778968 100.049257 0.500394 -1.696281 -0.001298 
147 17.556376 0.000000 4.778968 100.046110 0.532934 -1.667168 -0.001229 
148 14.873656 0.000000 7.382937 100.100995 0.259144 -1.225706 -0.002178 
149 13.532296 0.000000 0.873016 99.707400 5.965824 -8.274811 -0.004563 
150 13.532296 0.000000 -0.428968 99.970524 -1.524565 -2.706519 -0.000376 
151 14.873656 0.000000 0.873016 99.799140 5.634546 -7.154034 -0.004280 
152 13.532296 0.000000 2.175000 99.982115 0.935569 -2.129492 -0.000183 
153 11.520256 0.000000 0.222024 99.948238 -2.730981 -4.216715 -0.001489 
154 11.520256 0.000000 -0.428968 100.106474 -1.176848 -2.596857 -0.002943 
155 12.190936 0.000000 0.222024 99.930567 -2.977299 -4.477111 -0.001503 
156 11.520256 0.000000 0.873016 99.415249 7.470685 -12.688298 -0.010020 
157 10.849576 0.000000 3.476984 99.858448 0.317182 -2.190191 0.002339 
158 9.508216 0.000000 3.476984 99.871623 0.355031 -2.701686 0.001823 
159 12.190936 0.000000 3.476984 99.976435 0.158212 -1.766307 0.000157 
160 10.849576 0.000000 4.778968 100.087250 0.309114 -1.936967 -0.002131 
161 10.178896 0.000000 1.524008 98.887586 0.000000 -1.970552 0.021736 
162 9.508216 0.000000 1.524008 97.597827 0.000000 -2.880350 0.046637 
163 10.849576 0.000000 1.524008 99.759192 0.607460 -2.375947 0.004209 
164 10.178896 0.000000 2.175000 99.188067 0.000000 -2.469931 0.015563 
165 10.514236 0.000000 0.547520 98.746419 -0.135440 -3.082469 0.023962 
166 10.178896 0.000000 0.547520 100.652800 0.326002 -1.987740 -0.013504 
167 10.514236 0.000000 0.222024 100.146204 -0.676216 -2.976389 -0.003858 
168 10.849576 0.000000 0.547520 98.843114 -3.740031 -6.891665 0.016856 
169 10.514236 0.000000 0.873016 102.247302 0.338456 -0.603937 -0.045499 
170 11.520256 0.000000 1.524008 99.841456 1.568983 -2.672005 0.002208 
171 12.190936 0.000000 1.524008 99.893211 1.846525 -2.755440 0.001034 
172 11.520256 0.000000 2.175000 99.792687 0.632903 -2.201194 0.003617 
173 11.184916 0.000000 0.547520 99.590210 -5.489069 -7.804559 -0.000925 
174 11.184916 0.000000 0.222024 99.935627 -2.381633 -4.003886 -0.000883 
175 11.520256 0.000000 0.547520 99.676121 -5.866194 -8.471171 -0.004150 
176 11.184916 0.000000 0.873016 99.450438 7.401053 -12.956831 -0.011304 
177 10.514236 0.000000 1.198512 100.159041 -0.000000 -2.077306 -0.003615 
178 10.178896 0.000000 1.198512 98.991282 -0.000000 -1.370043 0.019885 
179 10.849576 0.000000 1.198512 100.261984 1.677938 -3.465501 -0.006729 
180 10.514236 0.000000 1.524008 99.448837 -0.000000 -2.085938 0.010558 
181 10.681906 0.000000 0.710268 99.124334 2.497952 0.000000 0.016813 
182 10.514236 0.000000 0.710268 99.811240 1.509516 0.000000 0.003544 
183 10.681906 0.000000 0.547520 98.096199 -1.588008 -5.151414 0.034808 
184 10.849576 0.000000 0.710268 97.858168 -5.019642 -16.661530 0.012098 
185 10.681906 0.000000 0.873016 107.690039 0.793399 -5.537738 -0.162844 
186 11.184916 0.000000 1.198512 99.910544 2.133849 -4.170135 -0.000406 
187 11.520256 0.000000 1.198512 99.834053 2.881370 -4.100338 0.000805 
188 11.184916 0.000000 1.524008 99.811133 1.218866 -2.571137 0.002964 
189 11.017246 0.000000 0.710268 98.765768 -5.523141 -17.287614 -0.008404 
190 11.017246 0.000000 0.547520 99.409962 -4.948268 -7.464820 0.003745 
191 11.184916 0.000000 0.710268 98.888868 -5.011327 -18.173197 -0.013439 
192 11.017246 0.000000 0.873016 99.515503 7.429212 -13.654776 -0.014498 
193 10.681906 0.000000 1.035764 101.950884 0.000000 -4.375223 -0.041313 
194 10.514236 0.000000 1.035764 101.260015 -0.000000 -2.089770 -0.025796 
195 10.849576 0.000000 1.035764 100.766364 3.305824 -6.025180 -0.020109 
196 10.681906 0.000000 1.198512 100.416911 0.000000 -2.850490 -0.009168 
197 10.765741 0.000000 0.791642 103.554060 1.678781 -3.914458 -0.074158 
198 10.681906 0.000000 0.791642 106.393128 1.460581 -3.780017 -0.133592 
199 10.765741 0.000000 0.710268 95.204807 -2.900390 -15.692204 0.068139 
200 10.849576 0.000000 0.791642 98.598048 0.349387 -22.618673 -0.023330 
201 10.765741 0.000000 0.873016 113.258481 0.000000 -11.693448 -0.296422 
202 8.166856 0.000000 -1.730953 99.660043 -0.098950 -3.262018 0.005723 
203 6.825495 0.000000 -1.730953 98.846976 -0.053629 -3.357937 0.021800 
204 8.166856 0.000000 -3.032937 99.454070 -0.114966 -2.306121 0.010356 
205 8.837536 0.000000 0.222024 102.186268 0.016792 -6.353075 -0.048240 
206 8.166856 0.000000 0.222024 100.335916 0.004972 -6.652564 -0.011155 
207 8.837536 0.000000 -0.428968 100.934507 -0.069660 -4.399811 -0.020714 
208 8.837536 0.000000 0.873016 97.539693 -0.000000 -11.438298 0.035517 
209 9.843556 0.000000 0.547520 102.030503 0.259512 -1.956046 -0.041412 
210 9.508216 0.000000 0.547520 103.670589 0.161285 -2.634150 -0.075456 
211 9.843556 0.000000 0.222024 101.731090 0.017621 -2.760762 -0.035684 
212 9.843556 0.000000 0.873016 98.324214 0.053527 0.024312 0.033235 
213 10.346566 0.000000 0.710268 99.887362 0.703906 0.000000 0.002202 
214 10.178896 0.000000 0.710268 99.894255 0.427334 0.000000 0.002096 
215 10.346566 0.000000 0.547520 99.818850 0.264334 -2.215072 0.003122 
216 10.346566 0.000000 0.873016 100.241053 0.146488 -0.331199 -0.004840 
217 10.598071 0.000000 0.791642 102.069557 1.294523 -0.284971 -0.041995 
218 10.514236 0.000000 0.791642 101.118517 0.833683 -0.087547 -0.022566 
219 10.598071 0.000000 0.710268 99.296186 2.201442 0.000000 0.013542 
220 10.598071 0.000000 0.873016 104.493233 0.684761 -1.648246 -0.092202 
221 11.017246 0.000000 1.035764 100.054603 4.656353 -6.467213 -0.007443 
222 11.184916 0.000000 1.035764 99.802180 5.287641 -6.550045 -0.003134 
223 11.017246 0.000000 1.198512 100.035733 2.496720 -3.752670 -0.002746 
224 10.765741 0.000000 0.954390 103.959244 0.000000 -6.950662 -0.085584 
225 10.681906 0.000000 0.954390 103.728186 0.000000 -5.928242 -0.079468 
226 10.849576 0.000000 0.954390 100.864279 5.816261 -9.370787 -0.029524 
227 10.765741 0.000000 1.035764 101.584223 0.000000 -4.329008 -0.033809 
228 10.723823 0.000000 0.832329 107.798086 1.105781 -6.207048 -0.166018 
229 10.681906 0.000000 0.832329 107.748874 1.111297 -4.950452 -0.163556 
230 10.723823 0.000000 0.791642 104.170843 1.716651 -3.463997 -0.086651 
231 10.765741 0.000000 0.832329 107.536089 1.073245 -6.526202 -0.160775 
232 10.723823 0.000000 0.873016 108.107350 0.647604 -6.931821 -0.173567 
233 4.142775 0.000000 4.778968 101.916699 0.037683 -1.189414 -0.038843 
234 1.460055 0.000000 4.778968 101.322329 0.022628 0.135690 -0.026623 
235 4.142775 0.000000 7.382937 100.947019 0.050789 -0.710635 -0.019081 
236 8.166856 0.000000 3.476984 100.288306 0.121773 -3.215080 -0.006810 
237 6.825495 0.000000 3.476984 101.117275 0.064589 -3.403188 -0.023629 
238 8.166856 0.000000 4.778968 100.564583 0.127843 -2.362229 -0.011883 
239 8.837536 0.000000 1.524008 97.909723 0.081469 -5.177942 0.038687 
240 8.166856 0.000000 1.524008 99.330032 0.034780 -5.810176 0.009979 
241 8.837536 0.000000 2.175000 99.051724 0.167177 -4.048747 0.017234 
242 9.843556 0.000000 1.198512 97.825862 -0.000000 -1.464573 0.042796 
243 9.508216 0.000000 1.198512 96.521535 0.000000 -2.206248 0.067873 
244 9.843556 0.000000 1.524008 98.220866 0.000000 -2.221227 0.034773 
245 10.346566 0.000000 1.035764 99.954142 -0.000000 -1.160452 0.000782 
246 10.178896 0.000000 1.035764 99.158141 0.000000 -0.944592 0.016677 
247 10.346566 0.000000 1.198512 99.600478 -0.000000 -1.588985 0.007722 
248 10.598071 0.000000 0.954390 103.330426 -0.000000 -3.589130 -0.069006 
249 10.514236 0.000000 0.954390 102.104274 -0.000000 -1.973556 -0.042918 
250 10.598071 0.000000 1.035764 101.785841 -0.000000 -3.057564 -0.036971 
251 10.639988 0.000000 0.832329 105.721639 1.191499 -2.605394 -0.118527 
252 10.598071 0.000000 0.832329 103.465943 1.218039 -0.825276 -0.070737 
253 10.639988 0.000000 0.791642 104.078117 1.515339 -1.491559 -0.083678 
254 10.639988 0.000000 0.873016 105.733970 0.894497 -3.307979 -0.119142 
255 10.178896 0.000000 -1.079961 100.400181 -0.333801 -2.625665 -0.008720 
256 9.508216 0.000000 -1.079961 100.472953 -0.197587 -3.043877 -0.010412 
257 10.178896 0.000000 -1.730953 100.156596 -0.295379 -2.438615 -0.003738 
258 10.849576 0.000000 -1.079961 100.231831 -0.530076 -2.391131 -0.005242 
259 10.514236 0.000000 -0.103472 100.453109 -0.622860 -2.641763 -0.009819 
260 10.178896 0.000000 -0.103472 100.858133 -0.311470 -2.668505 -0.017958 
261 10.514236 0.000000 -0.428968 100.471856 -0.546528 -2.568831 -0.010149 
262 10.849576 0.000000 -0.103472 100.209696 -1.044557 -2.791545 -0.005087 
263 10.681906 0.000000 0.384772 99.428869 -1.400119 -4.245867 0.009391 
264 10.514236 0.000000 0.384772 99.695863 -0.608405 -3.504947 0.004808 
265 10.681906 0.000000 0.222024 99.950481 -1.135969 -3.310558 -0.000235 
266 10.849576 0.000000 0.384772 99.516813 -2.339615 -4.905981 0.006686 
267 10.765741 0.000000 0.628894 97.196962 -3.195776 -8.908623 0.046317 
268 10.681906 0.000000 0.628894 96.283544 -1.139769 -6.566128 0.068507 
269 10.765741 0.000000 0.547520 98.385385 -2.725118 -6.220624 0.027419 
270 10.849576 0.000000 0.628894 98.315973 -4.807892 -9.939621 0.021206 
271 10.723823 0.000000 0.750955 99.123135 2.467117 0.000000 0.016852 
272 10.681906 0.000000 0.750955 100.323367 2.309723 -0.591665 -0.007046 
273 10.723823 0.000000 0.710268 99.113232 2.178837 0.000000 0.017182 
274 10.765741 0.000000 0.750955 99.113875 2.178081 0.000000 0.017170 
275 10.702865 0.000000 0.811985 105.743544 1.338584 -5.341433 -0.121202 
276 10.681906 0.000000 0.811985 106.675223 1.393309 -4.004010 -0.139758 
277 10.702865 0.000000 0.791642 105.238630 1.386324 -5.294560 -0.110512 
278 10.723823 0.000000 0.811985 105.524602 1.476009 -4.231316 -0.115552 
279 10.702865 0.000000 0.832329 108.275673 1.037411 -6.205688 -0.176321 
280 10.598071 0.000000 0.628894 96.792930 0.140199 -3.999115 0.061512 
281 10.514236 0.000000 0.628894 97.926271 0.575149 -2.547507 0.040362 
282 10.598071 0.000000 0.547520 98.256663 -0.680003 -3.974733 0.032937 
283 10.639988 0.000000 0.750955 99.193225 2.405331 0.000000 0.015492 
284 10.598071 0.000000 0.750955 99.326000 2.306068 0.000000 0.012903 
285 10.639988 0.000000 0.710268 99.170049 2.607642 0.000000 0.015850 
286 10.660947 0.000000 0.811985 105.401734 1.483758 -2.699124 -0.111901 
287 10.639988 0.000000 0.811985 104.481207 1.487093 -1.954160 -0.092235 
288 10.660947 0.000000 0.791642 105.001226 1.597531 -2.498111 -0.103405 
289 10.660947 0.000000 0.832329 106.574064 1.160122 -3.512502 -0.137171 
290 10.660947 0.000000 0.771298 103.010967 1.774201 -2.012854 -0.061846 
291 10.639988 0.000000 0.771298 102.465234 1.847138 -1.350848 -0.050436 
292 10.660947 0.000000 0.750955 100.014891 2.275418 -0.304054 -0.000825 
293 10.681906 0.000000 0.771298 103.236133 1.817359 -2.402612 -0.066677 
294 10.671426 0.000000 0.801814 106.345747 1.548711 -3.518954 -0.132420 
295 10.660947 0.000000 0.801814 106.385406 1.500719 -3.326023 -0.133117 
296 10.671426 0.000000 0.791642 105.159189 1.616094 -3.018951 -0.107018 
297 10.681906 0.000000 0.801814 107.038492 1.383683 -4.125714 -0.147617 
298 10.671426 0.000000 0.811985 105.556781 1.512996 -3.281999 -0.115529 
299 10.430401 0.000000 0.791642 100.547744 0.524020 -0.090569 -0.011013 
300 10.346566 0.000000 0.791642 100.166290 0.385096 -0.070946 -0.003344 
301 10.430401 0.000000 0.710268 99.871241 0.954955 0.000000 0.002482 
302 10.430401 0.000000 0.873016 100.981426 0.228605 -0.380473 -0.019745 
303 10.556153 0.000000 0.832329 102.341874 0.957894 -0.211538 -0.047482 
304 10.514236 0.000000 0.832329 101.721217 0.708988 -0.121940 -0.034772 
305 10.556153 0.000000 0.791642 101.616687 1.094871 -0.084703 -0.032716 
306 10.556153 0.000000 0.873016 102.965375 0.507139 -0.772930 -0.060272 
307 10.430401 0.000000 0.954390 100.921289 -0.000000 -1.251089 -0.018667 
308 10.346566 0.000000 0.954390 100.188000 -0.000000 -0.862687 -0.003838 
309 10.430401 0.000000 1.035764 100.563112 -0.000000 -1.464269 -0.011508 
310 10.472318 0.000000 0.832329 100.952960 0.630653 -0.098497 -0.019191 
311 10.430401 0.000000 0.832329 100.642852 0.530814 -0.095530 -0.012927 
312 10.472318 0.000000 0.791642 100.802926 0.659207 -0.096560 -0.016167 
313 10.472318 0.000000 0.873016 101.351701 0.311981 -0.407197 -0.027243 
314 10.556153 0.000000 0.750955 99.521223 1.895803 0.000000 0.009193 
315 10.514236 0.000000 0.750955 99.752431 1.475521 0.000000 0.004728 
316 10.556153 0.000000 0.710268 99.630237 1.782102 0.000000 0.007064 
317 10.535195 0.000000 0.811985 101.516715 0.851084 -0.082618 -0.030637 
318 10.514236 0.000000 0.811985 101.172252 0.816925 -0.089753 -0.023650 
319 10.535195 0.000000 0.791642 101.361728 0.949476 -0.070872 -0.027511 
320 10.556153 0.000000 0.811985 101.810343 1.004470 -0.104518 -0.036637 
321 10.535195 0.000000 0.832329 101.798191 0.795031 -0.114273 -0.036352 
322 10.011226 0.000000 0.710268 99.891316 0.324794 0.000000 0.002162 
323 9.843556 0.000000 0.710268 99.885059 0.223864 0.000000 0.002292 
324 10.011226 0.000000 0.547520 101.333305 0.303317 -1.923256 -0.027223 
325 10.011226 0.000000 0.873016 98.872289 0.051170 -0.304142 0.022418 
326 10.262731 0.000000 0.791642 99.847564 0.288901 -0.113239 0.003037 
327 10.178896 0.000000 0.791642 99.556273 0.250809 -0.179540 0.008845 
328 10.262731 0.000000 0.710268 99.892832 0.498199 0.000000 0.002117 
329 10.262731 0.000000 0.873016 99.762330 0.132325 -0.304136 0.004737 
330 10.388483 0.000000 0.832329 100.384621 0.409165 -0.092386 -0.007725 
331 10.346566 0.000000 0.832329 100.144009 0.351419 -0.091123 -0.002895 
332 10.388483 0.000000 0.791642 100.296805 0.454718 -0.076995 -0.005966 
333 10.388483 0.000000 0.873016 100.626665 0.161730 -0.389222 -0.012590 
334 10.011226 0.000000 1.035764 98.431545 0.000000 -0.794304 0.031060 
335 9.843556 0.000000 1.035764 97.681161 -0.000000 -0.896680 0.045759 
336 10.011226 0.000000 1.198512 98.422006 0.000000 -1.289649 0.031145 
337 10.095061 0.000000 0.791642 99.421321 0.215039 -0.219325 0.011531 
338 10.011226 0.000000 0.791642 99.504719 0.214096 -0.118774 0.009875 
339 10.095061 0.000000 0.710268 99.894257 0.372110 0.000000 0.002100 
340 10.095061 0.000000 0.873016 99.065580 0.057532 -0.418505 0.018583 
341 9.172876 0.000000 0.547520 105.723649 0.062851 -5.062581 -0.120312 
342 8.837536 0.000000 0.547520 103.088714 -0.012142 -9.275401 -0.071332 
343 9.172876 0.000000 0.222024 102.986654 0.034470 -4.920686 -0.063047 
344 9.172876 0.000000 0.873016 93.442600 0.018404 -1.281871 0.126684 
345 9.675886 0.000000 0.710268 99.876701 0.170225 0.000000 0.002462 
346 9.508216 0.000000 0.710268 99.867209 0.141847 0.000000 0.002652 
347 9.675886 0.000000 0.547520 102.809224 0.212024 -2.198953 -0.057462 
348 9.675886 0.000000 0.873016 97.109069 0.031674 -0.073068 0.056982 
349 9.927391 0.000000 0.791642 99.397623 0.180827 0.006945 0.012008 
350 9.843556 0.000000 0.791642 99.170976 0.150576 0.104672 0.016508 
351 9.927391 0.000000 0.710268 99.887678 0.271976 0.000000 0.002238 
352 9.927391 0.000000 0.873016 98.684648 0.059702 -0.102927 0.026133 
353 9.172876 0.000000 1.198512 95.496285 0.000000 -4.227621 0.086259 
354 8.837536 0.000000 1.198512 96.255576 -0.000000 -6.587060 0.069147 
355 9.172876 0.000000 1.524008 97.341414 0.000000 -4.148810 0.050744 
356 9.675886 0.000000 1.035764 96.877710 0.000000 -1.095331 0.061351 
357 9.508216 0.000000 1.035764 95.931772 0.000000 -1.563016 0.079465 
358 9.675886 0.000000 1.198512 97.194475 0.000000 -1.692251 0.055037 
359 9.759721 0.000000 0.791642 98.845213 0.113947 0.168739 0.022958 
360 9.675886 0.000000 0.791642 98.504878 0.101975 0.130210 0.029676 
361 9.759721 0.000000 0.710268 99.882242 0.191935 0.000000 0.002350 
362 9.759721 0.000000 0.873016 97.676792 0.035503 0.040565 0.045924 
363 9.340546 0.000000 0.710268 99.853892 0.099026 0.000000 0.002919 
364 9.172876 0.000000 0.710268 99.842355 0.065370 0.000000 0.003150 
365 9.340546 0.000000 0.547520 104.686224 0.112533 -3.382975 -0.097066 
366 9.340546 0.000000 0.873016 95.825951 0.027594 -0.443762 0.081719 
367 9.592051 0.000000 0.791642 98.117883 0.092452 -0.021192 0.037287 
368 9.508216 0.000000 0.791642 97.932972 0.083921 -0.344647 0.040901 
369 9.592051 0.000000 0.710268 99.870860 0.154905 0.000000 0.002579 
370 9.592051 0.000000 0.873016 96.547331 0.028079 -0.359839 0.067848 
371 9.340546 0.000000 1.035764 94.812055 0.000000 -2.244872 0.100563 
372 9.172876 0.000000 1.035764 93.502381 0.000000 -3.813772 0.124276 
373 9.340546 0.000000 1.198512 95.878825 0.000000 -2.938143 0.079862 
374 9.424381 0.000000 0.791642 98.093776 0.074804 -0.236239 0.037755 
375 9.340546 0.000000 0.791642 97.392062 0.055821 0.052584 0.051478 
376 9.424381 0.000000 0.710268 99.862949 0.124850 0.000000 0.002738 
377 9.424381 0.000000 0.873016 96.518102 0.032277 -0.589989 0.068391 
378 9.592051 0.000000 0.954390 96.249564 0.000000 -0.894342 0.073522 
379 9.508216 0.000000 0.954390 95.738635 0.000000 -1.194296 0.083269 
380 9.675886 0.000000 0.954390 96.715632 0.000000 -0.671223 0.064564 
381 9.592051 0.000000 1.035764 96.415670 0.000000 -1.303603 0.070232 
382 9.550133 0.000000 0.832329 97.166772 0.056597 -0.237397 0.055856 
383 9.508216 0.000000 0.832329 97.773960 0.075712 -0.345410 0.044013 
384 9.550133 0.000000 0.791642 98.104653 0.088342 -0.043233 0.037547 
385 9.592051 0.000000 0.832329 97.905940 0.083194 -0.058437 0.041442 
386 9.550133 0.000000 0.873016 96.713541 0.038654 -0.423230 0.064631 
387 5.484135 0.000000 0.873016 99.945813 -0.026563 -13.453919 -0.017017 
388 4.142775 0.000000 0.873016 100.264741 0.005101 -2.806788 -0.006090 
389 5.484135 0.000000 -0.428968 96.618986 -0.002345 -5.312890 0.063654 
390 5.484135 0.000000 2.175000 103.326894 0.012029 -5.492330 -0.070661 
391 7.496176 0.000000 0.222024 99.676938 0.008359 -6.500957 0.002225 
392 6.825495 0.000000 0.222024 99.192786 0.011954 -6.813469 0.011437 
393 7.496176 0.000000 -0.428968 99.546147 -0.024559 -5.144388 0.006410 
394 7.496176 0.000000 0.873016 99.764029 -0.018645 -7.157673 -0.000409 
395 8.502196 0.000000 0.547520 100.670649 -0.034490 -8.639286 -0.020922 
396 8.166856 0.000000 0.547520 100.050832 -0.002702 -8.102870 -0.007583 
397 8.502196 0.000000 0.222024 101.029393 0.007155 -6.749578 -0.025250 
398 8.502196 0.000000 0.873016 99.488132 -0.010129 -8.161192 0.003551 
399 9.005206 0.000000 0.710268 99.828429 0.013229 0.000000 0.003428 
400 8.837536 0.000000 0.710268 102.251061 -0.017839 -11.510286 -0.058777 
401 9.005206 0.000000 0.547520 105.382820 0.017058 -7.836759 -0.116695 
402 9.005206 0.000000 0.873016 92.329944 0.007507 -6.150054 0.143736 
403 9.256711 0.000000 0.791642 96.764590 0.047222 -0.202083 0.063657 
404 9.172876 0.000000 0.791642 96.490660 0.040232 -0.110901 0.068954 
405 9.256711 0.000000 0.710268 99.847603 0.081815 0.000000 0.003045 
406 9.256711 0.000000 0.873016 95.453680 0.029097 -0.619017 0.088821 
407 7.496176 0.000000 1.524008 99.983386 0.016701 -5.930636 -0.003185 
408 6.825495 0.000000 1.524008 100.474596 0.004585 -6.430341 -0.013649 
409 7.496176 0.000000 2.175000 100.270631 0.047662 -4.937584 -0.007858 
410 8.502196 0.000000 1.198512 98.674402 0.015132 -6.851001 0.021643 
411 8.166856 0.000000 1.198512 99.373142 0.010013 -6.589378 0.008156 
412 8.502196 0.000000 1.524008 98.725736 0.048949 -5.687441 0.022088 
413 9.005206 0.000000 1.035764 93.824472 0.000000 -7.074288 0.114692 
414 8.837536 0.000000 1.035764 96.083616 -0.000000 -8.579501 0.069433 
415 9.005206 0.000000 1.198512 95.890480 -0.000000 -5.767220 0.077176 
416 9.256711 0.000000 0.954390 93.473329 0.000000 -2.262158 0.125762 
417 9.172876 0.000000 0.954390 92.489489 0.000000 -3.238166 0.143521 
418 9.340546 0.000000 0.954390 94.370261 0.000000 -1.656355 0.109151 
419 9.256711 0.000000 1.035764 94.201242 0.000000 -2.853539 0.111798 
420 9.298628 0.000000 0.832329 96.199171 0.040044 -0.201037 0.074568 
421 9.256711 0.000000 0.832329 96.654233 0.045007 -0.202225 0.065792 
422 9.298628 0.000000 0.791642 97.611816 0.054507 0.067117 0.047193 
423 9.340546 0.000000 0.832329 97.153930 0.050587 -0.036330 0.056111 
424 9.298628 0.000000 0.873016 95.036848 0.021075 -0.563287 0.096768 
425 8.837536 0.000000 -1.079961 100.291979 -0.120848 -3.585377 -0.007135 
426 8.166856 0.000000 -1.079961 99.889454 -0.077282 -3.924549 0.000669 
427 8.837536 0.000000 -1.730953 99.945941 -0.139185 -3.028687 0.000162 
428 9.172876 0.000000 -0.103472 101.811998 -0.039239 -4.301770 -0.038419 
429 8.837536 0.000000 -0.103472 101.442197 -0.028537 -5.081397 -0.031634 
430 9.172876 0.000000 -0.428968 101.163174 -0.092716 -3.887357 -0.024911 
431 9.508216 0.000000 -0.103472 101.732467 -0.067256 -3.473535 -0.036156 
432 9.340546 0.000000 0.384772 103.686565 0.110566 -4.271849 -0.076916 
433 9.172876 0.000000 0.384772 103.998856 0.082198 -5.418301 -0.084513 
434 9.340546 0.000000 0.222024 102.890232 0.044054 -4.105654 -0.060326 
435 9.508216 0.000000 0.384772 103.108738 0.135406 -3.546118 -0.064401 
436 9.256711 0.000000 0.628894 106.033886 0.118151 -3.014998 -0.125229 
437 9.172876 0.000000 0.628894 106.995119 0.087185 -4.102632 -0.146479 
438 9.256711 0.000000 0.547520 105.249137 0.087515 -4.068304 -0.109394 
439 9.340546 0.000000 0.628894 105.170753 0.149223 -2.403601 -0.106669 
440 9.298628 0.000000 0.750955 99.019318 0.080800 -0.015460 0.019517 
441 9.256711 0.000000 0.750955 99.847728 0.081437 0.000000 0.003042 
442 9.298628 0.000000 0.710268 99.850910 0.092159 0.000000 0.002979 
443 9.340546 0.000000 0.750955 99.853904 0.099054 0.000000 0.002919 
444 9.424381 0.000000 0.954390 95.240082 0.000000 -1.373279 0.092744 
445 9.424381 0.000000 1.035764 95.413678 0.000000 -1.848604 0.089281 
446 9.382463 0.000000 0.832329 97.124119 0.049644 -0.232740 0.056685 
447 9.382463 0.000000 0.791642 98.200100 0.070065 -0.180850 0.035670 
448 9.424381 0.000000 0.832329 97.691377 0.065064 -0.304026 0.045630 
449 9.382463 0.000000 0.873016 95.950200 0.028215 -0.494639 0.079331 
450 9.319587 0.000000 0.811985 97.227737 0.052656 0.087470 0.054676 
451 9.298628 0.000000 0.811985 97.330465 0.051897 0.035927 0.052678 
452 9.319587 0.000000 0.791642 97.243584 0.053046 0.097922 0.054367 
453 9.340546 0.000000 0.811985 97.416847 0.055851 0.028449 0.050995 
454 9.319587 0.000000 0.832329 97.249541 0.052173 -0.107733 0.054251 
455 9.089041 0.000000 0.791642 95.838375 0.024610 -0.635644 0.081460 
456 9.005206 0.000000 0.791642 96.986566 0.016128 -2.122984 0.058910 
457 9.089041 0.000000 0.710268 99.833340 0.039130 0.000000 0.003330 
458 9.089041 0.000000 0.873016 91.956880 0.013913 -2.370069 0.153831 
459 9.214793 0.000000 0.832329 95.547053 0.034680 -0.207846 0.087072 
460 9.172876 0.000000 0.832329 96.026016 0.038450 -0.259027 0.077894 
461 9.214793 0.000000 0.791642 96.710353 0.043571 -0.184583 0.064707 
462 9.214793 0.000000 0.873016 94.326977 0.021507 -0.791056 0.110180 
463 9.089041 0.000000 0.954390 91.909925 0.000000 -5.309328 0.152438 
464 9.005206 0.000000 0.954390 92.368622 -0.000000 -7.934090 0.140509 
465 9.089041 0.000000 1.035764 93.284428 0.000000 -5.385112 0.126902 
466 9.130958 0.000000 0.832329 95.616936 0.032277 -0.420604 0.085722 
467 9.089041 0.000000 0.832329 95.104171 0.024401 -1.012732 0.095417 
468 9.130958 0.000000 0.791642 96.151206 0.033034 -0.283249 0.075486 
469 9.130958 0.000000 0.873016 92.877255 0.015649 -1.423910 0.137179 
470 8.669866 0.000000 0.710268 100.608350 -0.018151 -9.421902 -0.021081 
471 8.502196 0.000000 0.710268 100.169206 -0.019585 -8.499690 -0.010611 
472 8.669866 0.000000 0.547520 101.455675 -0.026203 -9.036817 -0.037492 
473 8.669866 0.000000 0.873016 99.141120 -0.014711 -9.129137 0.008770 
474 8.921371 0.000000 0.791642 95.426126 0.003149 -10.855500 0.077601 
475 8.837536 0.000000 0.791642 98.011070 -0.000000 -12.252336 0.024371 
476 8.921371 0.000000 0.710268 105.331575 -0.011947 -12.895209 -0.126103 
477 8.921371 0.000000 0.873016 94.407489 0.000000 -12.738961 0.092494 
478 9.047123 0.000000 0.832329 95.167802 0.018125 -1.974904 0.093919 
479 9.005206 0.000000 0.832329 94.794707 0.013710 -3.568401 0.100123 
480 9.047123 0.000000 0.791642 94.745683 0.018235 -1.354727 0.102142 
481 9.047123 0.000000 0.873016 92.455453 0.010283 -3.687868 0.143839 
482 9.005206 0.000000 0.384772 103.653769 0.057368 -6.746554 -0.078962 
483 8.837536 0.000000 0.384772 102.659050 0.039025 -7.608523 -0.059677 
484 9.005206 0.000000 0.222024 102.738176 0.023592 -5.750027 -0.058820 
485 9.089041 0.000000 0.628894 107.660717 0.055157 -5.984367 -0.162665 
486 9.005206 0.000000 0.628894 107.091764 0.024781 -8.486008 -0.154066 
487 9.089041 0.000000 0.547520 105.870003 0.038687 -6.395570 -0.124936 
488 9.047123 0.000000 0.750955 98.875051 0.024375 -0.421872 0.022355 
489 9.005206 0.000000 0.750955 97.865888 0.016044 -1.348277 0.042045 
490 9.047123 0.000000 0.710268 99.830922 0.026311 0.000000 0.003379 
491 9.089041 0.000000 0.750955 98.882417 0.036673 -0.151606 0.022224 
492 9.068082 0.000000 0.811985 95.130348 0.021270 -1.143496 0.094891 
493 9.047123 0.000000 0.811985 94.844577 0.018283 -1.505624 0.100224 
494 9.068082 0.000000 0.791642 95.500157 0.022107 -0.787586 0.087910 
495 9.089041 0.000000 0.811985 95.513852 0.024645 -0.717813 0.087659 
496 9.068082 0.000000 0.832329 95.152148 0.018745 -1.580525 0.094357 
497 8.669866 0.000000 1.035764 98.184976 -0.004533 -8.014503 0.029548 
498 8.502196 0.000000 1.035764 98.938018 0.001261 -7.550854 0.015425 
499 8.669866 0.000000 1.198512 97.975085 0.014508 -6.899976 0.035327 
500 8.921371 0.000000 0.954390 94.849811 -0.000000 -9.453146 0.091415 
501 8.837536 0.000000 0.954390 96.524634 -0.000000 -9.791963 0.058711 
502 8.921371 0.000000 1.035764 95.207004 -0.000000 -8.121750 0.086966 
503 8.963288 0.000000 0.832329 94.337914 0.006999 -7.713437 0.104086 
504 8.921371 0.000000 0.832329 95.534089 0.002984 -10.744825 0.075779 
505 8.963288 0.000000 0.791642 91.766001 0.006780 -7.847858 0.151741 
506 8.963288 0.000000 0.873016 93.538688 0.003895 -8.800964 0.117306 
507 9.026164 0.000000 0.811985 94.571190 0.014284 -2.023577 0.105219 
508 9.005206 0.000000 0.811985 96.228416 0.015216 -2.642814 0.073311 
509 9.026164 0.000000 0.791642 94.576580 0.014535 -1.461754 0.105313 
510 9.026164 0.000000 0.832329 94.100104 0.013942 -3.300569 0.113428 
511 8.921371 0.000000 0.628894 105.019045 0.002136 -10.076373 -0.113053 
512 8.837536 0.000000 0.628894 103.046915 -0.010200 -10.188396 -0.072247 
513 8.921371 0.000000 0.547520 104.295299 -0.000465 -8.870816 -0.095620 
514 8.963288 0.000000 0.750955 98.218015 0.012780 -2.306525 0.034790 
515 8.921371 0.000000 0.750955 98.181800 0.006554 -5.123938 0.033408 
516 8.963288 0.000000 0.710268 99.828022 0.009982 0.000000 0.003437 
517 8.984247 0.000000 0.811985 92.300774 0.009662 -6.005443 0.144450 
518 8.963288 0.000000 0.811985 92.105468 0.006396 -8.180119 0.144967 
519 8.984247 0.000000 0.791642 91.788373 0.010010 -5.714516 0.154224 
520 8.984247 0.000000 0.832329 94.252250 0.010104 -5.384052 0.108753 
521 8.984247 0.000000 0.771298 97.437827 0.014367 -2.299771 0.050058 
522 8.963288 0.000000 0.771298 96.222464 0.009539 -5.283869 0.071332 
523 8.984247 0.000000 0.750955 98.826958 0.016511 -1.002730 0.023223 
524 9.005206 0.000000 0.771298 97.932050 0.018127 -1.300579 0.040762 
525 8.994726 0.000000 0.801814 90.704895 0.008513 -5.911761 0.173767 
526 8.984247 0.000000 0.801814 90.556329 0.008645 -6.821065 0.175302 
527 8.994726 0.000000 0.791642 91.640078 0.009086 -5.515225 0.157168 
528 9.005206 0.000000 0.801814 90.078939 0.008988 -6.206691 0.184726 
529 8.994726 0.000000 0.811985 93.249551 0.010849 -4.670304 0.128271 
530 28.287257 0.000000 64.670242 100.010455 0.023191 -0.021387 -0.000209 
531 6.825495 0.000000 64.670242 100.012967 0.017181 -0.014005 -0.000259 
532 49.749019 0.000000 64.670242 100.006756 0.027823 -0.025085 -0.000135 
533 28.287257 0.000000 85.501989 100.006516 0.016598 -0.011206 -0.000130 
534 17.556376 0.000000 33.422621 100.038177 0.043544 -0.082456 -0.000765 
535 6.825495 0.000000 33.422621 100.049003 0.031822 -0.056955 -0.000981 
536 28.287257 0.000000 33.422621 100.024313 0.053014 -0.094346 -0.000487 
537 17.556376 0.000000 43.838495 100.024373 0.031588 -0.044219 -0.000488 
538 12.190936 0.000000 17.798810 100.121053 0.075962 -0.289235 -0.002431 
539 6.825495 0.000000 17.798810 100.164894 0.054133 -0.220187 -0.003306 
540 17.556376 0.000000 17.798810 100.077164 0.095545 -0.318420 -0.001555 
541 12.190936 0.000000 23.006747 100.083651 0.057171 -0.165676 -0.001677 
542 9.508216 0.000000 9.986905 100.303850 0.110921 -0.814605 -0.006154 
543 6.825495 0.000000 9.986905 100.444705 0.077227 -0.692648 -0.008962 
544 12.190936 0.000000 9.986905 100.190806 0.148052 -0.847256 -0.003894 
545 9.508216 0.000000 12.590874 100.239054 0.089541 -0.531029 -0.004816 
546 10.849576 0.000000 6.080953 100.195800 0.222943 -1.610382 -0.004184 
547 9.508216 0.000000 6.080953 100.321554 0.168731 -1.676850 -0.006725 
548 12.190936 0.000000 6.080953 100.127739 0.275279 -1.537262 -0.002800 
549 10.849576 0.000000 7.382937 100.232380 0.179804 -1.295471 -0.004824 
550 10.178896 0.000000 4.127976 100.005843 0.330156 -2.230115 -0.000625 
551 9.508216 0.000000 4.127976 100.081244 0.239970 -2.409087 -0.002212 
552 10.178896 0.000000 3.476984 99.810182 0.000000 -2.436723 0.003199 
553 10.849576 0.000000 4.127976 99.981102 0.414788 -2.082886 -0.000073 
554 10.178896 0.000000 4.778968 100.127906 0.257349 -2.029357 -0.002978 
555 10.178896 0.000000 2.825992 99.641052 0.000000 -2.425441 0.006578 
556 9.508216 0.000000 2.825992 99.551628 -0.000000 -2.917448 0.008096 
557 10.849576 0.000000 2.825992 99.700251 0.077797 -2.255052 0.005477 
558 13.532296 0.000000 3.476984 100.037857 0.251158 -0.699812 -0.000813 
559 14.873656 0.000000 3.476984 100.044093 1.301881 -0.899668 -0.001132 
560 13.532296 0.000000 4.778968 100.052376 0.463481 -1.735243 -0.001370 
561 11.520256 0.000000 4.127976 99.999015 0.486579 -1.992043 -0.000401 
562 11.520256 0.000000 3.476984 99.919176 0.386660 -2.000950 0.001200 
563 12.190936 0.000000 4.127976 100.008412 0.546063 -1.925695 -0.000569 
564 11.520256 0.000000 4.778968 100.058804 0.355662 -1.862544 -0.001536 
565 10.514236 0.000000 3.802480 99.914005 0.522458 -2.218344 0.001200 
566 10.178896 0.000000 3.802480 99.923789 0.450175 -2.321252 0.000965 
567 10.514236 0.000000 3.476984 99.826688 -0.000000 -2.324591 0.002923 
568 10.849576 0.000000 3.802480 99.922673 0.581556 -2.145489 0.001052 
569 10.514236 0.000000 4.127976 99.986396 0.375102 -2.144578 -0.000202 
570 11.520256 0.000000 2.825992 99.835024 0.400461 -2.138777 0.002823 
571 12.190936 0.000000 2.825992 99.919322 0.492415 -2.104306 0.001146 
572 10.514236 0.000000 3.151488 99.763991 -0.000000 -2.304785 0.004183 
573 10.178896 0.000000 3.151488 99.734076 -0.000000 -2.457182 0.004708 
574 10.514236 0.000000 2.825992 99.732334 -0.000000 -2.286399 0.004823 
575 10.849576 0.000000 3.151488 99.778992 0.124757 -2.231037 0.003916 
576 11.184916 0.000000 3.802480 99.937545 0.625616 -2.091161 0.000772 
577 11.184916 0.000000 3.476984 99.887821 0.513201 -2.093473 0.001778 
578 11.520256 0.000000 3.802480 99.952367 0.664391 -2.045619 0.000490 
579 11.184916 0.000000 4.127976 99.987444 0.453205 -2.033602 -0.000183 
580 10.681906 0.000000 3.639732 99.879970 1.030346 -2.208173 0.001805 
581 10.514236 0.000000 3.639732 99.873931 0.889838 -2.249444 0.001935 
582 10.681906 0.000000 3.476984 99.837705 0.000000 -2.247861 0.002738 
583 10.849576 0.000000 3.639732 99.888320 0.956560 -2.171468 0.001669 
584 10.681906 0.000000 3.802480 99.917447 0.553273 -2.179542 0.001145 
585 14.873656 0.000000 -5.636905 99.891202 -0.264458 -1.203504 0.002023 
586 14.873656 0.000000 -8.240874 99.875920 -0.184915 -0.820935 0.002409 
587 17.556376 0.000000 -5.636905 99.927492 -0.305937 -1.175874 0.001302 
588 13.532296 0.000000 -1.730953 99.964611 -0.719135 -2.064050 0.000230 
589 13.532296 0.000000 -3.032937 99.928268 -0.449004 -1.752536 0.001107 
590 14.873656 0.000000 -1.730953 99.957706 -0.772850 -2.045074 0.000368 
591 12.861616 0.000000 0.222024 99.877610 -3.031926 -4.825436 -0.000801 
592 12.861616 0.000000 -0.428968 99.983258 -1.473039 -2.685847 -0.000604 
593 13.532296 0.000000 0.222024 99.889192 -2.872475 -5.410416 -0.001537 
594 12.861616 0.000000 0.873016 99.664173 6.272452 -9.377394 -0.006023 
595 20.239096 0.000000 -0.428968 99.989415 -1.752729 -2.654384 -0.000800 
596 20.239096 0.000000 -3.032937 99.965950 -0.563572 -1.662999 0.000373 
597 22.921817 0.000000 -0.428968 99.990471 -1.760176 -2.631865 -0.000812 
598 20.239096 0.000000 2.175000 100.014053 0.935687 -2.021715 -0.000777 
599 16.215016 0.000000 0.873016 99.876673 4.974830 -5.742586 -0.003308 
600 16.215016 0.000000 -0.428968 99.983813 -1.632314 -2.714263 -0.000679 
601 17.556376 0.000000 0.873016 99.941097 4.287090 -5.045358 -0.003206 
602 16.215016 0.000000 2.175000 100.029560 0.976567 -2.071521 -0.001116 
603 14.202976 0.000000 0.222024 99.926646 -3.333987 -4.926452 -0.002072 
604 14.202976 0.000000 -0.428968 99.969868 -1.556031 -2.706979 -0.000372 
605 14.873656 0.000000 0.222024 99.947099 -4.027487 -4.755826 -0.002826 
606 14.202976 0.000000 0.873016 99.799127 5.497077 -7.711838 -0.004956 
607 16.215016 0.000000 -1.730953 99.960232 -0.804893 -2.021781 0.000322 
608 16.215016 0.000000 -3.032937 99.940840 -0.523881 -1.708776 0.000863 
609 17.556376 0.000000 -1.730953 99.966458 -0.827182 -2.001370 0.000202 
610 15.544336 0.000000 0.222024 99.956625 -4.336996 -4.795183 -0.003313 
611 15.544336 0.000000 -0.428968 99.978143 -1.605668 -2.714189 -0.000557 
612 16.215016 0.000000 0.222024 99.940137 -4.554473 -5.129199 -0.003508 
613 15.544336 0.000000 0.873016 99.850727 5.311680 -6.257874 -0.003754 
614 14.202976 0.000000 1.524008 99.981716 1.772303 -2.681683 -0.000668 
615 13.532296 0.000000 1.524008 99.962463 1.786509 -2.765556 -0.000333 
616 14.873656 0.000000 1.524008 99.995254 1.758458 -2.637960 -0.000910 
617 14.202976 0.000000 2.175000 100.004009 0.949306 -2.086071 -0.000605 
618 14.538316 0.000000 0.547520 99.229207 -6.947969 -14.995539 -0.011958 
619 14.202976 0.000000 0.547520 99.252700 -8.329733 -14.053720 -0.011799 
620 14.538316 0.000000 0.222024 99.908878 -4.244338 -4.847186 -0.002329 
621 14.873656 0.000000 0.547520 99.307539 -5.522478 -15.510438 -0.013306 
622 14.538316 0.000000 0.873016 99.806734 5.507069 -7.533726 -0.004847 
623 20.239096 0.000000 4.778968 100.030516 0.545388 -1.641831 -0.000910 
624 22.921817 0.000000 4.778968 100.021135 0.548893 -1.625695 -0.000717 
625 20.239096 0.000000 7.382937 100.046703 0.310800 -1.177055 -0.001082 
626 18.897736 0.000000 0.873016 99.977257 4.045860 -4.697762 -0.003389 
627 18.897736 0.000000 -0.428968 99.989677 -1.735165 -2.669541 -0.000807 
628 20.239096 0.000000 0.873016 100.002635 3.994097 -4.676073 -0.003835 
629 18.897736 0.000000 2.175000 100.023798 0.941240 -2.033784 -0.000978 
630 16.885696 0.000000 0.222024 99.946529 -4.492392 -5.512242 -0.003988 
631 16.885696 0.000000 -0.428968 99.985962 -1.657665 -2.696947 -0.000721 
632 17.556376 0.000000 0.222024 99.967004 -4.291897 -5.740610 -0.004478 
633 16.885696 0.000000 0.873016 99.915876 4.625577 -5.307297 -0.003275 
634 22.921817 0.000000 -13.448810 99.951384 -0.136476 -0.419937 0.000953 
635 22.921817 0.000000 -18.656747 99.954218 -0.092883 -0.245466 0.000909 
636 28.287257 0.000000 -13.448810 99.970488 -0.145641 -0.417668 0.000571 
637 20.239096 0.000000 -5.636905 99.949332 -0.324873 -1.161670 0.000868 
638 20.239096 0.000000 -8.240874 99.940785 -0.223384 -0.806569 0.001114 
639 22.921817 0.000000 -5.636905 99.965701 -0.337520 -1.147358 0.000543 
640 18.897736 0.000000 -1.730953 99.972869 -0.844098 -1.985151 0.000077 
641 18.897736 0.000000 -3.032937 99.959546 -0.555388 -1.675781 0.000497 
642 20.239096 0.000000 -1.730953 99.976752 -0.852465 -1.971373 0.000004 
643 18.227056 0.000000 0.222024 99.944152 -3.594137 -6.811714 -0.004815 
644 18.227056 0.000000 -0.428968 99.989440 -1.710876 -2.676611 -0.000798 
645 18.897736 0.000000 0.222024 99.960171 -6.884408 -4.275367 -0.005771 
646 18.227056 0.000000 0.873016 99.946652 4.099074 -4.892829 -0.003008 
647 12.861616 0.000000 1.524008 99.933581 1.833755 -2.832042 0.000190 
648 12.861616 0.000000 2.175000 99.951584 0.925911 -2.159366 0.000416 
649 12.526276 0.000000 0.547520 99.235787 -7.049771 -11.829634 -0.003738 
650 12.190936 0.000000 0.547520 99.647334 -6.442056 -9.922028 -0.006954 
651 12.526276 0.000000 0.222024 99.897759 -3.027643 -4.623353 -0.001010 
652 12.861616 0.000000 0.547520 99.192687 -7.024569 -14.038584 -0.008562 
653 12.526276 0.000000 0.873016 99.687376 6.410890 -9.939559 -0.007747 
654 11.855596 0.000000 0.547520 99.703417 -6.010645 -9.102464 -0.005975 
655 11.855596 0.000000 0.222024 99.945205 -2.891691 -4.350308 -0.001633 
656 11.855596 0.000000 0.873016 99.179699 8.358979 -12.249518 -0.005654 
657 12.526276 0.000000 1.198512 99.883675 3.228920 -4.047765 -0.000356 
658 12.190936 0.000000 1.198512 99.875661 3.240567 -4.036389 -0.000194 
659 12.861616 0.000000 1.198512 99.887061 3.172535 -4.005093 -0.000353 
660 12.526276 0.000000 1.524008 99.917879 1.864279 -2.817224 0.000501 
661 12.358606 0.000000 0.710268 99.136867 1.180339 -20.275377 -0.024060 
662 12.190936 0.000000 0.710268 98.383945 -2.238724 -21.877888 -0.016305 
663 12.358606 0.000000 0.547520 99.440823 -7.026685 -10.657469 -0.005143 
664 12.526276 0.000000 0.710268 99.250903 0.789142 -18.663993 -0.019971 
665 12.358606 0.000000 0.873016 99.681489 6.641975 -10.202740 -0.008461 
666 -14.636266 0.000000 -60.320242 99.987710 -0.011713 -0.006056 0.000246 
667 -36.098028 0.000000 -60.320242 99.991840 -0.007370 -0.000879 0.000163 
668 -14.636266 0.000000 -81.151989 99.992733 -0.009973 -0.004352 0.000145 
669 71.210780 0.000000 -60.320242 99.995890 -0.032484 -0.028303 0.000082 
670 71.210780 0.000000 -81.151989 99.996487 -0.022695 -0.015431 0.000070 
671 92.672542 0.000000 -60.320242 99.997545 -0.034280 -0.028449 0.000049 
672 -14.636266 0.000000 64.670242 100.011528 0.011457 -0.005850 -0.000231 
673 -36.098028 0.000000 64.670242 100.007836 0.007353 -0.001018 -0.000157 
674 -14.636266 0.000000 85.501989 100.006906 0.009762 -0.004198 -0.000138 
675 -3.905385 0.000000 -29.072621 99.947475 -0.021951 -0.028271 0.001050 
676 -14.636266 0.000000 -29.072621 99.964650 -0.013683 -0.005158 0.000707 
677 -3.905385 0.000000 -39.488495 99.969742 -0.019115 -0.019539 0.000605 
678 71.210780 0.000000 64.670242 100.004056 0.030770 -0.026264 -0.000081 
679 92.672542 0.000000 64.670242 100.002457 0.032542 -0.026458 -0.000049 
680 71.210780 0.000000 85.501989 100.003438 0.021768 -0.014551 -0.000069 
681 39.018138 0.000000 -29.072621 99.984926 -0.066050 -0.113202 0.000300 
682 39.018138 0.000000 -39.488495 99.986745 -0.045773 -0.062557 0.000264 
683 49.749019 0.000000 -29.072621 99.990980 -0.069932 -0.113371 0.000179 
684 -3.905385 0.000000 33.422621 100.045977 0.021179 -0.026053 -0.000920 
685 -14.636266 0.000000 33.422621 100.032441 0.013720 -0.006286 -0.000649 
686 -3.905385 0.000000 43.838495 100.027289 0.018395 -0.018084 -0.000546 
687 1.460055 0.000000 -13.448810 99.776039 -0.037425 -0.141882 0.004472 
688 -3.905385 0.000000 -13.448810 99.838380 -0.023219 -0.030590 0.003230 
689 1.460055 0.000000 -18.656747 99.872493 -0.034576 -0.093534 0.002548 
690 39.018138 0.000000 33.422621 100.014748 0.059200 -0.098046 -0.000296 
691 49.749019 0.000000 33.422621 100.009060 0.062956 -0.098570 -0.000183 
692 39.018138 0.000000 43.838495 100.012743 0.042092 -0.055788 -0.000255 
693 1.460055 0.000000 17.798810 100.171042 0.036852 -0.117657 -0.003425 
694 -3.905385 0.000000 17.798810 100.133418 0.023889 -0.036894 -0.002670 
695 1.460055 0.000000 23.006747 100.103566 0.032613 -0.078977 -0.002073 
696 4.142775 0.000000 -5.636905 99.135286 -0.047662 -0.686070 0.017172 
697 1.460055 0.000000 -5.636905 99.255370 -0.030076 -0.194309 0.014833 
698 4.142775 0.000000 -8.240874 99.494459 -0.051654 -0.443784 0.010065 
699 22.921817 0.000000 17.798810 100.047831 0.109128 -0.326233 -0.000969 
700 28.287257 0.000000 17.798810 100.030271 0.117491 -0.326468 -0.000618 
701 22.921817 0.000000 23.006747 100.043117 0.078717 -0.198625 -0.000867 
702 4.142775 0.000000 9.986905 100.530274 0.053382 -0.462106 -0.010655 
703 1.460055 0.000000 9.986905 100.491051 0.036504 -0.211205 -0.009850 
704 4.142775 0.000000 12.590874 100.343787 0.050759 -0.316725 -0.006898 
705 5.484135 0.000000 -1.730953 97.679021 -0.030369 -2.929659 0.045023 
706 4.142775 0.000000 -1.730953 96.962189 -0.019423 -1.531960 0.059599 
707 5.484135 0.000000 -3.032937 98.490911 -0.047521 -1.848630 0.029612 
708 14.873656 0.000000 9.986905 100.121839 0.179673 -0.845105 -0.002513 
709 17.556376 0.000000 9.986905 100.081435 0.201518 -0.835896 -0.001703 
710 14.873656 0.000000 12.590874 100.121224 0.132302 -0.589072 -0.002462 
711 8.166856 0.000000 6.080953 100.556005 0.121244 -1.715529 -0.011447 
712 6.825495 0.000000 6.080953 100.893044 0.086253 -1.644773 -0.018212 
713 8.166856 0.000000 7.382937 100.489495 0.112150 -1.283312 -0.009980 
714 11.520256 0.000000 -1.079961 100.109424 -0.719727 -2.298240 -0.002770 
715 11.520256 0.000000 -1.730953 100.043948 -0.517938 -2.154690 -0.001370 
716 12.190936 0.000000 -1.079961 100.027068 -0.853080 -2.297504 -0.001142 
717 9.843556 0.000000 -0.103472 101.353455 -0.144903 -2.868410 -0.028077 
718 9.843556 0.000000 -0.428968 100.979060 -0.216534 -2.951271 -0.020553 
719 20.239096 0.000000 9.986905 100.055860 0.215108 -0.826654 -0.001190 
720 22.921817 0.000000 9.986905 100.040677 0.223780 -0.819349 -0.000886 
721 20.239096 0.000000 12.590874 100.062528 0.159351 -0.590715 -0.001288 
722 16.215016 0.000000 3.476984 100.041014 1.341863 -1.369314 -0.001188 
723 17.556376 0.000000 3.476984 100.036478 1.243175 -1.554831 -0.001126 
724 16.215016 0.000000 4.778968 100.050295 0.522273 -1.679060 -0.001315 
725 13.532296 0.000000 6.080953 100.094535 0.315072 -1.483227 -0.002122 
726 14.873656 0.000000 6.080953 100.082745 0.348796 -1.456405 -0.001880 
727 13.532296 0.000000 7.382937 100.129388 0.241213 -1.247797 -0.002751 
728 11.184916 0.000000 -0.103472 100.106021 -1.423535 -2.916781 -0.003175 
729 11.184916 0.000000 -0.428968 100.168016 -1.000199 -2.578739 -0.004128 
730 11.520256 0.000000 -0.103472 100.054978 -1.677991 -3.010592 -0.002288 
731 11.855596 0.000000 -0.103472 100.024571 -1.828614 -3.066369 -0.001766 
732 11.855596 0.000000 -0.428968 100.058712 -1.295624 -2.633404 -0.002036 
733 12.190936 0.000000 -0.103472 100.002004 -1.915949 -3.098247 -0.001367 
734 10.346566 0.000000 0.384772 100.215345 -0.120984 -3.002176 -0.005214 
735 10.178896 0.000000 0.384772 100.776491 0.066500 -2.807483 -0.016379 
736 10.346566 0.000000 0.222024 100.475257 -0.349119 -2.732303 -0.010286 
737 11.855596 0.000000 1.198512 99.848690 3.158754 -4.018150 0.000412 
738 11.855596 0.000000 1.524008 99.872702 1.758209 -2.710758 0.001500 
739 11.017246 0.000000 0.384772 99.687406 -3.067818 -5.266357 0.002528 
740 11.017246 0.000000 0.222024 99.909552 -2.073171 -3.865008 -0.000115 
741 11.184916 0.000000 0.384772 99.790218 -3.524914 -5.449533 -0.000021 
742 7.496176 0.000000 -1.079961 99.386390 -0.051156 -4.145283 0.010516 
743 6.825495 0.000000 -1.079961 98.822916 -0.036260 -4.223144 0.021619 
744 7.496176 0.000000 -1.730953 99.277497 -0.071325 -3.378624 0.013256 
745 8.502196 0.000000 -0.103472 100.860769 -0.023418 -5.498940 -0.020313 
746 8.166856 0.000000 -0.103472 100.335701 -0.020000 -5.672195 -0.009943 
747 8.502196 0.000000 -0.428968 100.581894 -0.054369 -4.739767 -0.013919 
748 9.675886 0.000000 0.384772 102.489602 0.153966 -3.097387 -0.051374 
749 9.675886 0.000000 0.222024 102.166221 0.040223 -3.063292 -0.044732 
750 9.843556 0.000000 0.384772 101.893684 0.159167 -2.827297 -0.039034 
751 10.011226 0.000000 0.384772 101.331308 0.136317 -2.740903 -0.027557 
752 10.011226 0.000000 0.222024 101.294028 -0.037726 -2.642172 -0.026746 
753 10.430401 0.000000 0.628894 98.879091 0.669511 -1.878770 0.021895 
754 10.346566 0.000000 0.628894 99.595562 0.653138 -1.561131 0.007786 
755 10.430401 0.000000 0.547520 99.306445 0.139286 -2.530656 0.013181 
756 5.484135 0.000000 3.476984 102.375128 0.038569 -3.041988 -0.048992 
757 4.142775 0.000000 3.476984 103.228603 0.024748 -1.597500 -0.065870 
758 5.484135 0.000000 4.778968 101.581221 0.054347 -1.920261 -0.032243 
759 5.484135 0.000000 6.080953 101.197570 0.062024 -1.361540 -0.024281 
760 4.142775 0.000000 6.080953 101.387899 0.046294 -0.908376 -0.028033 
761 5.484135 0.000000 7.382937 100.863919 0.064649 -0.987599 -0.017451 
762 8.837536 0.000000 2.825992 99.675270 0.188603 -3.448339 0.005291 
763 8.166856 0.000000 2.825992 100.038430 0.106667 -3.833332 -0.002239 
764 8.837536 0.000000 3.476984 100.015086 0.183270 -2.968153 -0.001186 
765 8.837536 0.000000 4.127976 100.231564 0.171434 -2.599899 -0.005316 
766 8.166856 0.000000 4.127976 100.469494 0.127085 -2.751333 -0.010171 
767 8.837536 0.000000 4.778968 100.342044 0.160337 -2.262566 -0.007367 
768 10.262731 0.000000 0.954390 99.686604 -0.000000 -0.751469 0.006202 
769 10.178896 0.000000 0.954390 99.251193 0.000000 -0.705588 0.014870 
770 10.262731 0.000000 1.035764 99.535918 -0.000000 -1.053781 0.009149 
771 10.702865 0.000000 0.771298 103.411209 1.845252 -2.849242 -0.070540 
772 10.702865 0.000000 0.750955 99.134033 2.509556 0.000000 0.016615 
773 10.723823 0.000000 0.771298 102.964349 1.921369 -2.876374 -0.061362 
774 10.472318 0.000000 0.750955 99.843712 1.216677 0.000000 0.002975 
775 10.430401 0.000000 0.750955 99.868931 0.975193 0.000000 0.002525 
776 10.472318 0.000000 0.710268 99.853778 1.183515 0.000000 0.002782 
777 10.095061 0.000000 0.954390 98.849146 0.000000 -0.656282 0.022842 
778 10.011226 0.000000 0.954390 98.521349 0.000000 -0.575143 0.029321 
779 10.095061 0.000000 1.035764 98.771812 0.000000 -0.854690 0.024340 
780 9.759721 0.000000 0.954390 97.212777 0.000000 -0.574892 0.054935 
781 9.843556 0.000000 0.954390 97.717921 -0.000000 -0.543913 0.045091 
782 9.759721 0.000000 1.035764 97.290475 0.000000 -0.983932 0.053360 
783 9.424381 0.000000 0.628894 104.466771 0.180013 -2.062823 -0.091759 
784 9.424381 0.000000 0.547520 104.149642 0.136731 -2.932964 -0.085577 
785 9.508216 0.000000 0.628894 103.912675 0.211985 -1.845384 -0.080129 
786 9.382463 0.000000 0.750955 98.702046 0.081967 -0.105582 0.025789 
787 9.382463 0.000000 0.710268 99.856846 0.105829 0.000000 0.002860 
788 9.424381 0.000000 0.750955 98.917415 0.090522 -0.123544 0.021532 
789 9.466298 0.000000 0.832329 97.072723 0.053032 -0.451318 0.057668 
790 9.466298 0.000000 0.791642 97.823321 0.074331 -0.352327 0.043047 
791 9.466298 0.000000 0.873016 96.530604 0.035179 -0.571123 0.068152 
792 8.669866 0.000000 0.384772 101.654142 0.028997 -7.789825 -0.039425 
793 8.502196 0.000000 0.384772 100.958911 0.024204 -7.683393 -0.025174 
794 8.669866 0.000000 0.222024 101.563336 0.010675 -6.645700 -0.035928 
795 9.214793 0.000000 0.750955 98.826294 0.062438 -0.045418 0.023336 
796 9.172876 0.000000 0.750955 99.841828 0.065391 0.000000 0.003161 
797 9.214793 0.000000 0.710268 99.844671 0.070151 0.000000 0.003104 
798 9.130958 0.000000 0.750955 98.982891 0.048014 -0.067642 0.020238 
799 9.130958 0.000000 0.710268 99.838007 0.056385 0.000000 0.003237 
800 9.026164 0.000000 0.771298 97.466296 0.018367 -1.259963 0.049873 
801 9.026164 0.000000 0.750955 98.775308 0.020449 -0.465575 0.024322 
802 9.047123 0.000000 0.771298 98.156977 0.023030 -0.545457 0.036491 
803 12.861616 0.000000 2.825992 99.970683 0.534662 -2.069987 0.000129 
804 13.532296 0.000000 2.825992 99.994339 0.732419 -1.944276 -0.000318 
805 12.861616 0.000000 3.476984 100.012352 -0.003422 -1.325206 -0.000423 
806 14.202976 0.000000 2.825992 100.011120 0.657270 -1.942564 -0.000643 
807 14.873656 0.000000 2.825992 100.021867 0.601266 -1.906500 -0.000837 
808 14.202976 0.000000 3.476984 100.044747 0.936763 -0.570831 -0.001015 
809 12.861616 0.000000 4.127976 100.017950 0.590431 -1.882025 -0.000748 
810 13.532296 0.000000 4.127976 100.030024 0.622720 -1.858090 -0.000985 
811 12.861616 0.000000 4.778968 100.054184 0.435720 -1.766323 -0.001415 
812 11.184916 0.000000 3.151488 99.827101 0.195630 -2.167141 0.002982 
813 11.184916 0.000000 2.825992 99.772372 0.078592 -2.182523 0.004070 
814 11.520256 0.000000 3.151488 99.873724 0.241141 -2.119599 0.002069 
815 12.861616 0.000000 -1.079961 99.986240 -0.938207 -2.298708 -0.000341 
816 12.861616 0.000000 -1.730953 99.972467 -0.674597 -2.083030 0.000071 
817 13.532296 0.000000 -1.079961 99.974111 -0.988677 -2.286363 -0.000103 
818 12.526276 0.000000 -0.103472 99.974486 -1.975582 -3.155859 -0.000876 
819 12.526276 0.000000 -0.428968 99.998495 -1.433016 -2.670408 -0.000888 
820 12.861616 0.000000 -0.103472 99.960316 -2.013322 -3.196355 -0.000633 
821 15.544336 0.000000 1.524008 100.005424 1.738171 -2.602146 -0.001088 
822 16.215016 0.000000 1.524008 100.014622 1.710432 -2.571722 -0.001246 
823 15.544336 0.000000 2.175000 100.022799 0.987370 -2.061868 -0.000979 
824 18.897736 0.000000 3.476984 100.030492 1.164525 -1.642488 -0.001015 
825 20.239096 0.000000 3.476984 100.022713 1.160065 -1.634410 -0.000856 
826 18.897736 0.000000 4.778968 100.038112 0.538625 -1.653875 -0.001065 
827 16.215016 0.000000 6.080953 100.068979 0.369924 -1.436235 -0.001600 
828 17.556376 0.000000 6.080953 100.056454 0.380674 -1.419422 -0.001345 
829 16.215016 0.000000 7.382937 100.083226 0.278782 -1.208587 -0.001819 
830 10.262731 0.000000 0.628894 100.149704 0.603528 -1.443860 -0.003241 
831 10.178896 0.000000 0.628894 100.595612 0.547393 -1.385174 -0.012170 
832 10.262731 0.000000 0.547520 100.262898 0.313722 -2.077892 -0.005706 
833 7.496176 0.000000 2.825992 100.512869 0.070658 -4.077049 -0.011946 
834 6.825495 0.000000 2.825992 101.104254 0.049321 -4.253935 -0.024017 
835 7.496176 0.000000 3.476984 100.672703 0.088403 -3.370717 -0.014636 
836 7.496176 0.000000 4.127976 100.744383 0.097013 -2.818170 -0.015738 
837 6.825495 0.000000 4.127976 101.105579 0.075167 -2.807979 -0.023023 
838 7.496176 0.000000 4.778968 100.785120 0.101461 -2.383762 -0.016333 
839 10.388483 0.000000 0.750955 100.005779 0.746921 -0.023124 -0.000171 
840 10.346566 0.000000 0.750955 99.885993 0.709832 0.000000 0.002228 
841 10.388483 0.000000 0.710268 99.882841 0.780522 0.000000 0.002281 
842 10.095061 0.000000 0.628894 100.969316 0.493597 -1.331837 -0.019682 
843 10.011226 0.000000 0.628894 101.306971 0.444434 -1.299874 -0.026499 
844 10.095061 0.000000 0.547520 101.001940 0.319364 -1.935270 -0.020524 
845 9.927391 0.000000 0.954390 98.146680 0.000000 -0.541192 0.036694 
846 9.927391 0.000000 1.035764 98.072426 0.000000 -0.846294 0.038108 
847 9.592051 0.000000 0.628894 103.427640 0.245206 -1.619655 -0.069996 
848 9.592051 0.000000 0.547520 103.228203 0.187330 -2.387393 -0.066180 
849 9.675886 0.000000 0.628894 102.955579 0.280677 -1.439332 -0.060200 
850 9.759721 0.000000 0.628894 102.497732 0.316830 -1.317715 -0.050762 
851 9.759721 0.000000 0.547520 102.407944 0.235712 -2.059398 -0.049168 
852 9.843556 0.000000 0.628894 102.064579 0.355909 -1.239639 -0.041884 
853 9.466298 0.000000 0.750955 98.433723 0.093022 -0.261000 0.031073 
854 9.466298 0.000000 0.710268 99.862949 0.124850 0.000000 0.002738 
855 9.508216 0.000000 0.750955 99.043494 0.115431 -0.157866 0.019035 
856 9.068082 0.000000 0.771298 98.120000 0.024547 -0.537889 0.037218 
857 9.068082 0.000000 0.750955 99.096890 0.025709 -0.117025 0.017979 
858 9.089041 0.000000 0.771298 96.736368 0.029080 -0.611096 0.064170 
859 14.202976 0.000000 4.127976 100.035301 0.641964 -1.836102 -0.001084 
860 14.873656 0.000000 4.127976 100.039151 0.657092 -1.818024 -0.001157 
861 14.202976 0.000000 4.778968 100.052824 0.486353 -1.717440 -0.001375 
862 14.202976 0.000000 -1.079961 99.968757 -1.019275 -2.267818 0.000007 
863 14.202976 0.000000 -1.730953 99.960377 -0.750457 -2.050383 0.000316 
864 14.873656 0.000000 -1.079961 99.970238 -1.044271 -2.260991 -0.000025 
865 16.885696 0.000000 1.524008 100.020609 1.680677 -2.542066 -0.001341 
866 17.556376 0.000000 1.524008 100.020392 1.652198 -2.509195 -0.001310 
867 16.885696 0.000000 2.175000 100.032397 0.962280 -2.067803 -0.001168 
868 15.544336 0.000000 -1.079961 99.970983 -1.063556 -2.255550 -0.000042 
869 15.544336 0.000000 -1.730953 99.959601 -0.790085 -2.025887 0.000335 
870 16.215016 0.000000 -1.079961 99.972043 -1.080870 -2.244072 -0.000061 
871 18.897736 0.000000 6.080953 100.046700 0.386515 -1.410400 -0.001148 
872 20.239096 0.000000 6.080953 100.038743 0.393994 -1.398373 -0.000986 
873 18.897736 0.000000 7.382937 100.056511 0.303435 -1.184432 -0.001280 
874 18.227056 0.000000 1.524008 100.018463 1.627410 -2.486745 -0.001253 
875 18.897736 0.000000 1.524008 100.014528 1.609058 -2.469725 -0.001159 
876 18.227056 0.000000 2.175000 100.027983 0.943337 -2.040949 -0.001065 
877 15.544336 0.000000 2.825992 100.032102 0.557832 -1.839732 -0.001012 
878 16.215016 0.000000 2.825992 100.038922 0.571374 -1.757850 -0.001120 
879 15.544336 0.000000 3.476984 100.040166 1.369737 -1.186680 -0.001132 
880 16.885696 0.000000 2.825992 100.039374 0.645748 -1.713697 -0.001123 
881 17.556376 0.000000 2.825992 100.037318 0.690601 -1.742911 -0.001098 
882 16.885696 0.000000 3.476984 100.039083 1.291666 -1.482964 -0.001169 
883 15.544336 0.000000 4.127976 100.042046 0.667534 -1.807579 -0.001212 
884 16.215016 0.000000 4.127976 100.041323 0.673592 -1.793656 -0.001194 
885 15.544336 0.000000 4.778968 100.051937 0.512658 -1.688626 -0.001350 
886 18.227056 0.000000 2.825992 100.033589 0.685445 -1.767817 -0.001031 
887 18.897736 0.000000 2.825992 100.028931 0.666102 -1.774492 -0.000938 
888 18.227056 0.000000 3.476984 100.032521 1.198810 -1.605692 -0.001052 
889 9.927391 0.000000 0.628894 101.663276 0.399005 -1.248674 -0.033714 
890 9.927391 0.000000 0.547520 101.671438 0.281819 -1.914451 -0.034083 
891 9.550133 0.000000 0.750955 99.073553 0.122499 -0.081567 0.018441 
892 9.550133 0.000000 0.710268 103.884651 0.278227 -0.998027 -0.079309 
893 9.592051 0.000000 0.750955 99.873279 0.161250 0.000000 0.002530 
894 16.885696 0.000000 -1.079961 99.974540 -1.094757 -2.228414 -0.000107 
895 16.885696 0.000000 -1.730953 99.963089 -0.816847 -2.010212 0.000267 
896 17.556376 0.000000 -1.079961 99.976714 -1.108263 -2.217839 -0.000149 
897 18.227056 0.000000 -1.079961 99.978502 -1.120562 -2.207521 -0.000183 
898 18.227056 0.000000 -1.730953 99.970349 -0.836726 -1.993958 0.000125 
899 18.897736 0.000000 -1.079961 99.981056 -1.132193 -2.199086 -0.000233 
900 16.885696 0.000000 4.127976 100.040689 0.676920 -1.787243 -0.001179 
901 17.556376 0.000000 4.127976 100.038222 0.680417 -1.779081 -0.001127 
902 16.885696 0.000000 4.778968 100.047678 0.528840 -1.670321 -0.001261 
903 18.227056 0.000000 4.127976 100.037029 0.680030 -1.776997 -0.001103 
904 18.897736 0.000000 4.127976 100.033587 0.680005 -1.770068 -0.001031 
905 18.227056 0.000000 4.778968 100.041997 0.535697 -1.659807 -0.001144 
1 1 12 10 11 
2 11 10 14 6 
3 6 14 19 20 
4 20 19 22 4 
5 10 25 23 24 
6 24 23 27 14 
7 14 27 35 36 
8 36 35 38 19 
9 23 41 39 40 
10 40 39 43 27 
11 27 43 51 52 
12 52 51 54 35 
13 39 57 55 56 
14 56 55 59 43 
15 43 59 67 68 
16 68 67 70 51 
17 55 73 71 72 
18 72 71 75 59 
19 15 84 83 33 
20 84 17 85 83 
21 83 85 8 86 
22 33 83 86 18 
23 31 88 87 49 
24 88 33 89 87 
25 87 89 18 90 
26 49 87 90 34 
27 92 49 93 91 
28 91 93 34 94 
29 7 114 112 113 
30 114 16 115 112 
31 112 115 15 32 
32 113 112 32 13 
33 13 118 116 117 
34 118 32 119 116 
35 116 119 31 48 
36 117 116 48 26 
37 26 122 120 121 
38 122 48 123 120 
39 120 123 47 64 
40 121 120 64 42 
41 42 126 124 125 
42 126 64 127 124 
43 124 127 63 80 
44 125 124 80 58 
45 80 130 128 129 
46 130 63 131 128 
47 18 86 137 45 
48 86 8 138 137 
49 137 138 29 139 
50 45 137 139 28 
51 34 90 140 61 
52 90 18 141 140 
53 140 141 45 142 
54 61 140 142 44 
55 94 34 144 143 
56 143 144 61 145 
57 161 163 107 164 
58 162 161 164 82 
59 170 171 66 172 
60 163 170 172 107 
61 174 153 175 173 
62 173 175 156 176 
63 177 179 163 180 
64 178 177 180 161 
65 176 156 187 186 
66 186 187 170 188 
67 179 186 188 163 
68 168 190 189 184 
69 190 173 191 189 
70 189 191 176 192 
71 184 189 192 103 
72 193 195 179 196 
73 194 193 196 177 
74 199 184 200 197 
75 197 200 103 201 
76 58 204 202 203 
77 204 80 129 202 
78 103 192 221 195 
79 192 176 222 221 
80 221 222 186 223 
81 195 221 223 179 
82 185 201 224 225 
83 201 103 226 224 
84 224 226 195 227 
85 225 224 227 193 
86 230 197 231 228 
87 228 231 201 232 
88 229 228 232 185 
89 59 75 233 234 
90 234 233 235 67 
91 239 162 82 241 
92 240 239 241 111 
93 242 178 161 244 
94 243 242 244 162 
95 245 194 177 247 
96 246 245 247 178 
97 169 220 248 249 
98 220 185 225 248 
99 248 225 193 250 
100 249 248 250 194 
101 217 253 251 252 
102 251 229 185 254 
103 252 251 254 220 
104 129 257 255 256 
105 257 128 258 255 
106 255 258 105 134 
107 256 255 134 79 
108 134 261 259 260 
109 261 105 262 259 
110 259 262 135 167 
111 260 259 167 132 
112 167 265 263 264 
113 265 135 266 263 
114 263 266 168 183 
115 264 263 183 165 
116 183 269 267 268 
117 269 168 270 267 
118 267 270 184 199 
119 268 267 199 181 
120 181 273 271 272 
121 273 199 274 271 
122 271 274 197 230 
123 198 277 275 276 
124 277 230 278 275 
125 275 278 228 279 
126 276 275 279 229 
127 165 282 280 281 
128 282 183 268 280 
129 280 268 181 219 
130 281 280 219 182 
131 219 285 283 284 
132 285 181 272 283 
133 284 283 253 217 
134 253 288 286 287 
135 286 276 229 289 
136 287 286 289 251 
137 283 292 290 291 
138 292 272 293 290 
139 290 293 198 288 
140 291 290 288 253 
141 288 296 294 295 
142 296 198 297 294 
143 294 297 276 298 
144 295 294 298 286 
145 305 217 252 303 
146 303 252 220 306 
147 304 303 306 169 
148 216 302 307 308 
149 302 169 249 307 
150 307 249 194 309 
151 308 307 309 245 
152 299 312 310 311 
153 312 218 304 310 
154 310 304 169 313 
155 311 310 313 302 
156 182 316 314 315 
157 316 219 284 314 
158 314 284 217 305 
159 315 314 305 218 
160 218 319 317 318 
161 319 305 320 317 
162 317 320 303 321 
163 318 317 321 304 
164 214 328 326 327 
165 328 213 300 326 
166 326 300 216 329 
167 327 326 329 136 
168 300 332 330 331 
169 332 299 311 330 
170 330 311 302 333 
171 331 330 333 216 
172 334 246 178 336 
173 335 334 336 242 
174 322 339 337 338 
175 339 214 327 337 
176 337 327 136 340 
177 338 337 340 325 
178 323 351 349 350 
179 351 322 338 349 
180 349 338 325 352 
181 350 349 352 212 
182 353 243 162 355 
183 354 353 355 239 
184 356 335 242 358 
185 357 356 358 243 
186 345 361 359 360 
187 361 323 350 359 
188 359 350 212 362 
189 360 359 362 348 
190 369 345 360 367 
191 367 360 348 370 
192 371 357 243 373 
193 372 371 373 353 
194 104 370 378 379 
195 370 348 380 378 
196 378 380 356 381 
197 379 378 381 357 
198 368 384 382 383 
199 384 367 385 382 
200 382 385 370 386 
201 383 382 386 104 
202 71 389 387 388 
203 389 74 109 387 
204 387 109 5 390 
205 388 387 390 75 
206 74 393 391 392 
207 393 110 206 391 
208 391 206 108 394 
209 392 391 394 109 
210 206 397 395 396 
211 396 395 398 108 
212 109 394 407 408 
213 394 108 240 407 
214 407 240 111 409 
215 408 407 409 5 
216 108 398 410 411 
217 410 354 239 412 
218 411 410 412 240 
219 413 372 353 415 
220 414 413 415 354 
221 344 406 416 417 
222 406 366 418 416 
223 416 418 371 419 
224 417 416 419 372 
225 403 422 420 421 
226 420 423 366 424 
227 421 420 424 406 
228 202 427 425 426 
229 427 129 256 425 
230 425 256 79 207 
231 426 425 207 110 
232 207 430 428 429 
233 430 79 431 428 
234 428 431 133 343 
235 429 428 343 205 
236 343 434 432 433 
237 434 133 435 432 
238 432 435 210 365 
239 433 432 365 341 
240 341 438 436 437 
241 438 365 439 436 
242 436 439 363 405 
243 437 436 405 364 
244 405 442 440 441 
245 442 363 443 440 
246 440 443 375 422 
247 441 440 422 403 
248 366 377 444 418 
249 377 104 379 444 
250 444 379 357 445 
251 418 444 445 371 
252 375 447 446 423 
253 447 374 448 446 
254 446 448 377 449 
255 423 446 449 366 
256 422 452 450 451 
257 452 375 453 450 
258 450 453 423 454 
259 451 450 454 420 
260 404 461 459 460 
261 461 403 421 459 
262 459 421 406 462 
263 460 459 462 344 
264 402 458 463 464 
265 458 344 417 463 
266 463 417 372 465 
267 464 463 465 413 
268 455 468 466 467 
269 468 404 460 466 
270 466 460 344 469 
271 467 466 469 458 
272 395 472 470 471 
273 472 342 400 470 
274 470 400 208 473 
275 471 470 473 398 
276 400 476 474 475 
277 475 474 477 208 
278 478 467 458 481 
279 479 478 481 402 
280 205 484 482 483 
281 484 343 433 482 
282 482 433 341 401 
283 483 482 401 342 
284 401 487 485 486 
285 487 341 437 485 
286 485 437 364 457 
287 486 485 457 399 
288 399 490 488 489 
289 490 457 491 488 
290 480 494 492 493 
291 494 455 495 492 
292 492 495 467 496 
293 493 492 496 478 
294 398 473 497 498 
295 473 208 414 497 
296 497 414 354 499 
297 498 497 499 410 
298 208 477 500 501 
299 477 402 464 500 
300 500 464 413 502 
301 501 500 502 414 
302 474 505 503 504 
303 503 479 402 506 
304 504 503 506 477 
305 456 509 507 508 
306 509 480 493 507 
307 507 493 478 510 
308 508 507 510 479 
309 342 513 511 512 
310 513 401 486 511 
311 511 486 399 476 
312 512 511 476 400 
313 476 516 514 515 
314 516 399 489 514 
315 515 514 505 474 
316 505 519 517 518 
317 517 508 479 520 
318 518 517 520 503 
319 514 523 521 522 
320 523 489 524 521 
321 521 524 456 519 
322 522 521 519 505 
323 519 527 525 526 
324 527 456 528 525 
325 525 528 508 529 
326 526 525 529 517 
327 21 46 530 531 
328 46 28 532 530 
329 530 532 30 533 
330 531 530 533 9 
331 37 62 534 535 
332 62 44 536 534 
333 534 536 46 537 
334 535 534 537 21 
335 53 78 538 539 
336 78 60 540 538 
337 538 540 62 541 
338 539 538 541 37 
339 69 102 542 543 
340 102 76 544 542 
341 542 544 78 545 
342 543 542 545 53 
343 99 160 546 547 
344 160 101 548 546 
345 546 548 76 549 
346 547 546 549 102 
347 158 552 550 551 
348 550 553 160 554 
349 551 550 554 99 
350 82 164 555 556 
351 164 107 557 555 
352 556 555 552 158 
353 562 159 563 561 
354 561 563 101 564 
355 553 561 564 160 
356 552 567 565 566 
357 565 568 553 569 
358 566 565 569 550 
359 107 172 570 557 
360 172 66 571 570 
361 570 571 159 562 
362 555 574 572 573 
363 574 557 575 572 
364 572 575 157 567 
365 573 572 567 552 
366 157 577 576 568 
367 577 562 578 576 
368 576 578 561 579 
369 568 576 579 553 
370 567 582 580 581 
371 582 157 583 580 
372 580 583 568 584 
373 581 580 584 565 
374 64 586 585 127 
375 586 47 587 585 
376 585 587 65 96 
377 127 585 96 63 
378 63 589 588 131 
379 589 96 590 588 
380 592 150 593 591 
381 591 593 149 594 
382 596 91 597 595 
383 595 597 94 598 
384 150 604 603 593 
385 604 95 605 603 
386 593 603 606 149 
387 96 608 607 590 
388 608 65 609 607 
389 95 611 610 605 
390 611 600 612 610 
391 610 612 599 613 
392 605 610 613 151 
393 149 606 614 615 
394 606 151 616 614 
395 614 616 98 617 
396 615 614 617 152 
397 603 620 618 619 
398 620 605 621 618 
399 618 621 151 622 
400 619 618 622 606 
401 598 94 624 623 
402 623 624 143 625 
403 627 595 628 626 
404 626 628 598 629 
405 600 631 630 612 
406 631 97 632 630 
407 630 632 601 633 
408 612 630 633 599 
409 48 635 634 123 
410 635 31 636 634 
411 634 636 49 92 
412 123 634 92 47 
413 47 638 637 587 
414 638 92 639 637 
415 637 639 91 596 
416 587 637 596 65 
417 65 641 640 609 
418 641 596 642 640 
419 640 642 595 627 
420 97 644 643 632 
421 644 627 645 643 
422 643 645 626 646 
423 632 643 646 601 
424 594 149 615 647 
425 647 615 152 648 
426 171 647 648 66 
427 155 651 649 650 
428 651 591 652 649 
429 649 652 594 653 
430 153 655 654 175 
431 655 155 650 654 
432 654 650 106 656 
433 175 654 656 156 
434 106 653 657 658 
435 653 594 659 657 
436 657 659 647 660 
437 658 657 660 171 
438 650 663 661 662 
439 663 649 664 661 
440 661 664 653 665 
441 662 661 665 106 
442 12 668 666 667 
443 668 7 113 666 
444 666 113 13 25 
445 667 666 25 10 
446 16 670 669 115 
447 670 2 671 669 
448 669 671 17 84 
449 115 669 84 15 
450 19 38 672 673 
451 38 21 531 672 
452 672 531 9 674 
453 673 672 674 22 
454 25 677 675 676 
455 677 13 117 675 
456 675 117 26 41 
457 676 675 41 23 
458 28 139 678 532 
459 139 29 679 678 
460 678 679 3 680 
461 532 678 680 30 
462 32 682 681 119 
463 682 15 683 681 
464 681 683 33 88 
465 119 681 88 31 
466 35 54 684 685 
467 54 37 535 684 
468 684 535 21 686 
469 685 684 686 38 
470 41 689 687 688 
471 689 26 121 687 
472 687 121 42 57 
473 688 687 57 39 
474 44 142 690 536 
475 142 45 691 690 
476 690 691 28 692 
477 536 690 692 46 
478 51 70 693 694 
479 70 53 539 693 
480 693 539 37 695 
481 694 693 695 54 
482 57 698 696 697 
483 698 42 125 696 
484 696 125 58 73 
485 697 696 73 55 
486 60 145 699 540 
487 145 61 700 699 
488 699 700 44 701 
489 540 699 701 62 
490 67 235 702 703 
491 235 69 543 702 
492 702 543 53 704 
493 703 702 704 70 
494 73 707 705 706 
495 707 58 203 705 
496 705 203 74 389 
497 706 705 389 71 
498 76 148 708 544 
499 148 77 709 708 
500 708 709 60 710 
501 544 708 710 78 
502 100 238 711 712 
503 238 99 547 711 
504 711 547 102 713 
505 712 711 713 69 
506 128 715 714 258 
507 715 131 716 714 
508 714 716 81 154 
509 258 714 154 105 
510 79 718 717 431 
511 718 134 260 717 
512 717 260 132 211 
513 431 717 211 133 
514 77 625 719 709 
515 625 143 720 719 
516 719 720 145 721 
517 709 719 721 60 
518 101 560 725 548 
519 560 146 726 725 
520 725 726 148 727 
521 548 725 727 76 
522 105 729 728 262 
523 729 154 730 728 
524 728 730 153 174 
525 262 728 174 135 
526 154 732 731 730 
527 732 81 733 731 
528 731 733 155 655 
529 730 731 655 153 
530 132 736 734 735 
531 736 167 264 734 
532 734 264 165 215 
533 735 734 215 166 
534 156 656 737 187 
535 656 106 658 737 
536 737 658 171 738 
537 187 737 738 170 
538 135 740 739 266 
539 740 174 741 739 
540 739 741 173 190 
541 266 739 190 168 
542 203 744 742 743 
543 744 202 426 742 
544 742 426 110 393 
545 743 742 393 74 
546 110 747 745 746 
547 747 207 429 745 
548 745 429 205 397 
549 746 745 397 206 
550 133 749 748 435 
551 749 211 750 748 
552 748 750 209 347 
553 435 748 347 210 
554 211 752 751 750 
555 752 132 735 751 
556 751 735 166 324 
557 750 751 324 209 
558 215 755 753 754 
559 755 165 281 753 
560 753 281 182 301 
561 754 753 301 213 
562 75 390 756 757 
563 390 5 237 756 
564 756 237 100 758 
565 757 756 758 233 
566 233 758 759 760 
567 758 100 712 759 
568 759 712 69 761 
569 760 759 761 235 
570 111 241 762 763 
571 241 82 556 762 
572 762 556 158 764 
573 763 762 764 236 
574 236 764 765 766 
575 764 158 551 765 
576 765 551 99 767 
577 766 765 767 238 
578 136 329 768 769 
579 329 216 308 768 
580 768 308 245 770 
581 769 768 770 246 
582 272 772 771 293 
583 772 271 773 771 
584 771 773 230 277 
585 293 771 277 198 
586 301 776 774 775 
587 776 182 315 774 
588 774 315 218 312 
589 775 774 312 299 
590 325 340 777 778 
591 340 136 769 777 
592 777 769 246 779 
593 778 777 779 334 
594 348 362 780 380 
595 362 212 781 780 
596 780 781 335 782 
597 380 780 782 356 
598 365 784 783 439 
599 784 210 785 783 
600 783 785 346 376 
601 439 783 376 363 
602 363 787 786 443 
603 787 376 788 786 
604 786 788 374 447 
605 443 786 447 375 
606 374 790 789 448 
607 790 368 383 789 
608 789 383 104 791 
609 448 789 791 377 
610 397 794 792 793 
611 794 205 483 792 
612 792 483 342 472 
613 793 792 472 395 
614 364 797 795 796 
615 797 405 441 795 
616 795 441 403 461 
617 796 795 461 404 
618 457 799 798 491 
619 799 364 796 798 
620 798 796 404 468 
621 491 798 468 455 
622 489 801 800 524 
623 801 488 802 800 
624 800 802 480 509 
625 524 800 509 456 
626 66 648 803 571 
627 648 152 804 803 
628 803 804 558 805 
629 571 803 805 159 
630 152 617 806 804 
631 617 98 807 806 
632 806 807 559 808 
633 804 806 808 558 
634 159 805 809 563 
635 805 558 810 809 
636 809 810 560 811 
637 563 809 811 101 
638 557 813 812 575 
639 813 570 814 812 
640 812 814 562 577 
641 575 812 577 157 
642 131 816 815 716 
643 816 588 817 815 
644 815 817 150 592 
645 716 815 592 81 
646 81 819 818 733 
647 819 592 820 818 
648 818 820 591 651 
649 733 818 651 155 
650 151 613 821 616 
651 613 599 822 821 
652 821 822 602 823 
653 616 821 823 98 
654 629 598 825 824 
655 824 825 623 826 
656 146 724 827 726 
657 724 147 828 827 
658 827 828 77 829 
659 726 827 829 148 
660 166 832 830 831 
661 832 215 754 830 
662 830 754 213 328 
663 831 830 328 214 
664 5 409 833 834 
665 409 111 763 833 
666 833 763 236 835 
667 834 833 835 237 
668 237 835 836 837 
669 835 236 766 836 
670 836 766 238 838 
671 837 836 838 100 
672 213 841 839 840 
673 841 301 775 839 
674 839 775 299 332 
675 840 839 332 300 
676 324 844 842 843 
677 844 166 831 842 
678 842 831 214 339 
679 843 842 339 322 
680 212 352 845 781 
681 352 325 778 845 
682 845 778 334 846 
683 781 845 846 335 
684 210 848 847 785 
685 848 347 849 847 
686 847 849 345 369 
687 785 847 369 346 
688 347 851 850 849 
689 851 209 852 850 
690 850 852 323 361 
691 849 850 361 345 
692 376 854 853 788 
693 854 346 855 853 
694 853 855 368 790 
695 788 853 790 374 
696 488 857 856 802 
697 857 491 858 856 
698 856 858 455 494 
699 802 856 494 480 
700 558 808 859 810 
701 808 559 860 859 
702 859 860 146 861 
703 810 859 861 560 
704 588 863 862 817 
705 863 590 864 862 
706 862 864 95 604 
707 817 862 604 150 
708 599 633 865 822 
709 633 601 866 865 
710 865 866 50 867 
711 822 865 867 602 
712 590 869 868 864 
713 869 607 870 868 
714 868 870 600 611 
715 864 868 611 95 
716 147 826 871 828 
717 826 623 872 871 
718 871 872 625 873 
719 828 871 873 77 
720 601 646 874 866 
721 646 626 875 874 
722 874 875 629 876 
723 866 874 876 50 
724 98 823 877 807 
725 823 602 878 877 
726 877 878 722 879 
727 807 877 879 559 
728 602 867 880 878 
729 867 50 881 880 
730 880 881 723 882 
731 878 880 882 722 
732 559 879 883 860 
733 879 722 884 883 
734 883 884 724 885 
735 860 883 885 146 
736 50 876 886 881 
737 876 629 887 886 
738 886 887 824 888 
739 881 886 888 723 
740 209 890 889 852 
741 890 324 843 889 
742 889 843 322 351 
743 852 889 351 323 
744 346 892 891 855 
745 892 369 893 891 
746 891 893 367 384 
747 855 891 384 368 
748 607 895 894 870 
749 895 609 896 894 
750 894 896 97 631 
751 870 894 631 600 
752 609 898 897 896 
753 898 640 899 897 
754 897 899 627 644 
755 896 897 644 97 
756 722 882 900 884 
757 882 723 901 900 
758 900 901 147 902 
759 884 900 902 724 
760 723 888 903 901 
761 888 824 904 903 
762 903 904 826 905 
763 901 903 905 147 
