2 0.000000 100.000000 407.315828
1084 916 
1 -79.021551 0.000000 -81.151989 99.020191 0.001878 13.919057 0.000126 
2 92.672542 0.000000 -81.151989 99.023935 0.013021 13.883291 0.000151 
3 92.672542 0.000000 85.501989 99.040400 -0.018464 13.860154 -0.000110 
4 -79.021551 0.000000 85.501989 99.034954 -0.002865 13.918242 -0.000164 
5 6.825495 0.000000 2.175000 102.080654 -0.011590 2.783991 -0.042821 
6 -79.021551 0.000000 2.175000 99.028442 -0.000639 13.927439 -0.000061 
7 6.825495 0.000000 -81.151989 99.007640 0.007656 13.897210 0.000435 
8 92.672542 0.000000 2.175000 99.275882 0.152396 12.129249 -0.000284 
9 6.825495 0.000000 85.501989 99.050689 -0.009747 13.892692 -0.000405 
10 -36.098028 0.000000 -39.488495 98.998665 0.003535 13.924215 0.000538 
11 -79.021551 0.000000 -39.488495 99.020697 0.001056 13.923784 0.000103 
12 -36.098028 0.000000 -81.151989 99.012583 0.003888 13.914034 0.000291 
13 6.825495 0.000000 -39.488495 98.949304 0.014961 13.830171 0.001776 
14 -36.098028 0.000000 2.175000 99.034833 -0.001387 13.960590 -0.000280 
15 49.749019 0.000000 -39.488495 99.016861 0.026526 13.779708 0.000578 
16 49.749019 0.000000 -81.151989 99.016017 0.011373 13.883714 0.000307 
17 92.672542 0.000000 -39.488495 99.034131 0.026669 13.808116 0.000158 
18 49.749019 0.000000 2.175000 99.692090 0.417600 9.129008 -0.002203 
19 -36.098028 0.000000 43.838495 99.060621 -0.005546 13.920162 -0.000678 
20 -79.021551 0.000000 43.838495 99.035393 -0.002227 13.922932 -0.000186 
21 6.825495 0.000000 43.838495 99.118331 -0.018556 13.817884 -0.001538 
22 -36.098028 0.000000 85.501989 99.043579 -0.005295 13.912089 -0.000318 
23 -14.636266 0.000000 -18.656747 98.900769 0.006052 13.944397 0.002419 
24 -36.098028 0.000000 -18.656747 99.000436 0.001846 13.944858 0.000445 
25 -14.636266 0.000000 -39.488495 98.966507 0.007379 13.901524 0.001238 
26 6.825495 0.000000 -18.656747 98.720852 0.027996 13.531078 0.007110 
27 -14.636266 0.000000 2.175000 99.074883 -0.003332 14.112410 -0.001499 
28 49.749019 0.000000 43.838495 99.077957 -0.035658 13.700767 -0.000415 
29 92.672542 0.000000 43.838495 99.073529 -0.046254 13.616193 -0.000097 
30 49.749019 0.000000 85.501989 99.045872 -0.014764 13.872078 -0.000252 
31 28.287257 0.000000 -18.656747 98.996413 0.055372 13.372208 0.002089 
32 28.287257 0.000000 -39.488495 98.985927 0.022934 13.778996 0.001193 
33 49.749019 0.000000 -18.656747 99.058013 0.055647 13.484946 0.000566 
34 28.287257 0.000000 2.175000 99.775986 2.902493 8.405000 -0.003432 
35 -14.636266 0.000000 23.006747 99.170973 -0.010489 13.921528 -0.002869 
36 -36.098028 0.000000 23.006747 99.063921 -0.004333 13.939768 -0.000798 
37 6.825495 0.000000 23.006747 99.354415 -0.033530 13.530447 -0.005437 
38 -14.636266 0.000000 43.838495 99.094530 -0.010117 13.893644 -0.001276 
39 -3.905385 0.000000 -8.240874 98.419944 0.009371 14.015107 0.011709 
40 -14.636266 0.000000 -8.240874 98.905818 0.002555 14.042773 0.002044 
41 -3.905385 0.000000 -18.656747 98.761581 0.013089 13.832774 0.005480 
42 6.825495 0.000000 -8.240874 97.965054 0.044389 12.323174 0.025099 
43 -3.905385 0.000000 2.175000 99.383072 -0.005744 14.882698 -0.009849 
44 28.287257 0.000000 23.006747 99.203643 -0.066469 13.169464 -0.001480 
45 49.749019 0.000000 23.006747 99.182221 -0.085612 12.926375 -0.000421 
46 28.287257 0.000000 43.838495 99.098192 -0.028355 13.743387 -0.000933 
47 17.556376 0.000000 -8.240874 98.941744 0.116212 11.977762 0.006705 
48 17.556376 0.000000 -18.656747 98.881844 0.045865 13.356754 0.004398 
49 28.287257 0.000000 -8.240874 99.145225 0.123202 12.349736 0.001769 
50 17.556376 0.000000 2.175000 100.264892 -0.778159 4.296451 -0.007211 
51 -3.905385 0.000000 12.590874 99.630414 -0.019251 13.871826 -0.011865 
52 -14.636266 0.000000 12.590874 99.198022 -0.008362 14.005429 -0.003640 
53 6.825495 0.000000 12.590874 100.008360 -0.050955 12.626042 -0.016109 
54 -3.905385 0.000000 23.006747 99.297857 -0.018585 13.804209 -0.005062 
55 1.460055 0.000000 -3.032937 95.816008 0.009071 14.165172 0.061864 
56 -3.905385 0.000000 -3.032937 98.415940 0.003186 14.549441 0.010262 
57 1.460055 0.000000 -8.240874 97.866129 0.019471 13.429887 0.024186 
58 6.825495 0.000000 -3.032937 96.479820 0.034197 8.780585 0.061454 
59 1.460055 0.000000 2.175000 103.579160 -0.003292 18.574330 -0.107365 
60 17.556376 0.000000 12.590874 99.533524 -0.112969 11.840560 -0.004713 
61 28.287257 0.000000 12.590874 99.431278 -0.145591 11.421988 -0.001706 
62 17.556376 0.000000 23.006747 99.272652 -0.052008 13.297841 -0.003189 
63 12.190936 0.000000 -3.032937 98.740278 0.210731 8.683522 0.017491 
64 12.190936 0.000000 -8.240874 98.578727 0.086950 11.898820 0.014065 
65 17.556376 0.000000 -3.032937 99.317793 0.302067 9.449919 0.004658 
66 12.190936 0.000000 2.175000 100.157764 -0.558568 4.201512 -0.004954 
67 1.460055 0.000000 7.382937 101.227286 -0.020771 13.346586 -0.042510 
68 -3.905385 0.000000 7.382937 99.847644 -0.013668 14.207199 -0.017140 
69 6.825495 0.000000 7.382937 101.170397 -0.040513 10.704740 -0.035004 
70 1.460055 0.000000 12.590874 99.989108 -0.029972 13.384178 -0.017696 
71 4.142775 0.000000 -0.428968 86.973375 0.001691 6.909675 0.238789 
72 1.460055 0.000000 -0.428968 94.876495 -0.000294 18.157663 0.066875 
73 4.142775 0.000000 -3.032937 94.819682 0.018021 11.109048 0.088582 
74 6.825495 0.000000 -0.428968 96.766466 0.024500 3.223351 0.062586 
75 4.142775 0.000000 2.175000 112.685903 0.002174 6.125140 -0.273563 
76 12.190936 0.000000 7.382937 100.134172 -0.151772 9.768804 -0.012230 
77 17.556376 0.000000 7.382937 99.803607 -0.212157 9.457297 -0.005025 
78 12.190936 0.000000 12.590874 99.733650 -0.075709 12.106376 -0.009337 
79 9.508216 0.000000 -0.428968 97.772995 0.092893 4.370432 0.042133 
80 9.508216 0.000000 -3.032937 97.952777 0.099978 8.505336 0.033290 
81 12.190936 0.000000 -0.428968 99.287918 0.832174 5.030699 0.011591 
82 9.508216 0.000000 2.175000 101.211831 -0.000000 3.787559 -0.025818 
83 71.210780 0.000000 -18.656747 99.063592 0.051402 13.571387 0.000222 
84 71.210780 0.000000 -39.488495 99.029566 0.027169 13.793962 0.000287 
85 92.672542 0.000000 -18.656747 99.060692 0.047051 13.633676 0.000110 
86 71.210780 0.000000 2.175000 99.417354 0.223294 11.111680 -0.000733 
87 39.018138 0.000000 -8.240874 99.165523 0.112855 12.634261 0.000656 
88 39.018138 0.000000 -18.656747 99.042100 0.056828 13.429758 0.001030 
89 49.749019 0.000000 -8.240874 99.155420 0.101854 12.849293 0.000309 
90 39.018138 0.000000 2.175000 99.918828 0.741097 7.479101 -0.004026 
91 22.921817 0.000000 -3.032937 99.424640 0.282810 10.100285 0.001265 
92 22.921817 0.000000 -8.240874 99.091584 0.125401 12.170425 0.003272 
93 28.287257 0.000000 -3.032937 99.419539 0.249641 10.608980 0.000314 
94 22.921817 0.000000 2.175000 100.316027 -0.443091 4.444988 -0.008326 
95 14.873656 0.000000 -0.428968 99.665968 0.882685 5.815464 0.003210 
96 14.873656 0.000000 -3.032937 99.137314 0.277852 9.067650 0.008949 
97 17.556376 0.000000 -0.428968 99.807496 0.834162 6.603044 -0.000583 
98 14.873656 0.000000 2.175000 100.127354 -0.717445 4.481236 -0.004608 
99 9.508216 0.000000 4.778968 100.940453 -0.143500 7.577648 -0.024642 
100 6.825495 0.000000 4.778968 102.295081 -0.046107 8.099974 -0.052990 
101 12.190936 0.000000 4.778968 100.303686 -0.278001 7.483302 -0.011691 
102 9.508216 0.000000 7.382937 100.558542 -0.079311 10.051657 -0.021306 
103 10.849576 0.000000 0.873016 98.568583 -3.146961 11.836316 0.013423 
104 9.508216 0.000000 0.873016 102.227781 -0.014776 0.420572 -0.045070 
105 10.849576 0.000000 -0.428968 98.797780 0.481067 4.483663 0.021866 
106 12.190936 0.000000 0.873016 99.441031 -1.501747 12.856506 -0.005606 
107 10.849576 0.000000 2.175000 100.506948 -0.153766 3.881079 -0.011673 
108 8.166856 0.000000 0.873016 99.684762 0.004800 1.770109 0.005981 
109 6.825495 0.000000 0.873016 99.385378 0.020859 -1.039544 0.012147 
110 8.166856 0.000000 -0.428968 97.751745 0.031522 4.464396 0.042466 
111 8.166856 0.000000 2.175000 101.265881 -0.056095 4.017994 -0.027093 
112 28.287257 0.000000 -60.320242 99.001629 0.013789 13.861535 0.000654 
113 6.825495 0.000000 -60.320242 98.992566 0.010135 13.880525 0.000780 
114 28.287257 0.000000 -81.151989 99.010837 0.009729 13.888497 0.000396 
115 49.749019 0.000000 -60.320242 99.013710 0.016264 13.855123 0.000432 
116 17.556376 0.000000 -29.072621 98.931268 0.027644 13.683945 0.002535 
117 6.825495 0.000000 -29.072621 98.889064 0.019407 13.755534 0.003174 
118 17.556376 0.000000 -39.488495 98.964375 0.019363 13.796184 0.001572 
119 28.287257 0.000000 -29.072621 98.979480 0.033145 13.662443 0.001640 
120 12.190936 0.000000 -13.448810 98.692085 0.052876 12.976412 0.009148 
121 6.825495 0.000000 -13.448810 98.501914 0.035637 13.208589 0.012290 
122 12.190936 0.000000 -18.656747 98.794621 0.037209 13.409722 0.005980 
123 17.556376 0.000000 -13.448810 98.871613 0.067702 12.933403 0.005713 
124 9.508216 0.000000 -5.636905 98.079251 0.076698 10.790244 0.026403 
125 6.825495 0.000000 -5.636905 97.407351 0.047220 11.232587 0.038563 
126 9.508216 0.000000 -8.240874 98.282632 0.064330 12.008314 0.019632 
127 12.190936 0.000000 -5.636905 98.583471 0.131243 10.743071 0.016587 
128 10.849576 0.000000 -1.730953 98.526883 0.259206 6.849972 0.024546 
129 9.508216 0.000000 -1.730953 97.921104 0.129926 6.690960 0.036667 
130 10.849576 0.000000 -3.032937 98.411917 0.153987 8.579625 0.024146 
131 12.190936 0.000000 -1.730953 98.952797 0.374629 7.088854 0.015795 
132 10.178896 0.000000 0.222024 98.415717 0.070161 2.409119 0.030854 
133 9.508216 0.000000 0.222024 97.247396 -0.030576 2.694067 0.053568 
134 10.178896 0.000000 -0.428968 98.295926 0.219468 4.285093 0.031950 
135 10.849576 0.000000 0.222024 99.287016 0.976791 3.358565 0.012985 
136 10.178896 0.000000 0.873016 100.287290 -0.087023 0.336974 -0.005766 
137 71.210780 0.000000 23.006747 99.224597 -0.105620 12.544306 -0.000289 
138 92.672542 0.000000 23.006747 99.310734 -0.133643 11.909379 -0.000447 
139 71.210780 0.000000 43.838495 99.071712 -0.041158 13.663006 -0.000188 
140 39.018138 0.000000 12.590874 99.475188 -0.174130 10.856461 -0.001321 
141 49.749019 0.000000 12.590874 99.569068 -0.211048 10.104796 -0.001615 
142 39.018138 0.000000 23.006747 99.180259 -0.076550 13.058563 -0.000726 
143 22.921817 0.000000 7.382937 99.767542 -0.259310 9.042031 -0.003539 
144 28.287257 0.000000 7.382937 99.806817 -0.302231 8.519725 -0.003408 
145 22.921817 0.000000 12.590874 99.450220 -0.130178 11.644266 -0.002595 
146 14.873656 0.000000 4.778968 100.052639 -0.365580 7.436582 -0.006597 
147 17.556376 0.000000 4.778968 99.998280 -0.417310 7.284635 -0.005290 
148 14.873656 0.000000 7.382937 99.906699 -0.187033 9.605756 -0.007365 
149 13.532296 0.000000 0.873016 98.885377 3.008523 17.406647 -0.009036 
150 13.532296 0.000000 -0.428968 99.514273 0.885897 5.452392 0.006640 
151 14.873656 0.000000 0.873016 99.958488 2.701322 9.753014 -0.009412 
152 13.532296 0.000000 2.175000 100.083901 -0.669252 4.394495 -0.003655 
153 11.520256 0.000000 0.222024 99.404188 1.596834 3.933446 0.010079 
154 11.520256 0.000000 -0.428968 99.106411 0.722214 4.774565 0.015460 
155 12.190936 0.000000 0.222024 99.513879 1.694086 4.211512 0.007638 
156 11.520256 0.000000 0.873016 99.237939 -2.580799 13.190516 -0.002882 
157 10.849576 0.000000 3.476984 100.597670 -0.034674 5.960473 -0.015542 
158 9.508216 0.000000 3.476984 101.098024 -0.241887 5.885214 -0.025550 
159 12.190936 0.000000 3.476984 100.284567 -0.305847 6.029174 -0.009344 
160 10.849576 0.000000 4.778968 100.548931 -0.214339 7.526764 -0.016679 
161 10.178896 0.000000 1.524008 100.733740 0.000000 2.224120 -0.015223 
162 9.508216 0.000000 1.524008 101.685748 0.000000 2.529362 -0.034639 
163 10.849576 0.000000 1.524008 100.188664 -0.376287 2.833940 -0.004594 
164 10.178896 0.000000 2.175000 100.798945 0.000000 3.721050 -0.017427 
165 10.514236 0.000000 0.547520 99.987039 -0.067014 1.976061 -0.000132 
166 10.178896 0.000000 0.547520 98.642354 -0.321946 1.130481 0.026830 
167 10.514236 0.000000 0.222024 99.007139 0.389274 2.827888 0.018944 
168 10.849576 0.000000 0.547520 100.006289 2.067694 4.417496 -0.002505 
169 10.514236 0.000000 0.873016 98.359445 -0.246256 0.506912 0.032510 
170 11.520256 0.000000 1.524008 100.045700 -1.065981 3.298534 -0.002116 
171 12.190936 0.000000 1.524008 99.995934 -1.221666 3.531484 -0.001315 
172 11.520256 0.000000 2.175000 100.279461 -0.381603 4.056123 -0.007257 
173 11.184916 0.000000 0.547520 99.556279 2.908938 4.753635 0.005749 
174 11.184916 0.000000 0.222024 99.348658 1.409381 3.716892 0.011404 
175 11.520256 0.000000 0.547520 99.547969 2.993306 4.888535 0.005734 
176 11.184916 0.000000 0.873016 99.171450 -3.385336 12.546099 -0.000384 
177 10.514236 0.000000 1.198512 99.783939 -0.000000 1.914037 0.003950 
178 10.178896 0.000000 1.198512 100.642275 -0.000000 1.310632 -0.013059 
179 10.849576 0.000000 1.198512 99.689158 -1.054660 2.984158 0.005205 
180 10.514236 0.000000 1.524008 100.263003 -0.000000 2.375159 -0.005831 
181 10.681906 0.000000 0.710268 99.289494 -1.822216 0.000000 0.013828 
182 10.514236 0.000000 0.710268 99.599901 -1.083740 0.000000 0.007869 
183 10.681906 0.000000 0.547520 100.463909 0.801530 3.348498 -0.010485 
184 10.849576 0.000000 0.710268 100.143800 3.186910 9.470279 -0.012862 
185 10.681906 0.000000 0.873016 94.193647 -0.593873 3.689256 0.111359 
186 11.184916 0.000000 1.198512 99.845578 -1.853342 3.467437 0.001540 
187 11.520256 0.000000 1.198512 99.861693 -2.085022 3.685798 0.000971 
188 11.184916 0.000000 1.524008 100.100915 -0.683353 3.084349 -0.003017 
189 11.017246 0.000000 0.710268 99.525910 3.842283 8.746205 0.000333 
190 11.017246 0.000000 0.547520 99.653361 2.699839 4.668430 0.004012 
191 11.184916 0.000000 0.710268 99.483159 3.886491 8.351815 0.001824 
192 11.017246 0.000000 0.873016 99.115370 -3.640958 12.039726 0.001793 
193 10.681906 0.000000 1.035764 98.474669 0.000000 3.274034 0.029202 
194 10.514236 0.000000 1.035764 99.069441 -0.000000 1.669345 0.018246 
195 10.849576 0.000000 1.035764 99.162332 -1.950164 4.408194 0.014360 
196 10.681906 0.000000 1.198512 99.540179 0.000000 2.492768 0.008554 
197 10.765741 0.000000 0.791642 96.536388 -1.200103 2.591434 0.067257 
198 10.681906 0.000000 0.791642 94.800319 -1.103285 2.442035 0.100572 
199 10.765741 0.000000 0.710268 101.992661 1.671199 9.389656 -0.049346 
200 10.849576 0.000000 0.791642 99.232969 0.939899 14.527908 -0.005913 
201 10.765741 0.000000 0.873016 90.672514 0.000000 7.756946 0.171832 
202 8.166856 0.000000 -1.730953 97.301803 0.068407 6.573968 0.048914 
203 6.825495 0.000000 -1.730953 96.267738 0.037843 6.649949 0.068830 
204 8.166856 0.000000 -3.032937 97.316124 0.066469 8.522410 0.045694 
205 8.837536 0.000000 0.222024 97.492170 -0.007922 3.771620 0.048105 
206 8.166856 0.000000 0.222024 98.368590 0.002784 3.270153 0.031293 
207 8.837536 0.000000 -0.428968 97.659045 0.049190 4.599120 0.044156 
208 8.837536 0.000000 0.873016 101.075724 -0.000000 4.892974 -0.024024 
209 9.843556 0.000000 0.547520 97.688395 -0.254255 1.109753 0.045568 
210 9.508216 0.000000 0.547520 96.743284 -0.158652 1.345644 0.063890 
211 9.843556 0.000000 0.222024 97.795499 -0.021928 2.457508 0.043000 
212 9.843556 0.000000 0.873016 100.990024 -0.045351 -0.105233 -0.019900 
213 10.346566 0.000000 0.710268 99.629819 -0.548341 0.000000 0.007360 
214 10.178896 0.000000 0.710268 99.623219 -0.350042 0.000000 0.007509 
215 10.346566 0.000000 0.547520 99.231906 -0.296341 1.395293 0.015099 
216 10.346566 0.000000 0.873016 99.756183 -0.114902 0.309055 0.004860 
217 10.598071 0.000000 0.791642 97.869582 -1.154447 0.218215 0.042016 
218 10.514236 0.000000 0.791642 98.941022 -0.646025 0.124008 0.021024 
219 10.598071 0.000000 0.710268 99.366669 -1.941398 0.000000 0.012250 
220 10.598071 0.000000 0.873016 96.556783 -0.565116 1.179643 0.067508 
221 11.017246 0.000000 1.035764 99.613721 -2.173232 4.163546 0.005505 
222 11.184916 0.000000 1.035764 99.751666 -2.850220 3.684779 0.002790 
223 11.017246 0.000000 1.198512 99.792177 -1.572878 3.273355 0.002833 
224 10.765741 0.000000 0.954390 96.975718 0.000000 4.868982 0.057200 
225 10.681906 0.000000 0.954390 97.183982 0.000000 4.197820 0.053765 
226 10.849576 0.000000 0.954390 98.749737 -3.682387 6.875381 0.018766 
227 10.765741 0.000000 1.035764 98.717488 0.000000 3.247201 0.024431 
228 10.723823 0.000000 0.832329 93.955695 -0.803198 4.092475 0.115493 
229 10.681906 0.000000 0.832329 94.023783 -0.855538 3.242403 0.114828 
230 10.723823 0.000000 0.791642 96.181842 -1.273084 2.273431 0.074226 
231 10.765741 0.000000 0.832329 94.072644 -0.753084 4.293910 0.113133 
232 10.723823 0.000000 0.873016 93.913136 -0.463731 4.628555 0.115868 
233 4.142775 0.000000 4.778968 104.069397 -0.011794 10.702848 -0.094499 
234 1.460055 0.000000 4.778968 102.691068 -0.015435 14.122590 -0.074490 
235 4.142775 0.000000 7.382937 101.655490 -0.033542 11.979323 -0.047734 
236 8.166856 0.000000 3.476984 101.601474 -0.089001 5.923547 -0.035796 
237 6.825495 0.000000 3.476984 102.609048 -0.035190 5.938070 -0.056388 
238 8.166856 0.000000 4.778968 101.538700 -0.095464 7.684834 -0.036917 
239 8.837536 0.000000 1.524008 101.556209 -0.065600 3.360141 -0.032496 
240 8.166856 0.000000 1.524008 100.772721 -0.027276 3.137608 -0.016499 
241 8.837536 0.000000 2.175000 101.369677 -0.115913 4.052170 -0.029224 
242 9.843556 0.000000 1.198512 101.463851 -0.000000 1.201583 -0.029636 
243 9.508216 0.000000 1.198512 102.208683 0.000000 1.571426 -0.044908 
244 9.843556 0.000000 1.524008 101.292219 0.000000 2.238552 -0.026512 
245 10.346566 0.000000 1.035764 99.968443 -0.000000 0.920453 0.000546 
246 10.178896 0.000000 1.035764 100.484517 0.000000 0.759666 -0.009772 
247 10.346566 0.000000 1.198512 100.225457 -0.000000 1.441763 -0.004722 
248 10.598071 0.000000 0.954390 97.582119 -0.000000 2.656704 0.047067 
249 10.514236 0.000000 0.954390 98.505300 -0.000000 1.494957 0.029447 
250 10.598071 0.000000 1.035764 98.672983 -0.000000 2.425412 0.025776 
251 10.639988 0.000000 0.832329 95.417476 -0.943321 1.727261 0.089163 
252 10.598071 0.000000 0.832329 97.026239 -0.977802 0.573022 0.058462 
253 10.639988 0.000000 0.791642 96.444349 -1.213022 1.005631 0.069600 
254 10.639988 0.000000 0.873016 95.524677 -0.707504 2.239465 0.086952 
255 10.178896 0.000000 -1.079961 98.270806 0.217831 5.649715 0.031088 
256 9.508216 0.000000 -1.079961 97.946108 0.129673 5.682201 0.037426 
257 10.178896 0.000000 -1.730953 98.243342 0.185829 6.783289 0.030220 
258 10.849576 0.000000 -1.079961 98.631322 0.335388 5.779834 0.023834 
259 10.514236 0.000000 -0.103472 98.700173 0.379633 3.601810 0.024516 
260 10.178896 0.000000 -0.103472 98.311089 0.192256 3.388869 0.032341 
261 10.514236 0.000000 -0.428968 98.573222 0.340258 4.363717 0.026416 
262 10.849576 0.000000 -0.103472 98.969764 0.638023 3.833516 0.018988 
263 10.681906 0.000000 0.384772 99.574546 0.781680 2.968734 0.007549 
264 10.514236 0.000000 0.384772 99.337006 0.305362 2.425868 0.012618 
265 10.681906 0.000000 0.222024 99.194334 0.670395 3.089903 0.015049 
266 10.849576 0.000000 0.384772 99.569853 1.338045 3.430844 0.007228 
267 10.765741 0.000000 0.628894 100.973996 1.733827 5.501318 -0.022902 
268 10.681906 0.000000 0.628894 101.597158 0.470350 4.113414 -0.033912 
269 10.765741 0.000000 0.547520 100.292057 1.478868 4.019605 -0.007684 
270 10.849576 0.000000 0.628894 100.234037 2.691811 5.981013 -0.008988 
271 10.723823 0.000000 0.750955 99.288825 -1.793468 0.000000 0.013851 
272 10.681906 0.000000 0.750955 98.566705 -1.782549 0.378460 0.028128 
273 10.723823 0.000000 0.710268 99.283248 -1.530061 0.000000 0.014050 
274 10.765741 0.000000 0.750955 99.283542 -1.528561 0.000000 0.014044 
275 10.702865 0.000000 0.811985 95.228831 -0.990480 3.536409 0.091798 
276 10.681906 0.000000 0.811985 94.638945 -1.054131 2.594588 0.103563 
277 10.702865 0.000000 0.791642 95.539117 -1.017123 3.513173 0.085890 
278 10.723823 0.000000 0.811985 95.366112 -1.094770 2.784727 0.089635 
279 10.702865 0.000000 0.832329 93.680819 -0.771917 4.087280 0.120660 
280 10.598071 0.000000 0.628894 101.268833 -0.313401 2.507072 -0.026176 
281 10.514236 0.000000 0.628894 100.512312 -0.558524 1.568385 -0.010550 
282 10.598071 0.000000 0.547520 100.335533 0.255533 2.581782 -0.007395 
283 10.639988 0.000000 0.750955 99.320544 -1.903519 0.000000 0.013181 
284 10.598071 0.000000 0.750955 99.380807 -1.876520 0.000000 0.011993 
285 10.639988 0.000000 0.710268 99.310835 -2.121499 0.000000 0.013286 
286 10.660947 0.000000 0.811985 95.538400 -1.145077 1.765003 0.086799 
287 10.639988 0.000000 0.811985 96.177959 -1.168763 1.301069 0.074674 
288 10.660947 0.000000 0.791642 95.767393 -1.230868 1.629217 0.082444 
289 10.660947 0.000000 0.832329 94.831605 -0.908363 2.306095 0.100082 
290 10.660947 0.000000 0.771298 96.986586 -1.388753 1.326631 0.058991 
291 10.639988 0.000000 0.771298 97.341033 -1.462524 0.887416 0.052180 
292 10.660947 0.000000 0.750955 98.810931 -1.784300 0.197047 0.023318 
293 10.681906 0.000000 0.771298 96.792137 -1.398395 1.578731 0.062683 
294 10.671426 0.000000 0.801814 94.878727 -1.155177 2.249527 0.099163 
295 10.660947 0.000000 0.801814 94.876234 -1.167380 2.129688 0.099260 
296 10.671426 0.000000 0.791642 95.628627 -1.227460 1.947902 0.084986 
297 10.681906 0.000000 0.801814 94.385254 -1.042854 2.662824 0.108325 
298 10.671426 0.000000 0.811985 95.391333 -1.154562 2.128693 0.089463 
299 10.430401 0.000000 0.791642 99.392040 -0.400085 0.095994 0.012105 
300 10.346566 0.000000 0.791642 99.661288 -0.301317 0.102149 0.006753 
301 10.430401 0.000000 0.710268 99.621940 -0.727983 0.000000 0.007494 
302 10.430401 0.000000 0.873016 99.241097 -0.174277 0.315414 0.015107 
303 10.556153 0.000000 0.832329 97.978805 -0.789879 0.195525 0.039949 
304 10.514236 0.000000 0.832329 98.569107 -0.540326 0.139258 0.028382 
305 10.556153 0.000000 0.791642 98.485180 -0.826099 0.100098 0.029998 
306 10.556153 0.000000 0.873016 97.741142 -0.419133 0.616553 0.044611 
307 10.430401 0.000000 0.954390 99.318244 -0.000000 0.929310 0.013502 
308 10.346566 0.000000 0.954390 99.835588 -0.000000 0.673017 0.003240 
309 10.430401 0.000000 1.035764 99.542929 -0.000000 1.128612 0.008993 
310 10.472318 0.000000 0.832329 99.129020 -0.465661 0.114071 0.017321 
311 10.430401 0.000000 0.832329 99.336585 -0.404076 0.102882 0.013207 
312 10.472318 0.000000 0.791642 99.197482 -0.493279 0.089458 0.015961 
313 10.472318 0.000000 0.873016 98.965248 -0.236008 0.330652 0.020571 
314 10.556153 0.000000 0.750955 99.468522 -1.565316 0.000000 0.010356 
315 10.514236 0.000000 0.750955 99.571777 -1.126212 0.000000 0.008419 
316 10.556153 0.000000 0.710268 99.517561 -1.388054 0.000000 0.009433 
317 10.535195 0.000000 0.811985 98.660709 -0.661937 0.112726 0.026561 
318 10.514236 0.000000 0.811985 98.908963 -0.634757 0.125445 0.021660 
319 10.535195 0.000000 0.791642 98.724112 -0.740619 0.101587 0.025299 
320 10.556153 0.000000 0.811985 98.384254 -0.764909 0.116540 0.031994 
321 10.535195 0.000000 0.832329 98.449219 -0.642324 0.135464 0.030732 
322 10.011226 0.000000 0.710268 99.618496 -0.278689 0.000000 0.007608 
323 9.843556 0.000000 0.710268 99.617555 -0.188360 0.000000 0.007631 
324 10.011226 0.000000 0.547520 98.161360 -0.294591 1.089739 0.036307 
325 10.011226 0.000000 0.873016 100.652121 -0.043907 0.357746 -0.013098 
326 10.262731 0.000000 0.791642 99.871293 -0.231051 0.139900 0.002565 
327 10.178896 0.000000 0.791642 100.032650 -0.204251 0.179791 -0.000661 
328 10.262731 0.000000 0.710268 99.621694 -0.400800 0.000000 0.007536 
329 10.262731 0.000000 0.873016 100.051431 -0.105538 0.292932 -0.001039 
330 10.388483 0.000000 0.832329 99.537656 -0.315549 0.113518 0.009214 
331 10.346566 0.000000 0.832329 99.705273 -0.274259 0.124439 0.005877 
332 10.388483 0.000000 0.791642 99.563401 -0.351285 0.097319 0.008700 
333 10.388483 0.000000 0.873016 99.499620 -0.124994 0.335182 0.009970 
334 10.011226 0.000000 1.035764 100.975372 0.000000 0.766733 -0.019661 
335 9.843556 0.000000 1.035764 101.468107 -0.000000 0.595525 -0.029613 
336 10.011226 0.000000 1.198512 101.037073 0.000000 1.308009 -0.021020 
337 10.095061 0.000000 0.791642 100.129269 -0.178758 0.229968 -0.002596 
338 10.011226 0.000000 0.791642 100.020638 -0.182810 0.153173 -0.000418 
339 10.095061 0.000000 0.710268 99.624973 -0.310539 0.000000 0.007477 
340 10.095061 0.000000 0.873016 100.531414 -0.048012 0.410340 -0.010674 
341 9.172876 0.000000 0.547520 95.855412 -0.078615 2.372197 0.080611 
342 8.837536 0.000000 0.547520 97.450978 -0.033838 3.889220 0.048818 
343 9.172876 0.000000 0.222024 97.025869 -0.017896 3.293525 0.057513 
344 9.172876 0.000000 0.873016 103.331885 -0.004962 0.589815 -0.067783 
345 9.675886 0.000000 0.710268 99.618752 -0.125495 0.000000 0.007609 
346 9.508216 0.000000 0.710268 99.636094 -0.083342 0.000000 0.007264 
347 9.675886 0.000000 0.547520 97.204390 -0.206766 1.147113 0.054995 
348 9.675886 0.000000 0.873016 101.825815 -0.023351 0.031505 -0.036850 
349 9.927391 0.000000 0.791642 100.083551 -0.156092 0.011637 -0.001674 
350 9.843556 0.000000 0.791642 100.246324 -0.126882 -0.125886 -0.004936 
351 9.927391 0.000000 0.710268 99.612353 -0.236105 0.000000 0.007732 
352 9.927391 0.000000 0.873016 100.747483 -0.052037 0.114527 -0.015007 
353 9.172876 0.000000 1.198512 102.636331 0.000000 2.507837 -0.054051 
354 8.837536 0.000000 1.198512 102.057880 -0.000000 3.405101 -0.042741 
355 9.172876 0.000000 1.524008 101.749767 0.000000 2.964201 -0.036180 
356 9.675886 0.000000 1.035764 101.953713 0.000000 0.764741 -0.039514 
357 9.508216 0.000000 1.035764 102.445433 0.000000 0.955766 -0.049598 
358 9.675886 0.000000 1.198512 101.843386 0.000000 1.359061 -0.037392 
359 9.759721 0.000000 0.791642 100.503226 -0.090601 -0.170520 -0.010094 
360 9.675886 0.000000 0.791642 100.741632 -0.075490 -0.109809 -0.014889 
361 9.759721 0.000000 0.710268 99.623233 -0.152878 0.000000 0.007519 
362 9.759721 0.000000 0.873016 101.460551 -0.028278 -0.108258 -0.029426 
363 9.340546 0.000000 0.710268 99.666022 -0.036084 0.000000 0.006668 
364 9.172876 0.000000 0.710268 99.696814 -0.017379 0.000000 0.006054 
365 9.340546 0.000000 0.547520 96.271375 -0.115257 1.698386 0.072892 
366 9.340546 0.000000 0.873016 102.289629 -0.010057 0.252938 -0.046323 
367 9.592051 0.000000 0.791642 100.958328 -0.062474 0.043615 -0.019259 
368 9.508216 0.000000 0.791642 101.022362 -0.050136 0.216743 -0.020557 
369 9.592051 0.000000 0.710268 99.618355 -0.103899 0.000000 0.007617 
370 9.592051 0.000000 0.873016 102.129130 -0.018833 0.249164 -0.043042 
371 9.340546 0.000000 1.035764 102.982045 0.000000 1.323401 -0.060705 
372 9.172876 0.000000 1.035764 103.515719 0.000000 1.963835 -0.071936 
373 9.340546 0.000000 1.198512 102.520611 0.000000 1.961155 -0.051432 
374 9.424381 0.000000 0.791642 100.881525 -0.037257 0.140845 -0.017710 
375 9.340546 0.000000 0.791642 101.270354 -0.019463 -0.030464 -0.025569 
376 9.424381 0.000000 0.710268 99.656294 -0.063285 0.000000 0.006862 
377 9.424381 0.000000 0.873016 101.951483 -0.014968 0.343010 -0.039422 
378 9.592051 0.000000 0.954390 102.345025 0.000000 0.578352 -0.047484 
379 9.508216 0.000000 0.954390 102.583442 0.000000 0.703184 -0.052386 
380 9.675886 0.000000 0.954390 102.104515 0.000000 0.446111 -0.042553 
381 9.592051 0.000000 1.035764 102.201892 0.000000 0.851226 -0.044595 
382 9.550133 0.000000 0.832329 101.639271 -0.035772 0.173626 -0.033057 
383 9.508216 0.000000 0.832329 101.144287 -0.043906 0.216884 -0.023022 
384 9.550133 0.000000 0.791642 100.963312 -0.055853 0.059700 -0.019360 
385 9.592051 0.000000 0.832329 101.120230 -0.055949 0.065842 -0.022531 
386 9.550133 0.000000 0.873016 101.960078 -0.024408 0.277047 -0.039593 
387 5.484135 0.000000 0.873016 99.270181 0.026409 -10.321195 0.003890 
388 4.142775 0.000000 0.873016 99.679149 0.003116 -2.788457 0.005629 
389 5.484135 0.000000 -0.428968 92.837433 0.009134 2.299519 0.137592 
390 5.484135 0.000000 2.175000 105.984103 0.001531 1.593558 -0.123517 
391 7.496176 0.000000 0.222024 98.352375 0.002900 2.306021 0.032149 
392 6.825495 0.000000 0.222024 97.795359 0.007612 0.986570 0.043509 
393 7.496176 0.000000 -0.428968 97.506230 0.027085 3.958968 0.047686 
394 7.496176 0.000000 0.873016 99.521755 0.012722 0.484783 0.009519 
395 8.502196 0.000000 0.547520 98.696424 -0.020897 2.989456 0.025008 
396 8.166856 0.000000 0.547520 98.952872 -0.014842 2.246448 0.020328 
397 8.502196 0.000000 0.222024 98.081670 -0.002009 3.633275 0.036679 
398 8.502196 0.000000 0.873016 99.867869 -0.000045 2.623741 0.001952 
399 9.005206 0.000000 0.710268 99.701083 -0.003804 0.000000 0.005969 
400 8.837536 0.000000 0.710268 98.251450 -0.022267 4.402788 0.032727 
401 9.005206 0.000000 0.547520 96.190008 -0.047829 3.509888 0.073516 
402 9.005206 0.000000 0.873016 103.542446 -0.002145 2.858612 -0.072921 
403 9.256711 0.000000 0.791642 101.559397 -0.013759 0.129042 -0.031433 
404 9.172876 0.000000 0.791642 101.621180 -0.010835 0.002773 -0.032686 
405 9.256711 0.000000 0.710268 99.683202 -0.023405 0.000000 0.006326 
406 9.256711 0.000000 0.873016 102.381140 -0.008487 0.342356 -0.048202 
407 7.496176 0.000000 1.524008 100.632555 -0.013004 2.323843 -0.013231 
408 6.825495 0.000000 1.524008 101.011647 0.003635 0.975192 -0.020430 
409 7.496176 0.000000 2.175000 101.430812 -0.033941 3.570432 -0.030096 
410 8.502196 0.000000 1.198512 100.746369 -0.017403 3.157567 -0.015980 
411 8.166856 0.000000 1.198512 100.324460 -0.011601 2.651386 -0.007203 
412 8.502196 0.000000 1.524008 101.082396 -0.038197 3.385087 -0.022911 
413 9.005206 0.000000 1.035764 103.177396 0.000000 3.461466 -0.065756 
414 8.837536 0.000000 1.035764 102.000392 -0.000000 4.003606 -0.042011 
415 9.005206 0.000000 1.198512 102.335469 -0.000000 3.195288 -0.048276 
416 9.256711 0.000000 0.954390 103.610018 0.000000 1.202186 -0.073648 
417 9.172876 0.000000 0.954390 104.013473 0.000000 1.592479 -0.082134 
418 9.340546 0.000000 0.954390 103.220679 0.000000 0.943906 -0.065540 
419 9.256711 0.000000 1.035764 103.239926 0.000000 1.555458 -0.066090 
420 9.298628 0.000000 0.832329 101.965344 -0.013433 0.116623 -0.039695 
421 9.256711 0.000000 0.832329 101.632970 -0.013118 0.111032 -0.032927 
422 9.298628 0.000000 0.791642 101.123282 -0.017180 -0.038320 -0.022592 
423 9.340546 0.000000 0.832329 101.422007 -0.017327 0.021267 -0.028642 
424 9.298628 0.000000 0.873016 102.696537 -0.006397 0.314864 -0.054668 
425 8.837536 0.000000 -1.079961 97.675093 0.082632 5.645432 0.042770 
426 8.166856 0.000000 -1.079961 97.471778 0.052031 5.575941 0.046816 
427 8.837536 0.000000 -1.730953 97.638192 0.096242 6.666396 0.042233 
428 9.172876 0.000000 -0.103472 97.470215 0.028083 3.909879 0.048427 
429 8.837536 0.000000 -0.103472 97.609581 0.023449 4.114863 0.045544 
430 9.172876 0.000000 -0.428968 97.665816 0.063963 4.539813 0.044077 
431 9.508216 0.000000 -0.103472 97.584072 0.047479 3.629727 0.046417 
432 9.340546 0.000000 0.384772 96.713770 -0.067023 2.466457 0.064036 
433 9.172876 0.000000 0.384772 96.600241 -0.046411 2.924847 0.065984 
434 9.340546 0.000000 0.222024 97.071304 -0.025767 2.992717 0.056820 
435 9.508216 0.000000 0.384772 97.002894 -0.087016 2.096178 0.058604 
436 9.256711 0.000000 0.628894 95.693667 -0.113644 1.350622 0.084089 
437 9.172876 0.000000 0.628894 95.306694 -0.093090 1.813020 0.091334 
438 9.256711 0.000000 0.547520 96.030550 -0.095661 1.948761 0.077433 
439 9.340546 0.000000 0.628894 96.065071 -0.138841 1.137200 0.077019 
440 9.298628 0.000000 0.750955 100.194468 -0.027182 0.011318 -0.003893 
441 9.256711 0.000000 0.750955 99.682705 -0.023744 0.000000 0.006336 
442 9.298628 0.000000 0.710268 99.668963 -0.029262 0.000000 0.006610 
443 9.340546 0.000000 0.750955 99.666010 -0.036112 0.000000 0.006669 
444 9.424381 0.000000 0.954390 102.807615 0.000000 0.802016 -0.057005 
445 9.424381 0.000000 1.035764 102.699543 0.000000 1.117610 -0.054845 
446 9.382463 0.000000 0.832329 101.494630 -0.021587 0.135383 -0.030118 
447 9.382463 0.000000 0.791642 100.798418 -0.030803 0.105019 -0.016033 
448 9.424381 0.000000 0.832329 101.157559 -0.032611 0.181163 -0.023289 
449 9.382463 0.000000 0.873016 102.257498 -0.012882 0.285047 -0.045668 
450 9.319587 0.000000 0.811985 101.368606 -0.017404 -0.050354 -0.027560 
451 9.298628 0.000000 0.811985 101.284424 -0.016418 -0.022261 -0.025854 
452 9.319587 0.000000 0.791642 101.359390 -0.017523 -0.056730 -0.027373 
453 9.340546 0.000000 0.811985 101.256163 -0.019676 -0.016203 -0.025281 
454 9.319587 0.000000 0.832329 101.345753 -0.017811 0.064570 -0.027097 
455 9.089041 0.000000 0.791642 101.846101 -0.006834 0.289222 -0.037271 
456 9.005206 0.000000 0.791642 101.139065 -0.004587 0.974035 -0.023006 
457 9.089041 0.000000 0.710268 99.700056 -0.010836 0.000000 0.005990 
458 9.089041 0.000000 0.873016 103.890177 -0.003903 1.114754 -0.079441 
459 9.214793 0.000000 0.832329 102.216682 -0.009482 0.081121 -0.044826 
460 9.172876 0.000000 0.832329 101.848223 -0.010450 0.086348 -0.037307 
461 9.214793 0.000000 0.791642 101.563192 -0.011908 0.099393 -0.031509 
462 9.214793 0.000000 0.873016 102.952853 -0.005883 0.373683 -0.059943 
463 9.089041 0.000000 0.954390 104.172976 0.000000 2.600663 -0.085877 
464 9.005206 0.000000 0.954390 103.815060 0.000000 3.775873 -0.079182 
465 9.089041 0.000000 1.035764 103.527127 0.000000 2.733617 -0.072534 
466 9.130958 0.000000 0.832329 102.023199 -0.008796 0.171541 -0.040876 
467 9.089041 0.000000 0.832329 102.176024 -0.006753 0.461194 -0.044015 
468 9.130958 0.000000 0.791642 101.755100 -0.009090 0.099200 -0.035411 
469 9.130958 0.000000 0.873016 103.579828 -0.004293 0.655306 -0.072921 
470 8.669866 0.000000 0.710268 99.067193 -0.015211 3.058395 0.017634 
471 8.502196 0.000000 0.710268 99.249619 -0.012290 2.225018 0.014456 
472 8.669866 0.000000 0.547520 98.311639 -0.025221 3.541695 0.032228 
473 8.669866 0.000000 0.873016 100.102348 -0.002235 3.437524 -0.003230 
474 8.921371 0.000000 0.791642 101.985832 -0.000933 4.859800 -0.042473 
475 8.837536 0.000000 0.791642 100.774155 -0.000000 5.216104 -0.018264 
476 8.921371 0.000000 0.710268 96.707802 -0.028933 5.341355 0.061907 
477 8.921371 0.000000 0.873016 102.598219 0.000000 5.704772 -0.055894 
478 9.047123 0.000000 0.832329 102.081724 -0.005118 0.911677 -0.042151 
479 9.005206 0.000000 0.832329 102.236343 -0.003897 1.642085 -0.045497 
480 9.047123 0.000000 0.791642 102.293921 -0.005243 0.622455 -0.046443 
481 9.047123 0.000000 0.873016 103.524723 -0.002911 1.733655 -0.072037 
482 9.005206 0.000000 0.384772 96.851634 -0.033619 3.476685 0.060767 
483 8.837536 0.000000 0.384772 97.421382 -0.021549 3.730817 0.049515 
484 9.005206 0.000000 0.222024 97.181903 -0.013983 3.604059 0.054269 
485 9.089041 0.000000 0.628894 95.099983 -0.073696 2.629548 0.094907 
486 9.005206 0.000000 0.628894 95.507900 -0.056281 3.689760 0.086462 
487 9.089041 0.000000 0.547520 95.864312 -0.061441 2.925710 0.080147 
488 9.047123 0.000000 0.750955 100.178424 -0.006884 0.196520 -0.003576 
489 9.005206 0.000000 0.750955 100.681208 -0.004586 0.624044 -0.013710 
490 9.047123 0.000000 0.710268 99.701241 -0.007400 0.000000 0.005966 
491 9.089041 0.000000 0.750955 100.198266 -0.010160 0.069112 -0.003970 
492 9.068082 0.000000 0.811985 102.160311 -0.005889 0.523790 -0.043700 
493 9.047123 0.000000 0.811985 102.240697 -0.005237 0.693311 -0.045364 
494 9.068082 0.000000 0.791642 101.981232 -0.006107 0.359522 -0.040030 
495 9.089041 0.000000 0.811985 102.013183 -0.006833 0.326616 -0.040680 
496 9.068082 0.000000 0.832329 102.120094 -0.005283 0.726216 -0.042904 
497 8.669866 0.000000 1.035764 100.839318 -0.010072 3.522314 -0.018097 
498 8.502196 0.000000 1.035764 100.391230 -0.008836 3.001688 -0.008741 
499 8.669866 0.000000 1.198512 101.158605 -0.021589 3.438695 -0.024489 
500 8.921371 0.000000 0.954390 102.522512 -0.000000 4.342548 -0.052972 
501 8.837536 0.000000 0.954390 101.684784 -0.000000 4.381676 -0.035899 
502 8.921371 0.000000 1.035764 102.449554 -0.000000 3.868043 -0.051087 
503 8.963288 0.000000 0.832329 102.477320 -0.002032 3.499462 -0.051385 
504 8.921371 0.000000 0.832329 101.936276 -0.000884 4.782076 -0.041387 
505 8.963288 0.000000 0.791642 103.718528 -0.001969 3.607784 -0.077055 
506 8.963288 0.000000 0.873016 102.954253 -0.001123 4.011290 -0.061567 
507 9.026164 0.000000 0.811985 102.375916 -0.004080 0.928798 -0.048169 
508 9.005206 0.000000 0.811985 101.518960 -0.004328 1.214016 -0.030757 
509 9.026164 0.000000 0.791642 102.377457 -0.004160 0.671891 -0.048160 
510 9.026164 0.000000 0.832329 102.588115 -0.003954 1.523128 -0.052664 
511 8.921371 0.000000 0.628894 96.626173 -0.045524 4.256199 0.064527 
512 8.837536 0.000000 0.628894 97.650530 -0.038193 4.091392 0.044763 
513 8.921371 0.000000 0.547520 96.802984 -0.040793 3.866863 0.061423 
514 8.963288 0.000000 0.750955 100.512946 -0.003708 1.051183 -0.010396 
515 8.921371 0.000000 0.750955 100.569593 -0.002059 2.280352 -0.011944 
516 8.963288 0.000000 0.710268 99.701656 -0.003135 0.000000 0.005958 
517 8.984247 0.000000 0.811985 103.436591 -0.002770 2.772615 -0.070682 
518 8.963288 0.000000 0.811985 103.559884 -0.001858 3.743158 -0.073866 
519 8.984247 0.000000 0.791642 103.677944 -0.002870 2.655309 -0.075617 
520 8.984247 0.000000 0.832329 102.509609 -0.002895 2.461314 -0.051428 
521 8.984247 0.000000 0.771298 100.901449 -0.004117 1.053588 -0.018221 
522 8.963288 0.000000 0.771298 101.530537 -0.002769 2.400415 -0.031421 
523 8.984247 0.000000 0.750955 100.200164 -0.004727 0.462421 -0.004029 
524 9.005206 0.000000 0.771298 100.648186 -0.005154 0.601981 -0.013042 
525 8.994726 0.000000 0.801814 104.206250 -0.002446 2.758094 -0.086655 
526 8.984247 0.000000 0.801814 104.288641 -0.002479 3.161948 -0.088612 
527 8.994726 0.000000 0.791642 103.743622 -0.002614 2.569739 -0.076934 
528 9.005206 0.000000 0.801814 104.508039 -0.002409 2.899720 -0.093034 
529 8.994726 0.000000 0.811985 102.980760 -0.003107 2.161828 -0.060971 
530 28.287257 0.000000 64.670242 99.064156 -0.017350 13.847626 -0.000546 
531 6.825495 0.000000 64.670242 99.068708 -0.012784 13.873316 -0.000708 
532 49.749019 0.000000 64.670242 99.056048 -0.021261 13.829938 -0.000337 
533 28.287257 0.000000 85.501989 99.049292 -0.012367 13.881150 -0.000345 
534 17.556376 0.000000 33.422621 99.164045 -0.032658 13.651597 -0.001988 
535 6.825495 0.000000 33.422621 99.184888 -0.023931 13.741060 -0.002646 
536 28.287257 0.000000 33.422621 99.133538 -0.040419 13.591742 -0.001220 
537 17.556376 0.000000 43.838495 99.111460 -0.023638 13.775763 -0.001285 
538 12.190936 0.000000 17.798810 99.471495 -0.056881 13.007281 -0.006377 
539 6.825495 0.000000 17.798810 99.559941 -0.040934 13.257271 -0.008794 
540 17.556376 0.000000 17.798810 99.372919 -0.071940 12.846473 -0.004001 
541 12.190936 0.000000 23.006747 99.320980 -0.042372 13.396606 -0.004413 
542 9.508216 0.000000 9.986905 100.171431 -0.070903 11.492731 -0.016640 
543 6.825495 0.000000 9.986905 100.447871 -0.054984 11.956095 -0.023273 
544 12.190936 0.000000 9.986905 99.918396 -0.103116 11.212974 -0.010943 
545 9.508216 0.000000 12.590874 99.875420 -0.065167 12.321668 -0.012693 
546 10.849576 0.000000 6.080953 100.453284 -0.157765 8.811928 -0.016854 
547 9.508216 0.000000 6.080953 100.755315 -0.116031 8.986192 -0.023240 
548 12.190936 0.000000 6.080953 100.238841 -0.188968 8.709031 -0.012371 
549 10.849576 0.000000 7.382937 100.318758 -0.104620 9.890533 -0.016169 
550 10.178896 0.000000 4.127976 100.783834 -0.219910 6.784011 -0.020345 
551 9.508216 0.000000 4.127976 101.014611 -0.164895 6.791643 -0.025011 
552 10.178896 0.000000 3.476984 100.828636 0.000000 5.797274 -0.020002 
553 10.849576 0.000000 4.127976 100.582602 -0.284778 6.796281 -0.016313 
554 10.178896 0.000000 4.778968 100.721841 -0.173963 7.551053 -0.020194 
555 10.178896 0.000000 2.825992 100.967155 0.000000 5.289023 -0.022234 
556 9.508216 0.000000 2.825992 101.071634 -0.000000 5.006441 -0.024054 
557 10.849576 0.000000 2.825992 100.587757 -0.069478 4.985633 -0.014276 
558 13.532296 0.000000 3.476984 100.147618 -0.159654 6.099162 -0.006677 
559 14.873656 0.000000 3.476984 100.102203 -0.368902 6.056823 -0.005727 
560 13.532296 0.000000 4.778968 100.136995 -0.328541 7.471463 -0.008335 
561 11.520256 0.000000 4.127976 100.417886 -0.340137 6.793482 -0.013002 
562 11.520256 0.000000 3.476984 100.422259 -0.283683 5.975033 -0.012041 
563 12.190936 0.000000 4.127976 100.301819 -0.389506 6.789209 -0.010670 
564 11.520256 0.000000 4.778968 100.410906 -0.245750 7.514806 -0.013888 
565 10.514236 0.000000 3.802480 100.686962 -0.357087 6.390643 -0.017883 
566 10.178896 0.000000 3.802480 100.803345 -0.303522 6.366425 -0.020194 
567 10.514236 0.000000 3.476984 100.712021 -0.000000 5.821982 -0.017681 
568 10.849576 0.000000 3.802480 100.590937 -0.407740 6.386418 -0.015949 
569 10.514236 0.000000 4.127976 100.672436 -0.255450 6.802459 -0.018128 
570 11.520256 0.000000 2.825992 100.385754 -0.377526 5.043895 -0.010288 
571 12.190936 0.000000 2.825992 100.249453 -0.329159 5.112501 -0.007620 
572 10.514236 0.000000 3.151488 100.779328 -0.000000 5.560807 -0.018740 
573 10.178896 0.000000 3.151488 100.907599 -0.000000 5.525888 -0.021288 
574 10.514236 0.000000 2.825992 100.806636 -0.000000 5.300790 -0.019008 
575 10.849576 0.000000 3.151488 100.601058 -0.103265 5.482763 -0.015064 
576 11.184916 0.000000 3.802480 100.501549 -0.454589 6.395069 -0.014166 
577 11.184916 0.000000 3.476984 100.504169 -0.169274 5.962924 -0.013667 
578 11.520256 0.000000 3.802480 100.425304 -0.501112 6.398371 -0.012643 
579 11.184916 0.000000 4.127976 100.497612 -0.316976 6.786927 -0.014593 
580 10.681906 0.000000 3.639732 100.642511 -0.703579 6.174930 -0.016754 
581 10.514236 0.000000 3.639732 100.693638 -0.614187 6.171305 -0.017767 
582 10.681906 0.000000 3.476984 100.654173 0.000000 5.902453 -0.016610 
583 10.849576 0.000000 3.639732 100.591966 -0.705074 6.185205 -0.015750 
584 10.681906 0.000000 3.802480 100.638671 -0.381545 6.387513 -0.016909 
585 12.861616 0.000000 1.524008 99.979848 -1.359998 3.636162 -0.001104 
586 12.861616 0.000000 0.873016 99.503346 -1.318192 12.569531 -0.006065 
587 13.532296 0.000000 1.524008 100.000492 -1.360060 3.762959 -0.001611 
588 12.861616 0.000000 2.175000 100.098585 -0.617512 4.317192 -0.003875 
589 20.239096 0.000000 -0.428968 99.820575 0.732857 7.233200 -0.001700 
590 20.239096 0.000000 -3.032937 99.400370 0.289606 9.775087 0.002393 
591 22.921817 0.000000 -0.428968 99.799633 0.614834 7.742750 -0.002029 
592 20.239096 0.000000 2.175000 100.358768 -0.952252 3.961758 -0.008848 
593 16.215016 0.000000 0.873016 100.060911 2.641145 8.891745 -0.009822 
594 16.215016 0.000000 -0.428968 99.765275 0.863517 6.211853 0.000756 
595 17.556376 0.000000 0.873016 100.145759 2.223511 8.561272 -0.010741 
596 16.215016 0.000000 2.175000 100.202590 -0.740645 4.448066 -0.006089 
597 14.202976 0.000000 1.524008 100.049989 -1.422929 3.815782 -0.002659 
598 14.202976 0.000000 0.873016 99.738824 3.337902 10.675422 -0.007294 
599 14.873656 0.000000 1.524008 100.120368 -1.518362 3.887003 -0.004150 
600 14.202976 0.000000 2.175000 100.095066 -0.678897 4.468431 -0.003945 
601 14.873656 0.000000 -5.636905 98.894711 0.157772 10.861005 0.010185 
602 14.873656 0.000000 -8.240874 98.797652 0.105593 11.912285 0.009711 
603 17.556376 0.000000 -5.636905 99.070832 0.172284 11.039184 0.006308 
604 13.532296 0.000000 -1.730953 99.202877 0.424857 7.364145 0.010438 
605 13.532296 0.000000 -3.032937 98.982242 0.256031 8.866828 0.012383 
606 14.873656 0.000000 -1.730953 99.356827 0.447002 7.667640 0.006923 
607 14.202976 0.000000 0.222024 99.768772 1.608914 4.765001 0.002090 
608 13.532296 0.000000 0.222024 99.691964 1.647495 4.591144 0.003772 
609 14.202976 0.000000 -0.428968 99.594728 0.884901 5.616337 0.004856 
610 14.873656 0.000000 0.222024 99.857120 1.578857 4.950675 0.000155 
611 13.867636 0.000000 1.198512 99.914164 -2.869482 4.865049 -0.001474 
612 13.532296 0.000000 1.198512 99.896108 -2.850471 4.591937 -0.000844 
613 13.867636 0.000000 0.873016 99.496673 3.756548 12.530333 -0.007071 
614 14.202976 0.000000 1.198512 99.931698 -2.855722 5.184467 -0.002138 
615 13.867636 0.000000 1.524008 100.021672 -1.382948 3.789799 -0.002061 
616 20.239096 0.000000 4.778968 100.016927 -0.480510 7.032343 -0.005307 
617 22.921817 0.000000 4.778968 100.044570 -0.703882 6.755655 -0.005505 
618 20.239096 0.000000 7.382937 99.768889 -0.239614 9.248653 -0.003943 
619 16.215016 0.000000 3.476984 100.100531 -0.306401 6.014515 -0.005638 
620 17.556376 0.000000 3.476984 100.114804 -0.369878 5.944611 -0.005845 
621 16.215016 0.000000 4.778968 100.005291 -0.391865 7.389361 -0.005581 
622 15.544336 0.000000 1.524008 100.193129 -1.573387 3.943840 -0.005669 
623 15.544336 0.000000 0.873016 100.099862 2.638158 8.959404 -0.010721 
624 16.215016 0.000000 1.524008 100.258207 -1.597064 3.976722 -0.007007 
625 15.544336 0.000000 2.175000 100.167396 -0.730009 4.483623 -0.005414 
626 18.897736 0.000000 0.873016 99.829138 2.763518 8.480818 -0.004542 
627 18.897736 0.000000 -0.428968 99.820172 0.793544 6.944064 -0.001292 
628 20.239096 0.000000 0.873016 99.940483 2.381206 6.639338 -0.003785 
629 18.897736 0.000000 2.175000 100.316233 -0.838373 4.118319 -0.008101 
630 16.885696 0.000000 1.524008 100.284820 -1.660527 4.022667 -0.007598 
631 16.885696 0.000000 0.873016 100.163429 2.488405 8.518530 -0.011147 
632 17.556376 0.000000 1.524008 100.239539 -1.280569 4.556876 -0.007037 
633 16.885696 0.000000 2.175000 100.234720 -0.758958 4.370257 -0.006667 
634 18.897736 0.000000 3.476984 100.126531 -0.374519 5.946232 -0.006082 
635 20.239096 0.000000 3.476984 100.160265 -0.483525 5.696886 -0.006477 
636 18.897736 0.000000 4.778968 100.003564 -0.438744 7.176759 -0.005241 
637 18.227056 0.000000 1.524008 100.292939 -0.666936 4.341720 -0.007797 
638 18.227056 0.000000 0.873016 100.050839 2.315892 8.749866 -0.009209 
639 18.897736 0.000000 1.524008 100.237126 -2.083716 4.670241 -0.007363 
640 18.227056 0.000000 2.175000 100.292682 -0.806061 4.214232 -0.007703 
641 33.652697 0.000000 -3.032937 99.390345 0.221955 11.019711 0.000008 
642 33.652697 0.000000 -8.240874 99.162386 0.117989 12.504260 0.001045 
643 39.018138 0.000000 -3.032937 99.357771 0.201219 11.358150 -0.000101 
644 33.652697 0.000000 2.175000 100.039896 1.219729 6.584988 -0.005283 
645 25.604537 0.000000 -0.428968 99.759410 0.535933 8.221444 -0.001982 
646 25.604537 0.000000 -3.032937 99.427745 0.265812 10.362403 0.000667 
647 28.287257 0.000000 -0.428968 99.716808 0.470668 8.650943 -0.001850 
648 25.604537 0.000000 2.175000 99.822415 -3.428359 8.023691 -0.004065 
649 21.580457 0.000000 0.873016 100.013885 1.820630 6.281619 -0.004555 
650 21.580457 0.000000 -0.428968 99.813928 0.666161 7.482445 -0.001925 
651 22.921817 0.000000 0.873016 100.026417 1.469918 6.311822 -0.004728 
652 21.580457 0.000000 2.175000 100.373750 -1.224601 3.966059 -0.009212 
653 19.568416 0.000000 1.524008 100.249446 -2.102338 4.549013 -0.007506 
654 19.568416 0.000000 0.873016 99.856691 2.733891 7.219864 -0.003096 
655 20.239096 0.000000 1.524008 100.144444 -3.121877 5.335465 -0.006712 
656 19.568416 0.000000 2.175000 100.339807 -0.885049 4.040782 -0.008519 
657 18.227056 0.000000 2.825992 100.205369 -0.553935 5.075485 -0.006718 
658 17.556376 0.000000 2.825992 100.186572 -0.507758 5.124803 -0.006387 
659 18.897736 0.000000 2.825992 100.221595 -0.544579 5.006157 -0.006973 
660 18.227056 0.000000 3.476984 100.123044 -0.488679 5.945486 -0.006021 
661 18.562396 0.000000 1.849504 100.341744 -1.128259 3.831199 -0.008442 
662 18.227056 0.000000 1.849504 100.334171 -1.098096 3.854615 -0.008301 
663 18.562396 0.000000 1.524008 100.172082 -0.971904 5.181153 -0.006223 
664 18.897736 0.000000 1.849504 100.347798 -1.170351 3.823616 -0.008567 
665 18.562396 0.000000 2.175000 100.305663 -0.821496 4.166422 -0.007926 
666 11.184916 0.000000 3.151488 100.499765 0.004251 5.499903 -0.013045 
667 11.184916 0.000000 2.825992 100.477266 -0.210840 5.014044 -0.012087 
668 11.520256 0.000000 3.151488 100.409459 -0.172729 5.516844 -0.011252 
669 10.681906 0.000000 3.314236 100.670883 0.000000 5.895415 -0.016938 
670 10.514236 0.000000 3.314236 100.721247 -0.000000 5.807951 -0.017850 
671 10.681906 0.000000 3.151488 100.654701 0.000000 5.465547 -0.016124 
672 10.849576 0.000000 3.314236 100.601486 -0.066277 5.723869 -0.015343 
673 11.017246 0.000000 3.639732 100.544412 -0.779604 6.185635 -0.014805 
674 11.017246 0.000000 3.476984 100.550141 -0.103370 5.963981 -0.014591 
675 11.184916 0.000000 3.639732 100.499973 -0.869476 6.194820 -0.013938 
676 11.017246 0.000000 3.802480 100.543799 -0.429885 6.395467 -0.015014 
677 10.765741 0.000000 3.558358 100.652235 0.000000 5.906394 -0.016576 
678 10.681906 0.000000 3.558358 100.651496 0.000000 5.905282 -0.016560 
679 10.765741 0.000000 3.476984 100.653184 0.000000 5.906328 -0.016595 
680 10.849576 0.000000 3.558358 100.595578 -0.460797 6.071517 -0.015655 
681 10.765741 0.000000 3.639732 100.617138 -0.591882 6.182713 -0.016238 
682 8.166856 0.000000 6.080953 101.178527 -0.081378 9.208010 -0.032189 
683 6.825495 0.000000 6.080953 101.787720 -0.052579 9.599442 -0.045289 
684 8.166856 0.000000 7.382937 100.850527 -0.052472 10.297543 -0.027687 
685 8.837536 0.000000 4.127976 101.284009 -0.122219 6.804226 -0.030476 
686 8.166856 0.000000 4.127976 101.611640 -0.092742 6.814423 -0.037137 
687 8.837536 0.000000 3.476984 101.316132 -0.127243 5.927244 -0.030011 
688 8.837536 0.000000 4.778968 101.197177 -0.120552 7.650853 -0.029942 
689 9.843556 0.000000 3.802480 100.933441 -0.242574 6.339729 -0.022781 
690 9.508216 0.000000 3.802480 101.038795 -0.185179 6.374584 -0.024951 
691 9.843556 0.000000 3.476984 100.955885 0.000000 5.792565 -0.022564 
692 9.843556 0.000000 4.127976 100.889738 -0.187983 6.802258 -0.022505 
693 10.346566 0.000000 3.639732 100.755501 -0.572276 6.149792 -0.018982 
694 10.178896 0.000000 3.639732 100.810856 -0.517083 6.148173 -0.020090 
695 10.346566 0.000000 3.476984 100.739304 0.000000 5.863376 -0.018279 
696 10.346566 0.000000 3.802480 100.749118 -0.330650 6.362240 -0.019097 
697 10.598071 0.000000 3.558358 100.698969 -0.000000 5.827963 -0.017425 
698 10.514236 0.000000 3.558358 100.712075 -0.000000 5.813045 -0.017671 
699 10.598071 0.000000 3.476984 100.687904 -0.000000 5.846514 -0.017224 
700 10.598071 0.000000 3.639732 100.668592 -0.632950 6.167648 -0.017261 
701 11.017246 0.000000 3.314236 100.547991 -0.154232 5.731356 -0.014277 
702 11.017246 0.000000 3.151488 100.548626 0.144298 5.494270 -0.014023 
703 11.184916 0.000000 3.314236 100.501124 -0.272852 5.738553 -0.013348 
704 10.765741 0.000000 3.395610 100.655589 0.000000 5.906293 -0.016643 
705 10.681906 0.000000 3.395610 100.659289 0.000000 5.901150 -0.016712 
706 10.765741 0.000000 3.314236 100.669679 0.000000 5.902338 -0.016922 
707 10.849576 0.000000 3.395610 100.597604 -0.186791 5.844197 -0.015407 
708 10.723823 0.000000 3.517671 100.651652 0.000000 5.906281 -0.016564 
709 10.681906 0.000000 3.517671 100.652256 0.000000 5.903855 -0.016573 
710 10.723823 0.000000 3.476984 100.652828 0.000000 5.905675 -0.016587 
711 10.765741 0.000000 3.517671 100.651930 0.000000 5.906688 -0.016570 
712 10.723823 0.000000 3.558358 100.650969 0.000000 5.907482 -0.016552 
713 8.837536 0.000000 2.825992 101.325907 -0.129244 4.972069 -0.029168 
714 8.166856 0.000000 2.825992 101.527793 -0.073926 4.889287 -0.033180 
715 9.843556 0.000000 3.151488 101.003126 0.000000 5.549994 -0.023243 
716 9.508216 0.000000 3.151488 101.019962 -0.000000 5.086428 -0.023090 
717 9.843556 0.000000 2.825992 101.042063 0.000000 5.384104 -0.023849 
718 10.346566 0.000000 3.314236 100.738429 0.000000 5.855350 -0.018252 
719 10.178896 0.000000 3.314236 100.858160 -0.000000 5.760576 -0.020555 
720 10.346566 0.000000 3.151488 100.790709 0.000000 5.639098 -0.019057 
721 10.598071 0.000000 3.395610 100.687950 -0.000000 5.854835 -0.017234 
722 10.514236 0.000000 3.395610 100.716285 -0.000000 5.818208 -0.017762 
723 10.598071 0.000000 3.314236 100.693998 -0.000000 5.853197 -0.017354 
724 10.639988 0.000000 3.517671 100.660582 -0.000000 5.887635 -0.016722 
725 10.598071 0.000000 3.517671 100.681598 -0.000000 5.852938 -0.017104 
726 10.639988 0.000000 3.476984 100.663617 -0.000000 5.885590 -0.016780 
727 10.639988 0.000000 3.558358 100.655120 -0.000000 5.893665 -0.016619 
728 10.178896 0.000000 5.429961 100.681849 -0.154983 8.228347 -0.020456 
729 9.508216 0.000000 5.429961 100.861895 -0.135567 8.326827 -0.024248 
730 10.849576 0.000000 5.429961 100.525664 -0.176709 8.182844 -0.017240 
731 10.178896 0.000000 6.080953 100.593431 -0.144298 8.884467 -0.019799 
732 10.514236 0.000000 4.453472 100.658176 -0.216240 7.168182 -0.018350 
733 10.178896 0.000000 4.453472 100.751248 -0.193192 7.176734 -0.020236 
734 10.849576 0.000000 4.453472 100.565855 -0.238287 7.179996 -0.016510 
735 10.514236 0.000000 4.778968 100.631925 -0.193232 7.531494 -0.018355 
736 10.681906 0.000000 3.965228 100.632048 -0.307499 6.596852 -0.017042 
737 10.514236 0.000000 3.965228 100.679274 -0.289556 6.602503 -0.017999 
738 10.849576 0.000000 3.965228 100.587584 -0.325239 6.589938 -0.016140 
739 10.681906 0.000000 4.127976 100.625982 -0.269252 6.802967 -0.017194 
740 10.765741 0.000000 3.721106 100.616680 -0.475096 6.284137 -0.016343 
741 10.681906 0.000000 3.721106 100.641328 -0.460075 6.278521 -0.016831 
742 10.849576 0.000000 3.721106 100.590829 -0.491365 6.286868 -0.015828 
743 10.765741 0.000000 3.802480 100.614633 -0.393682 6.379443 -0.016416 
744 10.723823 0.000000 3.599045 100.652779 0.000000 5.906256 -0.016587 
745 10.681906 0.000000 3.599045 100.649886 0.000000 5.908493 -0.016531 
746 10.765741 0.000000 3.599045 100.618000 -0.755181 6.128047 -0.016211 
747 10.723823 0.000000 3.639732 100.630549 -0.646759 6.174469 -0.016505 
748 10.702865 0.000000 3.538015 100.651168 0.000000 5.906239 -0.016554 
749 10.681906 0.000000 3.538015 100.651857 0.000000 5.904371 -0.016566 
750 10.702865 0.000000 3.517671 100.652516 0.000000 5.904265 -0.016579 
751 10.723823 0.000000 3.538015 100.651159 0.000000 5.907332 -0.016555 
752 10.702865 0.000000 3.558358 100.651090 0.000000 5.906482 -0.016553 
753 10.933411 0.000000 3.558358 100.571668 -0.478429 6.071725 -0.015176 
754 10.933411 0.000000 3.476984 100.573427 -0.068964 5.962214 -0.015057 
755 11.017246 0.000000 3.558358 100.547928 -0.500937 6.067466 -0.014695 
756 10.933411 0.000000 3.639732 100.567272 -0.740937 6.182317 -0.015255 
757 10.807658 0.000000 3.517671 100.652800 0.000000 5.906194 -0.016587 
758 10.807658 0.000000 3.476984 100.652800 0.000000 5.906194 -0.016587 
759 10.849576 0.000000 3.517671 100.598280 0.222977 6.025888 -0.015638 
760 10.807658 0.000000 3.558358 100.607693 -0.406616 6.071560 -0.015894 
761 10.744782 0.000000 3.538015 100.651533 0.000000 5.907090 -0.016562 
762 10.744782 0.000000 3.517671 100.651363 0.000000 5.907185 -0.016559 
763 10.765741 0.000000 3.538015 100.651888 0.000000 5.906715 -0.016569 
764 10.744782 0.000000 3.558358 100.651426 0.000000 5.907179 -0.016560 
765 10.598071 0.000000 3.721106 100.665750 -0.445983 6.280299 -0.017323 
766 10.514236 0.000000 3.721106 100.690217 -0.431051 6.282351 -0.017817 
767 10.598071 0.000000 3.802480 100.662410 -0.368547 6.391090 -0.017390 
768 10.639988 0.000000 3.599045 100.656834 -1.146874 6.115133 -0.017051 
769 10.598071 0.000000 3.599045 100.670984 -0.925264 6.111685 -0.017286 
770 10.639988 0.000000 3.639732 100.656077 -0.641202 6.166389 -0.017008 
771 10.702865 0.000000 3.578702 100.650768 0.000000 5.907641 -0.016548 
772 10.681906 0.000000 3.578702 100.651006 0.000000 5.905765 -0.016550 
773 10.723823 0.000000 3.578702 100.651315 0.000000 5.907274 -0.016558 
774 10.702865 0.000000 3.599045 100.651970 0.000000 5.906492 -0.016571 
775 10.713344 0.000000 3.548186 100.652444 0.000000 5.906140 -0.016580 
776 10.702865 0.000000 3.548186 100.651610 0.000000 5.906475 -0.016563 
777 10.713344 0.000000 3.538015 100.651277 0.000000 5.906218 -0.016556 
778 10.723823 0.000000 3.548186 100.651978 0.000000 5.906794 -0.016571 
779 10.713344 0.000000 3.558358 100.650911 0.000000 5.907527 -0.016550 
780 -14.636266 0.000000 -60.320242 98.995944 0.006521 13.903164 0.000651 
781 -36.098028 0.000000 -60.320242 99.006335 0.003975 13.916156 0.000409 
782 -14.636266 0.000000 -81.151989 99.008607 0.005579 13.906956 0.000389 
783 71.210780 0.000000 -60.320242 99.021939 0.017466 13.856533 0.000265 
784 71.210780 0.000000 -81.151989 99.020661 0.012438 13.882512 0.000218 
785 92.672542 0.000000 -60.320242 99.026452 0.017857 13.860506 0.000165 
786 -14.636266 0.000000 64.670242 99.062544 -0.008601 13.898782 -0.000656 
787 -36.098028 0.000000 64.670242 99.050861 -0.005627 13.913437 -0.000466 
788 -14.636266 0.000000 85.501989 99.048386 -0.007281 13.904035 -0.000390 
789 -3.905385 0.000000 -29.072621 98.896081 0.012146 13.850610 0.002773 
790 -14.636266 0.000000 -29.072621 98.938247 0.007346 13.908727 0.001777 
791 -3.905385 0.000000 -39.488495 98.950999 0.010713 13.870669 0.001630 
792 71.210780 0.000000 64.670242 99.050510 -0.024335 13.817350 -0.000192 
793 92.672542 0.000000 64.670242 99.048033 -0.026889 13.805566 -0.000111 
794 71.210780 0.000000 85.501989 99.042617 -0.016779 13.865486 -0.000169 
795 39.018138 0.000000 -29.072621 99.010758 0.035843 13.672321 0.000994 
796 39.018138 0.000000 -39.488495 99.004272 0.025261 13.775725 0.000838 
797 49.749019 0.000000 -29.072621 99.027497 0.036701 13.689134 0.000616 
798 -3.905385 0.000000 33.422621 99.168137 -0.016147 13.836639 -0.002577 
799 -14.636266 0.000000 33.422621 99.125524 -0.010658 13.895611 -0.001896 
800 -3.905385 0.000000 43.838495 99.111740 -0.013858 13.861173 -0.001527 
801 1.460055 0.000000 -13.448810 98.470413 0.020854 13.578919 0.011919 
802 -3.905385 0.000000 -13.448810 98.623595 0.012144 13.858538 0.008133 
803 1.460055 0.000000 -18.656747 98.708472 0.019258 13.694503 0.006910 
804 39.018138 0.000000 33.422621 99.113684 -0.046430 13.548949 -0.000710 
805 49.749019 0.000000 33.422621 99.104557 -0.051349 13.508997 -0.000421 
806 39.018138 0.000000 43.838495 99.086114 -0.032340 13.719888 -0.000629 
807 22.921817 0.000000 -13.448810 98.981055 0.075335 12.974409 0.003441 
808 22.921817 0.000000 -18.656747 98.950798 0.051630 13.352721 0.003044 
809 28.287257 0.000000 -13.448810 99.038846 0.077796 13.039356 0.002128 
810 1.460055 0.000000 17.798810 99.546358 -0.028377 13.568163 -0.009357 
811 -3.905385 0.000000 17.798810 99.424759 -0.019090 13.802273 -0.007579 
812 1.460055 0.000000 23.006747 99.346389 -0.025076 13.679655 -0.005684 
813 4.142775 0.000000 -5.636905 96.925325 0.023813 12.274089 0.045483 
814 1.460055 0.000000 -5.636905 97.182986 0.016492 13.465712 0.037414 
815 4.142775 0.000000 -8.240874 97.780994 0.029377 12.856237 0.027359 
816 22.921817 0.000000 17.798810 99.308580 -0.083722 12.734320 -0.002436 
817 28.287257 0.000000 17.798810 99.276265 -0.092848 12.632908 -0.001538 
818 22.921817 0.000000 23.006747 99.231568 -0.059414 13.226869 -0.002186 
819 4.142775 0.000000 9.986905 100.588024 -0.039071 12.622840 -0.027729 
820 1.460055 0.000000 9.986905 100.437924 -0.028157 13.308493 -0.026489 
821 4.142775 0.000000 12.590874 100.061842 -0.039577 13.007211 -0.018156 
822 5.484135 0.000000 -1.730953 94.083133 0.025302 7.223016 0.109619 
823 4.142775 0.000000 -1.730953 92.115695 0.009586 9.855022 0.141758 
824 5.484135 0.000000 -3.032937 95.540741 0.023407 9.601391 0.077978 
825 14.873656 0.000000 9.986905 99.748851 -0.133647 11.037974 -0.007169 
826 17.556376 0.000000 9.986905 99.649420 -0.149487 10.903342 -0.004891 
827 14.873656 0.000000 12.590874 99.616041 -0.092835 11.959444 -0.006639 
828 33.652697 0.000000 -13.448810 99.068000 0.078195 13.105270 0.001378 
829 33.652697 0.000000 -18.656747 99.025069 0.056843 13.397115 0.001455 
830 39.018138 0.000000 -13.448810 99.082676 0.078531 13.163354 0.000934 
831 20.239096 0.000000 -5.636905 99.165297 0.172765 11.222154 0.004028 
832 20.239096 0.000000 -8.240874 99.033887 0.122810 12.072933 0.004652 
833 22.921817 0.000000 -5.636905 99.212494 0.175970 11.401104 0.002686 
834 25.604537 0.000000 -5.636905 99.238422 0.172753 11.557854 0.001812 
835 25.604537 0.000000 -8.240874 99.125313 0.125704 12.263110 0.002377 
836 28.287257 0.000000 -5.636905 99.248834 0.167040 11.699294 0.001277 
837 16.215016 0.000000 -1.730953 99.456101 0.447949 7.946474 0.004514 
838 16.215016 0.000000 -3.032937 99.246617 0.292111 9.264250 0.006420 
839 17.556376 0.000000 -1.730953 99.524093 0.446813 8.219150 0.002720 
840 11.520256 0.000000 -1.079961 98.892931 0.446814 5.924684 0.018489 
841 11.520256 0.000000 -1.730953 98.765808 0.321040 6.956346 0.019682 
842 12.190936 0.000000 -1.079961 99.099293 0.523372 6.097565 0.014188 
843 9.843556 0.000000 -0.103472 97.913392 0.092113 3.466891 0.040094 
844 9.843556 0.000000 -0.428968 98.007063 0.141498 4.280538 0.037627 
845 33.652697 0.000000 7.382937 99.881292 -0.365345 7.900500 -0.003882 
846 39.018138 0.000000 7.382937 99.974976 -0.492653 7.195512 -0.004701 
847 33.652697 0.000000 12.590874 99.443665 -0.159405 11.161863 -0.001366 
848 33.652697 0.000000 17.798810 99.265027 -0.101001 12.524592 -0.001042 
849 39.018138 0.000000 17.798810 99.266760 -0.108132 12.401923 -0.000771 
850 33.652697 0.000000 23.006747 99.189013 -0.071657 13.112394 -0.001040 
851 25.604537 0.000000 4.778968 100.025544 -0.308890 6.829439 -0.005185 
852 28.287257 0.000000 4.778968 100.128220 -0.346366 6.075314 -0.006269 
853 25.604537 0.000000 7.382937 99.780030 -0.278392 8.789272 -0.003338 
854 20.239096 0.000000 9.986905 99.601301 -0.161012 10.760657 -0.003624 
855 22.921817 0.000000 9.986905 99.575588 -0.175753 10.615534 -0.002802 
856 20.239096 0.000000 12.590874 99.480942 -0.121718 11.741527 -0.003434 
857 13.532296 0.000000 6.080953 100.078943 -0.225142 8.679258 -0.009118 
858 14.873656 0.000000 6.080953 99.975716 -0.248951 8.640129 -0.006986 
859 13.532296 0.000000 7.382937 100.000967 -0.168053 9.674017 -0.009381 
860 12.861616 0.000000 0.222024 99.606879 1.683125 4.398019 0.005629 
861 12.861616 0.000000 -0.428968 99.415587 0.872032 5.247706 0.008824 
862 11.184916 0.000000 -0.103472 99.136973 0.864990 4.064768 0.015459 
863 11.184916 0.000000 -0.428968 98.983002 0.616297 4.652875 0.018034 
864 11.520256 0.000000 -0.103472 99.248989 1.011319 4.242716 0.013061 
865 10.346566 0.000000 0.384772 98.939091 0.042450 2.056917 0.020682 
866 10.178896 0.000000 0.384772 98.514899 -0.072091 1.818968 0.029150 
867 10.346566 0.000000 0.222024 98.734162 0.190383 2.591121 0.024482 
868 11.017246 0.000000 0.384772 99.498126 1.741966 3.694341 0.008344 
869 11.017246 0.000000 0.222024 99.322566 1.233160 3.555956 0.012086 
870 11.184916 0.000000 0.384772 99.464695 1.965878 3.864269 0.008798 
871 7.496176 0.000000 -1.079961 97.050577 0.045448 5.306667 0.055302 
872 6.825495 0.000000 -1.079961 96.339968 0.034602 5.119831 0.069240 
873 7.496176 0.000000 -1.730953 96.863381 0.055152 6.562709 0.057441 
874 8.502196 0.000000 -0.103472 97.850374 0.020135 4.139049 0.040817 
875 8.166856 0.000000 -0.103472 97.991425 0.016688 3.898166 0.038248 
876 8.502196 0.000000 -0.428968 97.727046 0.041089 4.602444 0.042824 
877 9.675886 0.000000 0.384772 97.356142 -0.106035 1.886630 0.051821 
878 9.675886 0.000000 0.222024 97.497458 -0.030955 2.511801 0.048794 
879 9.843556 0.000000 0.384772 97.734674 -0.119182 1.847882 0.044450 
880 10.011226 0.000000 0.384772 98.116502 -0.110767 1.793100 0.036992 
881 10.011226 0.000000 0.222024 98.104110 0.005663 2.390729 0.036987 
882 10.430401 0.000000 0.628894 99.868683 -0.600209 1.150688 0.002456 
883 10.346566 0.000000 0.628894 99.383405 -0.578578 0.951449 0.012170 
884 10.430401 0.000000 0.547520 99.591911 -0.226928 1.610925 0.007880 
885 5.484135 0.000000 3.476984 104.835882 -0.018262 6.564141 -0.103365 
886 4.142775 0.000000 3.476984 107.005589 -0.011397 9.391706 -0.153840 
887 5.484135 0.000000 4.778968 103.272932 -0.025282 9.021785 -0.074669 
888 5.484135 0.000000 6.080953 102.352058 -0.025438 10.371723 -0.058352 
889 4.142775 0.000000 6.080953 102.729835 -0.027018 11.461190 -0.068478 
890 5.484135 0.000000 7.382937 101.511904 -0.031109 11.256109 -0.043137 
891 7.496176 0.000000 2.825992 101.869402 -0.051495 4.727846 -0.039973 
892 6.825495 0.000000 2.825992 102.572203 -0.023658 4.447101 -0.054083 
893 7.496176 0.000000 3.476984 102.017151 -0.064082 5.875315 -0.044202 
894 7.496176 0.000000 4.127976 102.011305 -0.069058 6.891492 -0.045380 
895 6.825495 0.000000 4.127976 102.541693 -0.040882 7.044810 -0.056443 
896 7.496176 0.000000 4.778968 101.904724 -0.068432 7.820903 -0.044574 
897 10.262731 0.000000 0.954390 100.166475 -0.000000 0.577016 -0.003366 
898 10.178896 0.000000 0.954390 100.448760 0.000000 0.558335 -0.009027 
899 10.262731 0.000000 1.035764 100.238341 -0.000000 0.809449 -0.004838 
900 10.702865 0.000000 0.771298 96.652914 -1.372576 1.867867 0.065284 
901 10.702865 0.000000 0.750955 99.293941 -1.870182 0.000000 0.013722 
902 10.723823 0.000000 0.771298 96.916800 -1.426667 1.889352 0.060153 
903 10.472318 0.000000 0.750955 99.611892 -0.897645 0.000000 0.007667 
904 10.430401 0.000000 0.750955 99.622010 -0.742272 0.000000 0.007490 
905 10.472318 0.000000 0.710268 99.616289 -0.891008 0.000000 0.007580 
906 10.095061 0.000000 0.954390 100.723862 0.000000 0.579384 -0.014563 
907 10.011226 0.000000 0.954390 100.946043 0.000000 0.573331 -0.019043 
908 10.095061 0.000000 1.035764 100.745114 0.000000 0.765741 -0.015016 
909 9.759721 0.000000 0.954390 101.800994 0.000000 0.332618 -0.036355 
910 9.843556 0.000000 0.954390 101.471555 -0.000000 0.308327 -0.029657 
911 9.759721 0.000000 1.035764 101.711450 0.000000 0.663829 -0.034566 
912 9.424381 0.000000 0.628894 96.379885 -0.166256 1.004399 0.070988 
913 9.424381 0.000000 0.547520 96.516128 -0.135253 1.503054 0.068236 
914 9.508216 0.000000 0.628894 96.634788 -0.197823 0.885017 0.066090 
915 9.382463 0.000000 0.750955 100.449077 -0.035465 0.060558 -0.009002 
916 9.382463 0.000000 0.710268 99.663109 -0.042843 0.000000 0.006726 
917 9.424381 0.000000 0.750955 100.310443 -0.042214 0.070996 -0.006219 
918 9.466298 0.000000 0.832329 101.616005 -0.028889 0.275803 -0.032589 
919 9.466298 0.000000 0.791642 101.099670 -0.039846 0.219060 -0.022119 
920 9.466298 0.000000 0.873016 101.988170 -0.019309 0.340264 -0.040170 
921 8.669866 0.000000 0.384772 97.968062 -0.015839 3.678387 0.038873 
922 8.502196 0.000000 0.384772 98.319124 -0.011971 3.390009 0.032186 
923 8.669866 0.000000 0.222024 97.827604 -0.004091 3.808806 0.041525 
924 9.214793 0.000000 0.750955 100.292337 -0.017076 0.017286 -0.005855 
925 9.172876 0.000000 0.750955 99.693771 -0.017894 0.000000 0.006115 
926 9.214793 0.000000 0.710268 99.695961 -0.018593 0.000000 0.006071 
927 9.130958 0.000000 0.750955 100.173998 -0.013080 0.024361 -0.003483 
928 9.130958 0.000000 0.710268 99.696487 -0.015395 0.000000 0.006061 
929 9.026164 0.000000 0.771298 100.896649 -0.005209 0.582668 -0.018047 
930 9.026164 0.000000 0.750955 100.228511 -0.005799 0.216878 -0.004580 
931 9.047123 0.000000 0.771298 100.554318 -0.006503 0.253001 -0.011123 
932 11.520256 0.000000 5.429961 100.380290 -0.201926 8.169441 -0.014298 
933 12.190936 0.000000 5.429961 100.273569 -0.223499 8.140588 -0.012111 
934 11.520256 0.000000 6.080953 100.341253 -0.172878 8.748142 -0.014493 
935 9.843556 0.000000 4.453472 100.864049 -0.171263 7.181073 -0.022515 
936 9.508216 0.000000 4.453472 100.971491 -0.157049 7.189313 -0.024695 
937 9.843556 0.000000 4.778968 100.823330 -0.160350 7.566719 -0.022262 
938 12.861616 0.000000 2.825992 100.164606 -0.335497 5.202236 -0.006012 
939 13.532296 0.000000 2.825992 100.128587 -0.485377 5.250045 -0.005353 
940 12.861616 0.000000 3.476984 100.203954 -0.259405 6.033110 -0.007730 
941 14.202976 0.000000 2.825992 100.116310 -0.446464 5.256384 -0.005110 
942 14.873656 0.000000 2.825992 100.118998 -0.409131 5.303123 -0.005210 
943 14.202976 0.000000 3.476984 100.118405 -0.460859 6.099867 -0.006112 
944 12.861616 0.000000 4.127976 100.214855 -0.434796 6.786192 -0.008926 
945 13.532296 0.000000 4.127976 100.150501 -0.473433 6.780731 -0.007633 
946 12.861616 0.000000 4.778968 100.203066 -0.306526 7.477754 -0.009667 
947 11.184916 0.000000 4.453472 100.484136 -0.257593 7.167409 -0.014850 
948 11.520256 0.000000 4.453472 100.415461 -0.281935 7.151866 -0.013449 
949 11.184916 0.000000 4.778968 100.470694 -0.230379 7.524386 -0.015103 
950 10.346566 0.000000 3.965228 100.754374 -0.267583 6.555377 -0.019449 
951 10.178896 0.000000 3.965228 100.794561 -0.246775 6.581465 -0.020292 
952 10.346566 0.000000 4.127976 100.723785 -0.236667 6.797997 -0.019155 
953 11.017246 0.000000 3.965228 100.543555 -0.345271 6.594931 -0.015262 
954 11.184916 0.000000 3.965228 100.500711 -0.360680 6.603540 -0.014413 
955 11.017246 0.000000 4.127976 100.540234 -0.296163 6.785347 -0.015447 
956 18.897736 0.000000 -1.730953 99.557626 0.440945 8.460890 0.001650 
957 18.897736 0.000000 -3.032937 99.371694 0.292918 9.621519 0.003261 
958 20.239096 0.000000 -1.730953 99.581475 0.418204 8.678232 0.000804 
959 21.580457 0.000000 -1.730953 99.588969 0.402262 8.891188 0.000282 
960 21.580457 0.000000 -3.032937 99.419461 0.284622 9.941316 0.001686 
961 22.921817 0.000000 -1.730953 99.588286 0.387023 9.092977 -0.000066 
962 15.544336 0.000000 0.222024 99.925433 1.542269 5.196481 -0.001447 
963 15.544336 0.000000 -0.428968 99.724382 0.874640 6.017101 0.001808 
964 16.215016 0.000000 0.222024 99.968270 1.505228 5.419803 -0.002529 
965 16.885696 0.000000 0.222024 99.991248 1.461875 5.633623 -0.003212 
966 16.885696 0.000000 -0.428968 99.794077 0.850062 6.399419 -0.000053 
967 17.556376 0.000000 0.222024 99.992470 1.416632 5.861835 -0.003486 
968 12.861616 0.000000 -1.079961 99.246763 0.569304 6.282611 0.011028 
969 12.861616 0.000000 -1.730953 99.093801 0.405752 7.233115 0.012794 
970 13.532296 0.000000 -1.079961 99.348989 0.584248 6.458917 0.008772 
971 21.580457 0.000000 3.476984 100.204766 -0.480903 5.414813 -0.007055 
972 22.921817 0.000000 3.476984 100.235094 -0.479454 5.212616 -0.007448 
973 21.580457 0.000000 4.778968 100.031357 -0.553814 6.877238 -0.005388 
974 15.544336 0.000000 2.825992 100.130779 -0.516057 5.309540 -0.005463 
975 16.215016 0.000000 2.825992 100.143330 -0.432484 5.359277 -0.005760 
976 15.544336 0.000000 3.476984 100.095368 -0.311744 6.123869 -0.005668 
977 16.885696 0.000000 2.825992 100.165700 -0.449983 5.200306 -0.006041 
978 16.885696 0.000000 3.476984 100.100587 -0.211373 6.054167 -0.005683 
979 18.227056 0.000000 0.222024 99.984661 1.363731 6.056717 -0.003548 
980 18.227056 0.000000 -0.428968 99.815616 0.816532 6.769142 -0.000965 
981 18.897736 0.000000 0.222024 99.967208 1.298835 6.224700 -0.003388 
982 19.568416 0.000000 0.222024 99.950094 1.216523 6.340648 -0.003171 
983 19.568416 0.000000 -0.428968 99.818110 0.764610 7.085684 -0.001445 
984 20.239096 0.000000 0.222024 99.944942 1.134462 6.458712 -0.003199 
985 19.568416 0.000000 2.825992 100.243009 -0.525703 4.905092 -0.007300 
986 20.239096 0.000000 2.825992 100.265628 -0.598498 4.782541 -0.007643 
987 19.568416 0.000000 3.476984 100.139595 -0.315673 5.824622 -0.006196 
988 10.933411 0.000000 3.721106 100.567824 -0.507586 6.288273 -0.015369 
989 11.017246 0.000000 3.721106 100.545004 -0.523461 6.288671 -0.014912 
990 10.933411 0.000000 3.802480 100.566728 -0.417820 6.394796 -0.015473 
991 10.807658 0.000000 3.599045 100.605553 -0.743998 6.130065 -0.015961 
992 10.849576 0.000000 3.599045 100.591435 -1.078224 6.137462 -0.015747 
993 10.807658 0.000000 3.639732 100.604177 -0.689014 6.183200 -0.015991 
994 8.837536 0.000000 5.429961 101.093104 -0.110355 8.407261 -0.029051 
995 8.166856 0.000000 5.429961 101.366882 -0.084700 8.518234 -0.034781 
996 8.837536 0.000000 6.080953 100.945792 -0.102238 9.085536 -0.027261 
997 10.933411 0.000000 3.395610 100.572739 -0.307908 5.848285 -0.014917 
998 10.933411 0.000000 3.314236 100.576086 -0.098362 5.728255 -0.014837 
999 11.017246 0.000000 3.395610 100.548349 -0.405608 5.852372 -0.014439 
1000 10.744782 0.000000 3.578702 100.652212 0.000000 5.906402 -0.016575 
1001 10.765741 0.000000 3.578702 100.652800 0.000000 5.906193 -0.016587 
1002 10.744782 0.000000 3.599045 100.624146 -0.815956 6.127634 -0.016343 
1003 25.604537 0.000000 9.986905 99.570893 -0.185984 10.454859 -0.002370 
1004 28.287257 0.000000 9.986905 99.578653 -0.196832 10.274146 -0.002151 
1005 25.604537 0.000000 12.590874 99.435447 -0.138667 11.537264 -0.002054 
1006 16.215016 0.000000 6.080953 99.923150 -0.268784 8.554488 -0.005789 
1007 17.556376 0.000000 6.080953 99.897895 -0.280274 8.460321 -0.005125 
1008 16.215016 0.000000 7.382937 99.843046 -0.197059 9.536586 -0.005962 
1009 10.262731 0.000000 0.628894 99.007059 -0.539752 0.792421 0.019668 
1010 10.178896 0.000000 0.628894 98.702236 -0.496162 0.736161 0.025708 
1011 10.262731 0.000000 0.547520 98.916129 -0.320703 1.213279 0.021402 
1012 10.388483 0.000000 0.750955 99.604746 -0.573441 0.029287 0.007856 
1013 10.346566 0.000000 0.750955 99.627196 -0.552634 0.000000 0.007412 
1014 10.388483 0.000000 0.710268 99.627519 -0.603235 0.000000 0.007399 
1015 10.095061 0.000000 0.628894 98.440733 -0.458487 0.728505 0.030868 
1016 10.011226 0.000000 0.628894 98.201189 -0.420424 0.682247 0.035588 
1017 10.095061 0.000000 0.547520 98.395830 -0.310501 1.121551 0.031691 
1018 9.927391 0.000000 0.954390 101.190079 0.000000 0.432536 -0.023962 
1019 9.927391 0.000000 1.035764 101.213511 0.000000 0.664314 -0.024462 
1020 9.592051 0.000000 0.628894 96.871736 -0.231616 0.772777 0.061522 
1021 9.592051 0.000000 0.547520 96.971648 -0.182772 1.232598 0.059495 
1022 9.675886 0.000000 0.628894 97.126613 -0.267629 0.674511 0.056589 
1023 9.759721 0.000000 0.628894 97.401447 -0.304987 0.619589 0.051248 
1024 9.759721 0.000000 0.547520 97.444933 -0.230995 1.098005 0.050323 
1025 9.843556 0.000000 0.628894 97.683246 -0.342535 0.638763 0.045746 
1026 9.466298 0.000000 0.750955 100.663149 -0.050749 0.161460 -0.013310 
1027 9.466298 0.000000 0.710268 99.656294 -0.063285 0.000000 0.006862 
1028 9.508216 0.000000 0.750955 100.227645 -0.067130 0.098533 -0.004560 
1029 9.068082 0.000000 0.771298 100.574876 -0.006918 0.249340 -0.011537 
1030 9.068082 0.000000 0.750955 100.085367 -0.007249 0.053348 -0.001708 
1031 9.089041 0.000000 0.771298 101.345068 -0.008131 0.278328 -0.027090 
1032 14.202976 0.000000 4.127976 100.106824 -0.504028 6.783349 -0.006764 
1033 14.873656 0.000000 4.127976 100.079193 -0.533817 6.772542 -0.006200 
1034 14.202976 0.000000 4.778968 100.085343 -0.346723 7.465368 -0.007293 
1035 14.202976 0.000000 -1.079961 99.433405 0.598824 6.621194 0.006880 
1036 14.202976 0.000000 -1.730953 99.285427 0.436192 7.526009 0.008557 
1037 14.873656 0.000000 -1.079961 99.498454 0.598352 6.797804 0.005349 
1038 18.897736 0.000000 6.080953 99.884249 -0.291464 8.370858 -0.004702 
1039 20.239096 0.000000 6.080953 99.882005 -0.307931 8.246860 -0.004452 
1040 18.897736 0.000000 7.382937 99.779591 -0.224910 9.360896 -0.004364 
1041 15.544336 0.000000 4.127976 100.060420 -0.568163 6.755381 -0.005805 
1042 16.215016 0.000000 4.127976 100.052036 -0.605850 6.728041 -0.005604 
1043 15.544336 0.000000 4.778968 100.024696 -0.380361 7.418129 -0.006011 
1044 7.496176 0.000000 5.429961 101.719431 -0.064899 8.628639 -0.042130 
1045 6.825495 0.000000 5.429961 102.070604 -0.046758 8.876149 -0.049720 
1046 7.496176 0.000000 6.080953 101.470981 -0.053996 9.365733 -0.038408 
1047 15.544336 0.000000 -1.079961 99.553644 0.601835 6.967938 0.004016 
1048 15.544336 0.000000 -1.730953 99.410083 0.453004 7.802568 0.005655 
1049 16.215016 0.000000 -1.079961 99.597244 0.599509 7.124492 0.002927 
1050 12.861616 0.000000 5.429961 100.181071 -0.244492 8.118469 -0.010222 
1051 13.532296 0.000000 5.429961 100.111289 -0.263944 8.096579 -0.008789 
1052 12.861616 0.000000 6.080953 100.149527 -0.202237 8.702813 -0.010571 
1053 14.202976 0.000000 5.429961 100.059093 -0.280469 8.080727 -0.007720 
1054 14.873656 0.000000 5.429961 100.014708 -0.292271 8.061646 -0.006802 
1055 14.202976 0.000000 6.080953 100.017699 -0.235081 8.663526 -0.007865 
1056 9.927391 0.000000 0.628894 97.954170 -0.381867 0.668382 0.040439 
1057 9.927391 0.000000 0.547520 97.928023 -0.276221 1.109550 0.040879 
1058 9.550133 0.000000 0.750955 100.214771 -0.077377 0.058777 -0.004301 
1059 9.550133 0.000000 0.710268 96.639307 -0.277591 0.355182 0.066064 
1060 9.592051 0.000000 0.750955 99.618520 -0.112843 0.000000 0.007614 
1061 21.580457 0.000000 6.080953 99.884817 -0.330533 8.110977 -0.004287 
1062 22.921817 0.000000 6.080953 99.895913 -0.345016 7.984260 -0.004306 
1063 21.580457 0.000000 7.382937 99.766933 -0.249039 9.150929 -0.003724 
1064 16.885696 0.000000 4.127976 100.047949 -0.647611 6.696331 -0.005485 
1065 17.556376 0.000000 4.127976 100.049202 -0.703933 6.665022 -0.005476 
1066 16.885696 0.000000 4.778968 99.998539 -0.405004 7.344198 -0.005381 
1067 18.227056 0.000000 4.127976 100.054505 -0.779783 6.646710 -0.005569 
1068 18.897736 0.000000 4.127976 100.047203 -0.867248 6.704711 -0.005515 
1069 18.227056 0.000000 4.778968 100.000992 -0.427881 7.217494 -0.005247 
1070 16.885696 0.000000 -1.079961 99.626255 0.594182 7.296026 0.002102 
1071 16.885696 0.000000 -1.730953 99.493113 0.452570 8.082447 0.003559 
1072 17.556376 0.000000 -1.079961 99.652425 0.587105 7.445591 0.001361 
1073 18.227056 0.000000 -1.079961 99.671053 0.576553 7.600372 0.000758 
1074 18.227056 0.000000 -1.730953 99.542945 0.448506 8.345059 0.002136 
1075 18.897736 0.000000 -1.079961 99.680169 0.569335 7.743457 0.000358 
1076 15.544336 0.000000 5.429961 99.983354 -0.306963 8.043358 -0.006146 
1077 16.215016 0.000000 5.429961 99.962086 -0.316235 8.003771 -0.005658 
1078 15.544336 0.000000 6.080953 99.947656 -0.255260 8.589686 -0.006338 
1079 16.885696 0.000000 5.429961 99.952214 -0.324352 7.951727 -0.005378 
1080 17.556376 0.000000 5.429961 99.947104 -0.333557 7.898890 -0.005193 
1081 16.885696 0.000000 6.080953 99.908479 -0.274320 8.509890 -0.005420 
1082 18.227056 0.000000 5.429961 99.942777 -0.341782 7.844123 -0.005021 
1083 18.897736 0.000000 5.429961 99.941301 -0.350770 7.800857 -0.004924 
1084 18.227056 0.000000 6.080953 99.887994 -0.289920 8.428448 -0.004873 
1 1 12 10 11 
2 11 10 14 6 
3 6 14 19 20 
4 20 19 22 4 
5 10 25 23 24 
6 24 23 27 14 
7 14 27 35 36 
8 36 35 38 19 
9 23 41 39 40 
10 40 39 43 27 
11 27 43 51 52 
12 52 51 54 35 
13 39 57 55 56 
14 56 55 59 43 
15 43 59 67 68 
16 68 67 70 51 
17 55 73 71 72 
18 72 71 75 59 
19 15 84 83 33 
20 84 17 85 83 
21 83 85 8 86 
22 33 83 86 18 
23 88 33 89 87 
24 87 89 18 90 
25 7 114 112 113 
26 114 16 115 112 
27 112 115 15 32 
28 113 112 32 13 
29 13 118 116 117 
30 118 32 119 116 
31 116 119 31 48 
32 117 116 48 26 
33 26 122 120 121 
34 122 48 123 120 
35 120 123 47 64 
36 121 120 64 42 
37 42 126 124 125 
38 126 64 127 124 
39 124 127 63 80 
40 125 124 80 58 
41 80 130 128 129 
42 130 63 131 128 
43 18 86 137 45 
44 86 8 138 137 
45 137 138 29 139 
46 45 137 139 28 
47 90 18 141 140 
48 140 141 45 142 
49 154 81 155 153 
50 153 155 106 156 
51 161 163 107 164 
52 162 161 164 82 
53 156 106 171 170 
54 170 171 66 172 
55 163 170 172 107 
56 174 153 175 173 
57 173 175 156 176 
58 177 179 163 180 
59 178 177 180 161 
60 176 156 187 186 
61 186 187 170 188 
62 179 186 188 163 
63 168 190 189 184 
64 190 173 191 189 
65 189 191 176 192 
66 184 189 192 103 
67 193 195 179 196 
68 194 193 196 177 
69 199 184 200 197 
70 197 200 103 201 
71 58 204 202 203 
72 204 80 129 202 
73 103 192 221 195 
74 192 176 222 221 
75 221 222 186 223 
76 195 221 223 179 
77 185 201 224 225 
78 201 103 226 224 
79 224 226 195 227 
80 225 224 227 193 
81 230 197 231 228 
82 228 231 201 232 
83 229 228 232 185 
84 59 75 233 234 
85 234 233 235 67 
86 239 162 82 241 
87 240 239 241 111 
88 242 178 161 244 
89 243 242 244 162 
90 245 194 177 247 
91 246 245 247 178 
92 169 220 248 249 
93 220 185 225 248 
94 248 225 193 250 
95 249 248 250 194 
96 217 253 251 252 
97 251 229 185 254 
98 252 251 254 220 
99 129 257 255 256 
100 257 128 258 255 
101 255 258 105 134 
102 256 255 134 79 
103 134 261 259 260 
104 261 105 262 259 
105 259 262 135 167 
106 260 259 167 132 
107 167 265 263 264 
108 265 135 266 263 
109 263 266 168 183 
110 264 263 183 165 
111 183 269 267 268 
112 269 168 270 267 
113 267 270 184 199 
114 268 267 199 181 
115 181 273 271 272 
116 273 199 274 271 
117 271 274 197 230 
118 198 277 275 276 
119 277 230 278 275 
120 275 278 228 279 
121 276 275 279 229 
122 165 282 280 281 
123 282 183 268 280 
124 280 268 181 219 
125 281 280 219 182 
126 219 285 283 284 
127 285 181 272 283 
128 284 283 253 217 
129 253 288 286 287 
130 286 276 229 289 
131 287 286 289 251 
132 283 292 290 291 
133 292 272 293 290 
134 290 293 198 288 
135 291 290 288 253 
136 288 296 294 295 
137 296 198 297 294 
138 294 297 276 298 
139 295 294 298 286 
140 305 217 252 303 
141 303 252 220 306 
142 304 303 306 169 
143 216 302 307 308 
144 302 169 249 307 
145 307 249 194 309 
146 308 307 309 245 
147 299 312 310 311 
148 312 218 304 310 
149 310 304 169 313 
150 311 310 313 302 
151 182 316 314 315 
152 316 219 284 314 
153 314 284 217 305 
154 315 314 305 218 
155 218 319 317 318 
156 319 305 320 317 
157 317 320 303 321 
158 318 317 321 304 
159 214 328 326 327 
160 328 213 300 326 
161 326 300 216 329 
162 327 326 329 136 
163 300 332 330 331 
164 332 299 311 330 
165 330 311 302 333 
166 331 330 333 216 
167 334 246 178 336 
168 335 334 336 242 
169 322 339 337 338 
170 339 214 327 337 
171 337 327 136 340 
172 338 337 340 325 
173 323 351 349 350 
174 351 322 338 349 
175 349 338 325 352 
176 350 349 352 212 
177 353 243 162 355 
178 354 353 355 239 
179 356 335 242 358 
180 357 356 358 243 
181 345 361 359 360 
182 361 323 350 359 
183 359 350 212 362 
184 360 359 362 348 
185 369 345 360 367 
186 367 360 348 370 
187 371 357 243 373 
188 372 371 373 353 
189 104 370 378 379 
190 370 348 380 378 
191 378 380 356 381 
192 379 378 381 357 
193 368 384 382 383 
194 384 367 385 382 
195 382 385 370 386 
196 383 382 386 104 
197 71 389 387 388 
198 389 74 109 387 
199 387 109 5 390 
200 388 387 390 75 
201 74 393 391 392 
202 393 110 206 391 
203 391 206 108 394 
204 392 391 394 109 
205 206 397 395 396 
206 396 395 398 108 
207 109 394 407 408 
208 394 108 240 407 
209 407 240 111 409 
210 408 407 409 5 
211 108 398 410 411 
212 410 354 239 412 
213 411 410 412 240 
214 413 372 353 415 
215 414 413 415 354 
216 344 406 416 417 
217 406 366 418 416 
218 416 418 371 419 
219 417 416 419 372 
220 403 422 420 421 
221 420 423 366 424 
222 421 420 424 406 
223 202 427 425 426 
224 427 129 256 425 
225 425 256 79 207 
226 426 425 207 110 
227 207 430 428 429 
228 430 79 431 428 
229 428 431 133 343 
230 429 428 343 205 
231 343 434 432 433 
232 434 133 435 432 
233 432 435 210 365 
234 433 432 365 341 
235 341 438 436 437 
236 438 365 439 436 
237 436 439 363 405 
238 437 436 405 364 
239 405 442 440 441 
240 442 363 443 440 
241 440 443 375 422 
242 441 440 422 403 
243 366 377 444 418 
244 377 104 379 444 
245 444 379 357 445 
246 418 444 445 371 
247 375 447 446 423 
248 447 374 448 446 
249 446 448 377 449 
250 423 446 449 366 
251 422 452 450 451 
252 452 375 453 450 
253 450 453 423 454 
254 451 450 454 420 
255 404 461 459 460 
256 461 403 421 459 
257 459 421 406 462 
258 460 459 462 344 
259 402 458 463 464 
260 458 344 417 463 
261 463 417 372 465 
262 464 463 465 413 
263 455 468 466 467 
264 468 404 460 466 
265 466 460 344 469 
266 467 466 469 458 
267 395 472 470 471 
268 472 342 400 470 
269 470 400 208 473 
270 471 470 473 398 
271 400 476 474 475 
272 475 474 477 208 
273 478 467 458 481 
274 479 478 481 402 
275 205 484 482 483 
276 484 343 433 482 
277 482 433 341 401 
278 483 482 401 342 
279 401 487 485 486 
280 487 341 437 485 
281 485 437 364 457 
282 486 485 457 399 
283 399 490 488 489 
284 490 457 491 488 
285 480 494 492 493 
286 494 455 495 492 
287 492 495 467 496 
288 493 492 496 478 
289 398 473 497 498 
290 473 208 414 497 
291 497 414 354 499 
292 498 497 499 410 
293 208 477 500 501 
294 477 402 464 500 
295 500 464 413 502 
296 501 500 502 414 
297 474 505 503 504 
298 503 479 402 506 
299 504 503 506 477 
300 456 509 507 508 
301 509 480 493 507 
302 507 493 478 510 
303 508 507 510 479 
304 342 513 511 512 
305 513 401 486 511 
306 511 486 399 476 
307 512 511 476 400 
308 476 516 514 515 
309 516 399 489 514 
310 515 514 505 474 
311 505 519 517 518 
312 517 508 479 520 
313 518 517 520 503 
314 514 523 521 522 
315 523 489 524 521 
316 521 524 456 519 
317 522 521 519 505 
318 519 527 525 526 
319 527 456 528 525 
320 525 528 508 529 
321 526 525 529 517 
322 21 46 530 531 
323 46 28 532 530 
324 530 532 30 533 
325 531 530 533 9 
326 37 62 534 535 
327 62 44 536 534 
328 534 536 46 537 
329 535 534 537 21 
330 53 78 538 539 
331 78 60 540 538 
332 538 540 62 541 
333 539 538 541 37 
334 69 102 542 543 
335 102 76 544 542 
336 542 544 78 545 
337 543 542 545 53 
338 546 548 76 549 
339 547 546 549 102 
340 82 164 555 556 
341 164 107 557 555 
342 562 159 563 561 
343 561 563 101 564 
344 107 172 570 557 
345 172 66 571 570 
346 570 571 159 562 
347 555 574 572 573 
348 574 557 575 572 
349 577 562 578 576 
350 576 578 561 579 
351 106 586 585 171 
352 586 149 587 585 
353 585 587 152 588 
354 171 585 588 66 
355 598 151 599 597 
356 597 599 98 600 
357 587 597 600 152 
358 64 602 601 127 
359 602 47 603 601 
360 601 603 65 96 
361 127 601 96 63 
362 63 605 604 131 
363 605 96 606 604 
364 150 609 607 608 
365 609 95 610 607 
366 607 610 151 598 
367 608 607 598 149 
368 149 613 611 612 
369 613 598 614 611 
370 611 614 597 615 
371 612 611 615 587 
372 151 623 622 599 
373 623 593 624 622 
374 622 624 596 625 
375 599 622 625 98 
376 593 631 630 624 
377 631 595 632 630 
378 630 632 50 633 
379 624 630 633 596 
380 634 635 616 636 
381 595 638 637 632 
382 638 626 639 637 
383 632 637 640 50 
384 49 642 641 93 
385 642 87 643 641 
386 641 643 90 644 
387 93 641 644 34 
388 91 646 645 591 
389 646 93 647 645 
390 645 647 34 648 
391 591 645 648 94 
392 589 650 649 628 
393 650 591 651 649 
394 649 651 94 652 
395 628 649 652 592 
396 626 654 653 639 
397 654 628 655 653 
398 653 655 592 656 
399 639 653 656 629 
400 50 640 657 658 
401 640 629 659 657 
402 657 659 634 660 
403 658 657 660 620 
404 637 663 661 662 
405 663 639 664 661 
406 661 664 629 665 
407 662 661 665 640 
408 557 667 666 575 
409 667 570 668 666 
410 666 668 562 577 
411 572 671 669 670 
412 671 575 672 669 
413 674 577 675 673 
414 673 675 576 676 
415 682 547 102 684 
416 683 682 684 69 
417 236 687 685 686 
418 687 158 551 685 
419 685 551 99 688 
420 686 685 688 238 
421 158 691 689 690 
422 691 552 566 689 
423 689 566 550 692 
424 690 689 692 551 
425 552 695 693 694 
426 695 567 581 693 
427 693 581 565 696 
428 694 693 696 566 
429 567 699 697 698 
430 698 697 700 581 
431 575 702 701 672 
432 702 666 703 701 
433 701 703 577 674 
434 669 706 704 705 
435 706 672 707 704 
436 704 707 157 679 
437 705 704 679 582 
438 582 710 708 709 
439 710 679 711 708 
440 111 241 713 714 
441 241 82 556 713 
442 713 556 158 687 
443 714 713 687 236 
444 556 717 715 716 
445 717 555 573 715 
446 715 573 552 691 
447 716 715 691 158 
448 573 720 718 719 
449 720 572 670 718 
450 718 670 567 695 
451 719 718 695 552 
452 670 723 721 722 
453 723 669 705 721 
454 721 705 582 699 
455 722 721 699 567 
456 699 726 724 725 
457 726 582 709 724 
458 724 709 678 727 
459 725 724 727 697 
460 99 554 728 729 
461 554 160 730 728 
462 728 730 546 731 
463 729 728 731 547 
464 550 569 732 733 
465 569 553 734 732 
466 732 734 160 735 
467 733 732 735 554 
468 565 584 736 737 
469 584 568 738 736 
470 736 738 553 739 
471 737 736 739 569 
472 580 681 740 741 
473 681 583 742 740 
474 740 742 568 743 
475 741 740 743 584 
476 744 746 681 747 
477 745 744 747 580 
478 709 750 748 749 
479 750 708 751 748 
480 749 748 752 678 
481 157 754 753 680 
482 754 674 755 753 
483 753 755 673 756 
484 680 753 756 583 
485 679 758 757 711 
486 758 157 759 757 
487 757 759 680 760 
488 711 757 760 677 
489 708 762 761 751 
490 762 711 763 761 
491 761 763 677 764 
492 751 761 764 712 
493 581 700 765 766 
494 700 580 741 765 
495 765 741 584 767 
496 766 765 767 565 
497 697 727 768 769 
498 727 678 745 768 
499 768 745 580 770 
500 769 768 770 700 
501 678 752 771 772 
502 752 712 773 771 
503 771 773 744 774 
504 772 771 774 745 
505 748 777 775 776 
506 777 751 778 775 
507 775 778 712 779 
508 776 775 779 752 
509 12 782 780 781 
510 782 7 113 780 
511 780 113 13 25 
512 781 780 25 10 
513 16 784 783 115 
514 784 2 785 783 
515 783 785 17 84 
516 115 783 84 15 
517 19 38 786 787 
518 38 21 531 786 
519 786 531 9 788 
520 787 786 788 22 
521 25 791 789 790 
522 791 13 117 789 
523 789 117 26 41 
524 790 789 41 23 
525 28 139 792 532 
526 139 29 793 792 
527 792 793 3 794 
528 532 792 794 30 
529 32 796 795 119 
530 796 15 797 795 
531 795 797 33 88 
532 119 795 88 31 
533 35 54 798 799 
534 54 37 535 798 
535 798 535 21 800 
536 799 798 800 38 
537 41 803 801 802 
538 803 26 121 801 
539 801 121 42 57 
540 802 801 57 39 
541 44 142 804 536 
542 142 45 805 804 
543 804 805 28 806 
544 536 804 806 46 
545 48 808 807 123 
546 808 31 809 807 
547 807 809 49 92 
548 123 807 92 47 
549 51 70 810 811 
550 70 53 539 810 
551 810 539 37 812 
552 811 810 812 54 
553 57 815 813 814 
554 815 42 125 813 
555 813 125 58 73 
556 814 813 73 55 
557 60 145 816 540 
558 145 61 817 816 
559 816 817 44 818 
560 540 816 818 62 
561 67 235 819 820 
562 235 69 543 819 
563 819 543 53 821 
564 820 819 821 70 
565 73 824 822 823 
566 824 58 203 822 
567 822 203 74 389 
568 823 822 389 71 
569 76 148 825 544 
570 148 77 826 825 
571 825 826 60 827 
572 544 825 827 78 
573 31 829 828 809 
574 829 88 830 828 
575 828 830 87 642 
576 809 828 642 49 
577 47 832 831 603 
578 832 92 833 831 
579 831 833 91 590 
580 603 831 590 65 
581 92 835 834 833 
582 835 49 836 834 
583 834 836 93 646 
584 833 834 646 91 
585 96 838 837 606 
586 838 65 839 837 
587 128 841 840 258 
588 841 131 842 840 
589 840 842 81 154 
590 258 840 154 105 
591 79 844 843 431 
592 844 134 260 843 
593 843 260 132 211 
594 431 843 211 133 
595 34 644 845 144 
596 644 90 846 845 
597 845 846 140 847 
598 144 845 847 61 
599 61 847 848 817 
600 847 140 849 848 
601 848 849 142 850 
602 817 848 850 44 
603 94 648 851 617 
604 648 34 852 851 
605 851 852 144 853 
606 617 851 853 143 
607 77 618 854 826 
608 618 143 855 854 
609 854 855 145 856 
610 826 854 856 60 
611 857 858 148 859 
612 548 857 859 76 
613 81 861 860 155 
614 861 150 608 860 
615 860 608 149 586 
616 155 860 586 106 
617 105 863 862 262 
618 863 154 864 862 
619 862 864 153 174 
620 262 862 174 135 
621 132 867 865 866 
622 867 167 264 865 
623 865 264 165 215 
624 866 865 215 166 
625 135 869 868 266 
626 869 174 870 868 
627 868 870 173 190 
628 266 868 190 168 
629 203 873 871 872 
630 873 202 426 871 
631 871 426 110 393 
632 872 871 393 74 
633 110 876 874 875 
634 876 207 429 874 
635 874 429 205 397 
636 875 874 397 206 
637 133 878 877 435 
638 878 211 879 877 
639 877 879 209 347 
640 435 877 347 210 
641 211 881 880 879 
642 881 132 866 880 
643 880 866 166 324 
644 879 880 324 209 
645 215 884 882 883 
646 884 165 281 882 
647 882 281 182 301 
648 883 882 301 213 
649 75 390 885 886 
650 390 5 237 885 
651 885 237 100 887 
652 886 885 887 233 
653 233 887 888 889 
654 887 100 683 888 
655 888 683 69 890 
656 889 888 890 235 
657 5 409 891 892 
658 409 111 714 891 
659 891 714 236 893 
660 892 891 893 237 
661 237 893 894 895 
662 893 236 686 894 
663 894 686 238 896 
664 895 894 896 100 
665 136 329 897 898 
666 329 216 308 897 
667 897 308 245 899 
668 898 897 899 246 
669 272 901 900 293 
670 901 271 902 900 
671 900 902 230 277 
672 293 900 277 198 
673 301 905 903 904 
674 905 182 315 903 
675 903 315 218 312 
676 904 903 312 299 
677 325 340 906 907 
678 340 136 898 906 
679 906 898 246 908 
680 907 906 908 334 
681 348 362 909 380 
682 362 212 910 909 
683 909 910 335 911 
684 380 909 911 356 
685 365 913 912 439 
686 913 210 914 912 
687 912 914 346 376 
688 439 912 376 363 
689 363 916 915 443 
690 916 376 917 915 
691 915 917 374 447 
692 443 915 447 375 
693 374 919 918 448 
694 919 368 383 918 
695 918 383 104 920 
696 448 918 920 377 
697 397 923 921 922 
698 923 205 483 921 
699 921 483 342 472 
700 922 921 472 395 
701 364 926 924 925 
702 926 405 441 924 
703 924 441 403 461 
704 925 924 461 404 
705 457 928 927 491 
706 928 364 925 927 
707 927 925 404 468 
708 491 927 468 455 
709 489 930 929 524 
710 930 488 931 929 
711 929 931 480 509 
712 524 929 509 456 
713 160 564 932 730 
714 564 101 933 932 
715 932 933 548 934 
716 730 932 934 546 
717 551 692 935 936 
718 692 550 733 935 
719 935 733 554 937 
720 936 935 937 99 
721 66 588 938 571 
722 588 152 939 938 
723 938 939 558 940 
724 571 938 940 159 
725 152 600 941 939 
726 600 98 942 941 
727 941 942 559 943 
728 939 941 943 558 
729 159 940 944 563 
730 940 558 945 944 
731 944 945 560 946 
732 563 944 946 101 
733 553 579 947 734 
734 579 561 948 947 
735 947 948 564 949 
736 734 947 949 160 
737 566 696 950 951 
738 696 565 737 950 
739 950 737 569 952 
740 951 950 952 550 
741 568 676 953 738 
742 676 576 954 953 
743 953 954 579 955 
744 738 953 955 553 
745 65 957 956 839 
746 957 590 958 956 
747 956 958 589 627 
748 590 960 959 958 
749 960 91 961 959 
750 959 961 591 650 
751 958 959 650 589 
752 95 963 962 610 
753 963 594 964 962 
754 962 964 593 623 
755 610 962 623 151 
756 594 966 965 964 
757 966 97 967 965 
758 965 967 595 631 
759 964 965 631 593 
760 131 969 968 842 
761 969 604 970 968 
762 968 970 150 861 
763 842 968 861 81 
764 592 652 971 635 
765 652 94 972 971 
766 971 972 617 973 
767 635 971 973 616 
768 98 625 974 942 
769 625 596 975 974 
770 974 975 619 976 
771 942 974 976 559 
772 596 633 977 975 
773 633 50 658 977 
774 977 658 620 978 
775 975 977 978 619 
776 97 980 979 967 
777 980 627 981 979 
778 979 981 626 638 
779 967 979 638 595 
780 627 983 982 981 
781 983 589 984 982 
782 982 984 628 654 
783 981 982 654 626 
784 629 656 985 659 
785 656 592 986 985 
786 985 986 635 987 
787 659 985 987 634 
788 583 756 988 742 
789 756 673 989 988 
790 988 989 676 990 
791 742 988 990 568 
792 677 760 991 746 
793 760 680 992 991 
794 991 992 583 993 
795 746 991 993 681 
796 238 688 994 995 
797 688 99 729 994 
798 994 729 547 996 
799 995 994 996 682 
800 672 998 997 707 
801 998 701 999 997 
802 997 999 674 754 
803 707 997 754 157 
804 712 764 1000 773 
805 764 677 1001 1000 
806 1000 1001 746 1002 
807 773 1000 1002 744 
808 143 853 1003 855 
809 853 144 1004 1003 
810 1003 1004 61 1005 
811 855 1003 1005 145 
812 1006 1007 77 1008 
813 858 1006 1008 148 
814 166 1011 1009 1010 
815 1011 215 883 1009 
816 1009 883 213 328 
817 1010 1009 328 214 
818 213 1014 1012 1013 
819 1014 301 904 1012 
820 1012 904 299 332 
821 1013 1012 332 300 
822 324 1017 1015 1016 
823 1017 166 1010 1015 
824 1015 1010 214 339 
825 1016 1015 339 322 
826 212 352 1018 910 
827 352 325 907 1018 
828 1018 907 334 1019 
829 910 1018 1019 335 
830 210 1021 1020 914 
831 1021 347 1022 1020 
832 1020 1022 345 369 
833 914 1020 369 346 
834 347 1024 1023 1022 
835 1024 209 1025 1023 
836 1023 1025 323 361 
837 1022 1023 361 345 
838 376 1027 1026 917 
839 1027 346 1028 1026 
840 1026 1028 368 919 
841 917 1026 919 374 
842 488 1030 1029 931 
843 1030 491 1031 1029 
844 1029 1031 455 494 
845 931 1029 494 480 
846 558 943 1032 945 
847 943 559 1033 1032 
848 1032 1033 146 1034 
849 945 1032 1034 560 
850 604 1036 1035 970 
851 1036 606 1037 1035 
852 1035 1037 95 609 
853 970 1035 609 150 
854 636 616 1039 1038 
855 1038 1039 618 1040 
856 1007 1038 1040 77 
857 559 976 1041 1033 
858 976 619 1042 1041 
859 1041 1042 621 1043 
860 1033 1041 1043 146 
861 100 896 1044 1045 
862 896 238 995 1044 
863 1044 995 682 1046 
864 1045 1044 1046 683 
865 606 1048 1047 1037 
866 1048 837 1049 1047 
867 1047 1049 594 963 
868 1037 1047 963 95 
869 101 946 1050 933 
870 946 560 1051 1050 
871 1050 1051 857 1052 
872 933 1050 1052 548 
873 560 1034 1053 1051 
874 1034 146 1054 1053 
875 1053 1054 858 1055 
876 1051 1053 1055 857 
877 209 1057 1056 1025 
878 1057 324 1016 1056 
879 1056 1016 322 351 
880 1025 1056 351 323 
881 346 1059 1058 1028 
882 1059 369 1060 1058 
883 1058 1060 367 384 
884 1028 1058 384 368 
885 616 973 1061 1039 
886 973 617 1062 1061 
887 1061 1062 143 1063 
888 1039 1061 1063 618 
889 619 978 1064 1042 
890 978 620 1065 1064 
891 1064 1065 147 1066 
892 1042 1064 1066 621 
893 620 660 1067 1065 
894 660 634 1068 1067 
895 1067 1068 636 1069 
896 1065 1067 1069 147 
897 837 1071 1070 1049 
898 1071 839 1072 1070 
899 1070 1072 97 966 
900 1049 1070 966 594 
901 839 1074 1073 1072 
902 1074 956 1075 1073 
903 1073 1075 627 980 
904 1072 1073 980 97 
905 146 1043 1076 1054 
906 1043 621 1077 1076 
907 1076 1077 1006 1078 
908 1054 1076 1078 858 
909 621 1066 1079 1077 
910 1066 147 1080 1079 
911 1079 1080 1007 1081 
912 1077 1079 1081 1006 
913 147 1069 1082 1080 
914 1069 636 1083 1082 
915 1082 1083 1038 1084 
916 1080 1082 1084 1007 
