Force Coefficients for group 0 --> C:/Users/alphamale/Downloads/OpenVSP-3.51.2-win64-Python3.13/Analysis/04_Clean_Aero/00_G0_Clean_Lifting/Tyche_R2T1_CA_G0 

      Time              Cx               Cy               Cz               Cxo              Cyo              Czo              Cxi              Cyi              Czi              Cmx              Cmy              Cmz             Cmxo            Cmyo              Cmzo             Cmxi             Cmyi             Cmzi              CL               CD               CS              CLo              CDo              CSo              CLi               CDi             CSi              Cwx              Cwy              Cwz              Cxiw             Cyiw             Cziw             CLw              CDw              CSw               CLiw            CDiw             CSiw
  1.000000000000   0.007700448796  -0.000000000000  -0.000130558593   0.007700448796  -0.000000000000  -0.000130558593   0.000000000000   0.000000000000   0.000000000000   0.000000000000   0.004352786357  -0.000000115961   0.000000000000   0.004352786357  -0.000000115961   0.000000000000   0.000000000000   0.000000000000  -0.001465744016   0.007560790415  -0.000000000000  -0.001465744016   0.007560790415  -0.000000000000   0.000000000000   0.000000000000   0.000000000000   0.007700448796  -0.000000000000  -0.000130558593   0.000000000000   0.000000000000   0.000000000000  -0.001465744016   0.007560790415  -0.000000000000   0.000000000000   0.000000000000   0.000000000000 
  2.000000000000  -0.139234312257  -0.002608555613   1.415524838479   0.019332285851   0.000000039023  -0.000426698861  -0.158566598108  -0.002608594636   1.415951537340   0.002032687869  -0.246678765149  -0.000803038830  -0.000000304384   0.010457119744  -0.000020684014   0.002032992253  -0.257135884893  -0.000782354815   1.418197620108   0.108684278449  -0.002608555613  -0.003777232554   0.018964489510   0.000000039023   1.421974852662   0.089719788938  -0.002608594636  -0.162186927732  -0.003355866181   1.421700680708  -0.181519213583  -0.003355905204   1.422127379569   1.428265317266   0.087152788525  -0.003355866181   1.432042549821   0.068188299015  -0.003355905204 
  3.000000000000  -0.138873802965  -0.002256582116   1.411235501062   0.019338286773   0.000000027617  -0.000426941036  -0.158212089738  -0.002256609734   1.411662442097   0.001303069202  -0.241427230736  -0.000666085580  -0.000000182665   0.010460822626  -0.000011676827   0.001303251867  -0.251888053361  -0.000654408753   1.413910845582   0.108294475168  -0.002256582116  -0.003778513099   0.018970357211   0.000000027617   1.417689358682   0.089324117957  -0.002256609734  -0.161134406730  -0.003001172595   1.418533270788  -0.180472693503  -0.003001200213   1.418960211824   1.424963259066   0.087639304407  -0.003001172595   1.428741772166   0.068668947196  -0.003001200213 
  4.000000000000  -0.138288440208  -0.001729747814   1.405615741399   0.019292599928   0.000000022568  -0.000425801919  -0.157581040136  -0.001729770381   1.406041543318   0.001200776523  -0.228958522274  -0.000493201751  -0.000000153865   0.010439539871  -0.000010324016   0.001200930388  -0.239398062145  -0.000482877735   1.408274815520   0.107895083925  -0.001729747814  -0.003769457851   0.018925562258   0.000000022568   1.412044273371   0.088969521667  -0.001729770381  -0.160510979319  -0.002379898429   1.412486659941  -0.179803579247  -0.002379920997   1.412912461860   1.418900252790   0.087203277601  -0.002379898429   1.422669710641   0.068277715343  -0.002379920997 
  5.000000000000  -0.138242072877  -0.001419372438   1.399827777037   0.019260132412   0.000000020658  -0.000425354648  -0.157502205289  -0.001419393096   1.400253131685   0.001048594424  -0.219066118434  -0.000395515144  -0.000000137265   0.010422881458  -0.000009034289   0.001048731688  -0.229488999891  -0.000386480854   1.402566731740   0.106935677369  -0.001419372438  -0.003763379450   0.018893665664   0.000000020658   1.406330111190   0.088042011704  -0.001419393096  -0.160106877350  -0.001975563775   1.407845567446  -0.179367009763  -0.001975584433   1.408270922094   1.414259497349   0.086795323098  -0.001975563775   1.418022876799   0.067901657434  -0.001975584433 
  6.000000000000  -0.138004743131  -0.001337781006   1.397828940791   0.019240681214   0.000000019365  -0.000425062949  -0.157245424345  -0.001337800371   1.398254003739   0.000989764223  -0.214150715556  -0.000371587995  -0.000000129164   0.010412837222  -0.000008482671   0.000989893387  -0.224563552778  -0.000363105324   1.400557050430   0.106822307270  -0.001337781006  -0.003759714517   0.018874560626   0.000000019365   1.404316764947   0.087947746644  -0.001337800371  -0.159919493142  -0.001863119748   1.404283020596  -0.179160174355  -0.001863139114   1.404708083545   1.410718534664   0.086361230751  -0.001863119748   1.414478249181   0.067486670125  -0.001863139114 
  7.000000000000  -0.137839965410  -0.001356069291   1.397865756428   0.019241271286   0.000000019580  -0.000425021279  -0.157081236696  -0.001356088870   1.398290777706   0.001000758676  -0.212428535524  -0.000375526503  -0.000000130130   0.010413770727  -0.000008475314   0.001000888806  -0.222842306251  -0.000367051189   1.400564693404   0.106990974616  -0.001356069291  -0.003759775945   0.018875148969   0.000000019580   1.404324469349   0.088115825646  -0.001356088870  -0.159992981049  -0.001838547298   1.404877480421  -0.179234252335  -0.001838566878   1.405302501700   1.411316724350   0.086392086156  -0.001838547298   1.415076500295   0.067516937186  -0.001838566878 
  8.000000000000  -0.137697541005  -0.001324916741   1.396627270990   0.019229956816   0.000000019257  -0.000424870480  -0.156927497821  -0.001324935998   1.397052141471   0.000950350430  -0.211935702187  -0.000368188233  -0.000000126884   0.010407289348  -0.000008162998   0.000950477314  -0.222342991535  -0.000360025235   1.399320291604   0.106916174535  -0.001324916741  -0.003757662701   0.018864032578   0.000000019257   1.403077954305   0.088052141957  -0.001324935998  -0.159736313067  -0.001832552150   1.403018082673  -0.178966269883  -0.001832571407   1.403442953153   1.409441005104   0.086321973744  -0.001832552150   1.413198667805   0.067457941166  -0.001832571407 
  9.000000000000  -0.138051038378  -0.001346858945   1.397161054007   0.019232904553   0.000000019538  -0.000424831146  -0.157283942932  -0.001346878483   1.397585885153   0.000992007055  -0.211782546075  -0.000376395246  -0.000000130121   0.010409421729  -0.000008559709   0.000992137175  -0.222191967804  -0.000367835538   1.399907349432   0.106660738029  -0.001346858945  -0.003758135833   0.018866942363   0.000000019538   1.403665485265   0.087793795666  -0.001346878483  -0.160561641799  -0.001840307456   1.404483158272  -0.179794546352  -0.001840326994   1.404907989418   1.411027139743   0.085763591318  -0.001840307456   1.414785275576   0.066896648955  -0.001840326994 
 10.000000000000  -0.137971387508  -0.001363148773   1.398854303687   0.019260404088   0.000000019885  -0.000425216952  -0.157231791596  -0.001363168658   1.399279520639   0.000971570704  -0.212219017356  -0.000382486071  -0.000000131497   0.010425205624  -0.000008479958   0.000971702201  -0.222644222980  -0.000374006113   1.401561043617   0.107033208545  -0.001363148773  -0.003763291022   0.018893957123   0.000000019885   1.405324334639   0.088139251422  -0.001363168658  -0.160104147241  -0.001868274302   1.405902207192  -0.179364551329  -0.001868294186   1.406327424143   1.412345187025   0.086460550765  -0.001868274302   1.416108478046   0.067566593641  -0.001868294186 
 11.000000000000  -0.138100897854  -0.001359716033   1.398073921863   0.019250090413   0.000000019683  -0.000425194953  -0.157350988266  -0.001359735716   1.398499116816   0.000967266222  -0.212936318116  -0.000367372336  -0.000000129225   0.010418529861  -0.000008321931   0.000967395447  -0.223354847977  -0.000359050405   1.400815006781   0.106770153871  -0.001359716033  -0.003761478407   0.018883803956   0.000000019683   1.404576485187   0.087886349915  -0.001359735716  -0.159971260325  -0.001879515404   1.404932294684  -0.179221350738  -0.001879535087   1.405357489638   1.411366934097   0.086422995290  -0.001879515404   1.415128412503   0.067539191334  -0.001879535087 
 12.000000000000  -0.138051270875  -0.001364360334   1.396889251096   0.019244114708   0.000000020179  -0.000425050246  -0.157295385582  -0.001364380513   1.397314301342   0.001001780840  -0.212180871075  -0.000374239269  -0.000000134253   0.010415464751  -0.000008722882   0.001001915093  -0.222596335826  -0.000365516388   1.399639716191   0.106613310985  -0.001364360334  -0.003760298227   0.018877944163   0.000000020179   1.403400014418   0.087735366821  -0.001364380513  -0.159834030037  -0.001866281579   1.403557355138  -0.179078144745  -0.001866301758   1.403982405383   1.409989053182   0.086319384995  -0.001866281579   1.413749351409   0.067441440831  -0.001866301758 
 13.000000000000  -0.137923598190  -0.001361737527   1.397840355341   0.019244867624   0.000000020294  -0.000424977122  -0.157168465814  -0.001361757821   1.398265332464   0.000980829234  -0.211962626474  -0.000371777087  -0.000000134111   0.010416383381  -0.000008702150   0.000980963345  -0.222379009855  -0.000363074938   1.400554200897   0.106904201553  -0.001361737527  -0.003760356957   0.018878698339   0.000000020294   1.404314557854   0.088025503214  -0.001361757821  -0.159945837839  -0.001875369437   1.404513211568  -0.179190705463  -0.001875389731   1.404938188690   1.410949803226   0.086375258532  -0.001875369437   1.414710160184   0.067496560193  -0.001875389731 
 14.000000000000  -0.137827915624  -0.001401160401   1.397079788532   0.019237415725   0.000000020326  -0.000424887295  -0.157065331349  -0.001401180727   1.397504675827   0.000966642342  -0.211467270312  -0.000391328914  -0.000000131976   0.010412114346  -0.000008415181   0.000966774318  -0.221879384658  -0.000382913734   1.399788573703   0.106866359446  -0.001401160401  -0.003758974486   0.018871375249   0.000000020326   1.403547548189   0.087994984197  -0.001401180727  -0.159951578203  -0.001894170381   1.403832471292  -0.179188993928  -0.001894190707   1.404257358587   1.410280401729   0.086251396068  -0.001894170381   1.414039376215   0.067380020819  -0.001894190707 
 15.000000000000  -0.137835726373  -0.001374559016   1.397621683228   0.019239676487   0.000000019700  -0.000424898835  -0.157075402860  -0.001374578716   1.398046582063   0.000972872818  -0.211545173426  -0.000386939103  -0.000000129928   0.010413505927  -0.000008431031   0.000973002746  -0.221958679353  -0.000378508072   1.400323592123   0.106952766386  -0.001374559016  -0.003759378428   0.018873599661   0.000000019700   1.404082970551   0.088079166725  -0.001374578716  -0.160215641814  -0.001871811364   1.404245087537  -0.179455318301  -0.001871831063   1.404669986373   1.410732603571   0.086062994236  -0.001871811364   1.414491981999   0.067189394575  -0.001871831063 
 16.000000000000  -0.137941530709  -0.001376875097   1.397489576129   0.019245458963   0.000000019925  -0.000425067156  -0.157186989672  -0.001376895021   1.397914643284   0.000979709146  -0.212111307278  -0.000385841363  -0.000000131050   0.010416292242  -0.000008469944   0.000979840196  -0.222527599520  -0.000377371419   1.400211864757   0.106825629299  -0.001376875097  -0.003760548308   0.018879265060   0.000000019925   1.403972413065   0.087946364239  -0.001376895021  -0.160055065793  -0.001891733770   1.404819657771  -0.179300524756  -0.001891753694   1.405244724927   1.411270561058   0.086320903821  -0.001891733770   1.415031109366   0.067441638761  -0.001891753694 
 17.000000000000  -0.137859866783  -0.001358838078   1.396726037835   0.019239016479   0.000000019694  -0.000424937078  -0.157098883262  -0.001358857772   1.397150974912   0.000976885389  -0.212034748827  -0.000377379543  -0.000000129966   0.010412736503  -0.000008423980   0.000977015355  -0.222447485330  -0.000368955563   1.399445745534   0.106773465533  -0.001358838078  -0.003759301481   0.018872943040   0.000000019694   1.403205047014   0.087900522493  -0.001358857772  -0.159401303832  -0.001856421843   1.404041101803  -0.178640320311  -0.001856441537   1.404466038881   1.410390308531   0.086829538844  -0.001856421843   1.414149610012   0.067956595804  -0.001856441537 
 18.000000000000  -0.137718316930  -0.001319801839   1.396943722327   0.019228239480   0.000000019215  -0.000424705750  -0.156946556410  -0.001319821053   1.397368428077   0.000960957376  -0.211518207409  -0.000374645897  -0.000000126842   0.010407045477  -0.000008251662   0.000961084218  -0.221925252886  -0.000366394235   1.399635543035   0.106950665441  -0.001319801839  -0.003757202260   0.018862369937   0.000000019215   1.403392745296   0.088088295504  -0.001319821053  -0.160059639030  -0.001844977913   1.402971841786  -0.179287878510  -0.001844997127   1.403396547536   1.409451611685   0.085995530183  -0.001844977913   1.413208813945   0.067133160246  -0.001844997127 
 19.000000000000  -0.137655594100  -0.001322848034   1.396349887421   0.019231333053   0.000000019130  -0.000424731675  -0.156886927154  -0.001322867164   1.396774619096   0.000952574193  -0.211187754979  -0.000372336224  -0.000000126158   0.010408931016  -0.000008070899   0.000952700351  -0.221596685995  -0.000364265325   1.399039838111   0.106909317020  -0.001322848034  -0.003757764985   0.018865412010   0.000000019130   1.402797603096   0.088043905010  -0.001322867164  -0.159661277506  -0.001828128274   1.403178171355  -0.178892610559  -0.001828147405   1.403602903029   1.409585631890   0.086423668454  -0.001828128274   1.413343396875   0.067558256444  -0.001828147405 
 20.000000000000  -0.137896247244  -0.001324002791   1.397106904556   0.019238191355   0.000000019786  -0.000424850186  -0.157134438599  -0.001324022577   1.397531754742   0.000987177187  -0.211937512223  -0.000367787424  -0.000000130773   0.010412648008  -0.000008497302   0.000987307960  -0.222350160232  -0.000359290122   1.399827143435   0.106803774585  -0.001324002791  -0.003759072627   0.018872145540   0.000000019786   1.403586216062   0.087931629045  -0.001324022577  -0.159951495602  -0.001828750340   1.404220427547  -0.179189686957  -0.001828770126   1.404645277733   1.410662449713   0.086318845311  -0.001828750340   1.414421522340   0.067446699771  -0.001828770126 
