2 0.000000 100.000000 407.315828
890 751 
1 -79.021551 0.000000 -81.151989 99.937546 -0.005354 -3.489693 0.000031 
2 92.672542 0.000000 -81.151989 99.937515 -0.035750 -3.499409 0.000025 
3 92.672542 0.000000 85.501989 99.940135 0.031219 -3.497693 -0.000027 
4 -79.021551 0.000000 85.501989 99.940517 0.004889 -3.489693 -0.000028 
5 6.825495 0.000000 2.175000 100.428176 0.033507 -7.304805 -0.013918 
6 -79.021551 0.000000 2.175000 99.939069 -0.000167 -3.487901 0.000002 
7 6.825495 0.000000 -81.151989 99.934601 -0.019681 -3.494750 0.000086 
8 92.672542 0.000000 2.175000 99.916948 0.763461 -4.128637 -0.000102 
9 6.825495 0.000000 85.501989 99.943043 0.017835 -3.494199 -0.000082 
10 -36.098028 0.000000 -39.488495 99.932487 -0.010157 -3.488969 0.000133 
11 -79.021551 0.000000 -39.488495 99.937547 -0.003742 -3.488719 0.000032 
12 -36.098028 0.000000 -81.151989 99.935836 -0.010330 -3.490886 0.000064 
13 6.825495 0.000000 -39.488495 99.920977 -0.038249 -3.510951 0.000347 
14 -36.098028 0.000000 2.175000 99.939306 -0.000071 -3.481047 0.000002 
15 49.749019 0.000000 -39.488495 99.933209 -0.072256 -3.528023 0.000090 
16 49.749019 0.000000 -81.151989 99.936056 -0.029717 -3.498277 0.000055 
17 92.672542 0.000000 -39.488495 99.936588 -0.083040 -3.530498 0.000021 
18 49.749019 0.000000 2.175000 99.936873 1.569830 -3.573356 -0.000261 
19 -36.098028 0.000000 43.838495 99.945151 0.009373 -3.489109 -0.000121 
20 -79.021551 0.000000 43.838495 99.940533 0.003338 -3.488758 -0.000028 
21 6.825495 0.000000 43.838495 99.954255 0.033736 -3.507542 -0.000316 
22 -36.098028 0.000000 85.501989 99.942049 0.009478 -3.490797 -0.000060 
23 -14.636266 0.000000 -18.656747 99.909133 -0.018151 -3.486290 0.000601 
24 -36.098028 0.000000 -18.656747 99.932398 -0.006846 -3.484639 0.000137 
25 -14.636266 0.000000 -39.488495 99.925205 -0.019636 -3.494432 0.000274 
26 6.825495 0.000000 -18.656747 99.867822 -0.070720 -3.584545 0.001356 
27 -14.636266 0.000000 2.175000 99.942887 0.000709 -3.449556 -0.000048 
28 49.749019 0.000000 43.838495 99.942908 0.060836 -3.519538 -0.000098 
29 92.672542 0.000000 43.838495 99.939407 0.066379 -3.517626 -0.000026 
30 49.749019 0.000000 85.501989 99.941589 0.026476 -3.497104 -0.000055 
31 28.287257 0.000000 -18.656747 99.919192 -0.147218 -3.635958 0.000291 
32 28.287257 0.000000 -39.488495 99.927633 -0.059392 -3.524186 0.000204 
33 49.749019 0.000000 -18.656747 99.930052 -0.170949 -3.643182 0.000068 
34 28.287257 0.000000 2.175000 99.932856 1.057512 -3.746313 -0.000173 
35 -14.636266 0.000000 23.006747 99.965595 0.017220 -3.488124 -0.000529 
36 -36.098028 0.000000 23.006747 99.945548 0.006411 -3.485125 -0.000126 
37 6.825495 0.000000 23.006747 99.993259 0.060096 -3.561191 -0.001134 
38 -14.636266 0.000000 43.838495 99.951246 0.017929 -3.494030 -0.000246 
39 -3.905385 0.000000 -8.240874 99.794016 -0.028439 -3.475858 0.002907 
40 -14.636266 0.000000 -8.240874 99.908236 -0.011399 -3.465285 0.000634 
41 -3.905385 0.000000 -18.656747 99.877288 -0.034893 -3.513500 0.001218 
42 6.825495 0.000000 -8.240874 99.696180 -0.108649 -3.895201 0.004549 
43 -3.905385 0.000000 2.175000 99.991507 0.003565 -3.284914 -0.000909 
44 28.287257 0.000000 23.006747 99.951529 0.115451 -3.594863 -0.000324 
45 49.749019 0.000000 23.006747 99.940252 0.128078 -3.587652 -0.000094 
46 28.287257 0.000000 43.838495 99.948222 0.050944 -3.517747 -0.000202 
47 17.556376 0.000000 -8.240874 99.892432 -0.300777 -3.943101 0.000586 
48 17.556376 0.000000 -18.656747 99.899863 -0.117611 -3.626934 0.000685 
49 28.287257 0.000000 -8.240874 99.913320 -0.361891 -3.945618 0.000163 
50 17.556376 0.000000 2.175000 99.940376 1.284095 -3.856226 -0.000460 
51 -3.905385 0.000000 12.590874 100.055642 0.029180 -3.495288 -0.002335 
52 -14.636266 0.000000 12.590874 99.969992 0.011865 -3.470735 -0.000605 
53 6.825495 0.000000 12.590874 100.102928 0.093237 -3.745224 -0.003463 
54 -3.905385 0.000000 23.006747 99.988488 0.032150 -3.511165 -0.001003 
55 1.460055 0.000000 -3.032937 99.164470 -0.030492 -3.402385 0.015483 
56 -3.905385 0.000000 -3.032937 99.789574 -0.015146 -3.358416 0.003076 
57 1.460055 0.000000 -8.240874 99.659221 -0.052421 -3.617883 0.005495 
58 6.825495 0.000000 -3.032937 99.356576 -0.110250 -4.981567 0.010344 
59 1.460055 0.000000 2.175000 100.707773 0.008134 -2.477423 -0.014819 
60 17.556376 0.000000 12.590874 99.969660 0.201809 -3.796794 -0.000839 
61 28.287257 0.000000 12.590874 99.943152 0.238102 -3.772441 -0.000292 
62 17.556376 0.000000 23.006747 99.968868 0.094251 -3.591052 -0.000668 
63 12.190936 0.000000 -3.032937 100.011804 -0.542862 -4.318909 -0.002131 
64 12.190936 0.000000 -8.240874 99.846726 -0.214128 -3.958361 0.001492 
65 17.556376 0.000000 -3.032937 99.902920 -0.787495 -4.246572 0.000075 
66 12.190936 0.000000 2.175000 99.722346 1.137813 -3.874397 0.003915 
67 1.460055 0.000000 7.382937 100.392350 0.042059 -3.595073 -0.009155 
68 -3.905385 0.000000 7.382937 100.096449 0.020098 -3.421660 -0.003101 
69 6.825495 0.000000 7.382937 100.300370 0.114312 -4.197961 -0.007780 
70 1.460055 0.000000 12.590874 100.124458 0.051176 -3.594048 -0.003783 
71 4.142775 0.000000 -0.428968 96.098544 -0.004530 -4.391577 0.074578 
72 1.460055 0.000000 -0.428968 99.128054 -0.009808 -2.569439 0.016703 
73 4.142775 0.000000 -3.032937 98.800170 -0.050924 -4.195196 0.022092 
74 6.825495 0.000000 -0.428968 99.231656 -0.026915 -7.459998 0.009743 
75 4.142775 0.000000 2.175000 104.026597 0.003303 -4.428110 -0.084114 
76 12.190936 0.000000 7.382937 99.967035 0.297531 -4.141696 -0.001065 
77 17.556376 0.000000 7.382937 99.945844 0.400392 -4.052402 -0.000575 
78 12.190936 0.000000 12.590874 100.015956 0.151898 -3.801430 -0.001767 
79 9.508216 0.000000 -0.428968 101.812498 -0.203037 -5.199716 -0.039286 
80 9.508216 0.000000 -3.032937 100.000229 -0.268250 -4.714360 -0.002234 
81 12.190936 0.000000 -0.428968 100.053873 -1.964254 -4.410859 -0.003409 
82 9.508216 0.000000 2.175000 98.163681 -0.000000 -4.954000 0.033935 
83 71.210780 0.000000 -18.656747 99.932108 -0.182709 -3.652294 0.000020 
84 71.210780 0.000000 -39.488495 99.935604 -0.078956 -3.529369 0.000041 
85 92.672542 0.000000 -18.656747 99.932442 -0.192526 -3.663520 0.000005 
86 71.210780 0.000000 2.175000 99.917476 0.969252 -4.117457 -0.000139 
87 39.018138 0.000000 -8.240874 99.918687 -0.387950 -3.960241 0.000042 
88 39.018138 0.000000 -18.656747 99.926865 -0.162228 -3.639575 0.000135 
89 49.749019 0.000000 -8.240874 99.920162 -0.409524 -3.979021 -0.000004 
90 39.018138 0.000000 2.175000 99.937248 0.913089 -3.578998 -0.000110 
91 22.921817 0.000000 -3.032937 99.904905 -0.864754 -4.230391 0.000037 
92 22.921817 0.000000 -8.240874 99.905795 -0.340792 -3.942312 0.000317 
93 28.287257 0.000000 -3.032937 99.909487 -0.918250 -4.223152 -0.000058 
94 22.921817 0.000000 2.175000 99.933493 1.162125 -3.802275 -0.000251 
95 14.873656 0.000000 -0.428968 99.911423 -2.302945 -4.661735 -0.000933 
96 14.873656 0.000000 -3.032937 99.926611 -0.710922 -4.253081 -0.000392 
97 17.556376 0.000000 -0.428968 99.884580 -2.515651 -4.846335 -0.000674 
98 14.873656 0.000000 2.175000 99.913082 1.299992 -3.868708 0.000072 
99 9.508216 0.000000 4.778968 99.840588 0.277340 -4.678180 0.000989 
100 6.825495 0.000000 4.778968 100.474536 0.108414 -4.975827 -0.011990 
101 12.190936 0.000000 4.778968 99.816459 0.546274 -4.269595 0.001815 
102 9.508216 0.000000 7.382937 100.053999 0.196728 -4.228959 -0.002873 
103 10.849576 0.000000 0.873016 100.415575 7.355001 -21.935689 -0.061856 
104 9.508216 0.000000 0.873016 94.698415 0.033991 -0.979275 0.103125 
105 10.849576 0.000000 -0.428968 100.494168 -1.107896 -4.184203 -0.011781 
106 12.190936 0.000000 0.873016 99.506624 8.325482 -12.741503 -0.013323 
107 10.849576 0.000000 2.175000 99.254403 0.329703 -3.854121 0.013360 
108 8.166856 0.000000 0.873016 99.558865 -0.027735 -9.683113 -0.000573 
109 6.825495 0.000000 0.873016 99.688945 -0.038268 -9.370732 -0.002570 
110 8.166856 0.000000 -0.428968 100.614933 -0.067146 -7.215907 -0.017544 
111 8.166856 0.000000 2.175000 99.094768 0.100610 -6.816544 0.013375 
112 28.287257 0.000000 -60.320242 99.932648 -0.035562 -3.503462 0.000119 
113 6.825495 0.000000 -60.320242 99.931078 -0.026006 -3.498764 0.000154 
114 28.287257 0.000000 -81.151989 99.935125 -0.025074 -3.496868 0.000074 
115 49.749019 0.000000 -60.320242 99.934838 -0.042979 -3.505865 0.000074 
116 17.556376 0.000000 -29.072621 99.914821 -0.070142 -3.546420 0.000445 
117 6.825495 0.000000 -29.072621 99.906813 -0.049824 -3.529050 0.000617 
118 17.556376 0.000000 -39.488495 99.923705 -0.049502 -3.519140 0.000287 
119 28.287257 0.000000 -29.072621 99.923663 -0.086444 -3.554395 0.000262 
120 12.190936 0.000000 -13.448810 99.859789 -0.133424 -3.716445 0.001419 
121 6.825495 0.000000 -13.448810 99.816566 -0.087709 -3.666020 0.002321 
122 12.190936 0.000000 -18.656747 99.883391 -0.095030 -3.612738 0.001025 
123 17.556376 0.000000 -13.448810 99.891864 -0.173174 -3.729802 0.000767 
124 9.508216 0.000000 -5.636905 99.801442 -0.203843 -4.241617 0.002164 
125 6.825495 0.000000 -5.636905 99.569681 -0.120027 -4.196681 0.006825 
126 9.508216 0.000000 -8.240874 99.783726 -0.159770 -3.953536 0.002755 
127 12.190936 0.000000 -5.636905 99.880593 -0.305687 -4.169388 0.000639 
128 10.849576 0.000000 -1.730953 100.305236 -0.582982 -4.429071 -0.008110 
129 9.508216 0.000000 -1.730953 100.433596 -0.295937 -5.030755 -0.011230 
130 10.849576 0.000000 -3.032937 100.037312 -0.404727 -4.466916 -0.002758 
131 12.190936 0.000000 -1.730953 100.073131 -0.867075 -4.281687 -0.003372 
132 10.178896 0.000000 0.222024 101.295853 -0.218860 -3.772291 -0.027513 
133 9.508216 0.000000 0.222024 103.704262 0.056030 -4.904324 -0.077863 
134 10.178896 0.000000 -0.428968 101.134728 -0.501436 -4.306347 -0.024703 
135 10.849576 0.000000 0.222024 99.854695 -2.321835 -5.285400 -0.000429 
136 10.178896 0.000000 0.873016 99.038187 0.149120 -0.547494 0.019112 
137 71.210780 0.000000 23.006747 99.937698 0.128734 -3.580886 -0.000038 
138 92.672542 0.000000 23.006747 99.936972 0.126670 -3.575267 -0.000020 
139 71.210780 0.000000 43.838495 99.940467 0.064937 -3.518757 -0.000048 
140 39.018138 0.000000 12.590874 99.935815 0.242326 -3.755938 -0.000133 
141 49.749019 0.000000 12.590874 99.933357 0.238988 -3.742248 -0.000074 
142 39.018138 0.000000 23.006747 99.943747 0.124602 -3.591477 -0.000167 
143 22.921817 0.000000 7.382937 99.935117 0.429966 -4.024859 -0.000341 
144 28.287257 0.000000 7.382937 99.930183 0.429418 -4.006925 -0.000228 
145 22.921817 0.000000 12.590874 99.951983 0.228791 -3.782854 -0.000476 
146 14.873656 0.000000 4.778968 99.900911 0.679329 -4.182894 0.000185 
147 17.556376 0.000000 4.778968 99.927745 0.716528 -4.172978 -0.000348 
148 14.873656 0.000000 7.382937 99.948901 0.361537 -4.080826 -0.000657 
149 13.532296 0.000000 0.873016 99.412305 7.876513 -11.026835 -0.006644 
150 13.532296 0.000000 -0.428968 99.943220 -2.199716 -4.567567 -0.001435 
151 14.873656 0.000000 0.873016 99.734248 6.335889 -8.480923 -0.005899 
152 13.532296 0.000000 2.175000 99.864912 1.342058 -3.864305 0.001027 
153 11.520256 0.000000 0.222024 99.903843 -3.885968 -6.272338 -0.003522 
154 11.520256 0.000000 -0.428968 100.197108 -1.674126 -4.301105 -0.006076 
155 12.190936 0.000000 0.222024 99.837967 -4.474178 -6.888216 -0.003509 
156 11.520256 0.000000 0.873016 98.407871 11.789937 -16.845546 -0.010688 
157 10.849576 0.000000 3.476984 99.532035 0.347057 -4.325114 0.007455 
158 9.508216 0.000000 3.476984 99.406948 0.479970 -4.938645 0.009364 
159 12.190936 0.000000 3.476984 99.870309 -0.327347 -1.643016 0.002311 
160 10.849576 0.000000 4.778968 99.796847 0.421005 -4.427556 0.002081 
161 10.178896 0.000000 1.524008 98.317820 0.000000 -3.084241 0.032409 
162 9.508216 0.000000 1.524008 96.475796 0.000000 -4.281329 0.067409 
163 10.849576 0.000000 1.524008 99.531641 0.857339 -3.747822 0.007867 
164 10.178896 0.000000 2.175000 98.666014 0.000000 -4.090218 0.024829 
165 10.514236 0.000000 0.547520 98.261283 -0.209828 -3.837456 0.032995 
166 10.178896 0.000000 0.547520 100.984116 0.442098 -2.243849 -0.020302 
167 10.514236 0.000000 0.222024 100.250425 -0.961660 -4.301697 -0.006958 
168 10.849576 0.000000 0.547520 98.244132 -5.261239 -9.420790 0.023166 
169 10.514236 0.000000 0.873016 103.013663 0.472340 -0.878765 -0.061281 
170 11.520256 0.000000 1.524008 99.666415 2.268818 -4.278503 0.004315 
171 12.190936 0.000000 1.524008 99.748754 2.414848 -4.558780 0.002357 
172 11.520256 0.000000 2.175000 99.553596 0.976748 -3.838943 0.007339 
173 11.184916 0.000000 0.547520 99.223388 -7.529217 -11.206589 -0.002756 
174 11.184916 0.000000 0.222024 99.892669 -3.370871 -5.901436 -0.002473 
175 11.520256 0.000000 0.547520 99.429923 -8.002601 -12.531055 -0.010738 
176 11.184916 0.000000 0.873016 98.762514 9.721074 -19.499560 -0.022877 
177 10.514236 0.000000 1.198512 100.125329 -0.000000 -3.133998 -0.003490 
178 10.178896 0.000000 1.198512 98.471990 -0.000000 -2.111045 0.029881 
179 10.849576 0.000000 1.198512 100.250386 2.389994 -5.118276 -0.008205 
180 10.514236 0.000000 1.524008 99.128986 -0.000000 -3.265470 0.016278 
181 10.681906 0.000000 0.710268 98.393755 3.420151 0.000000 0.030697 
182 10.514236 0.000000 0.710268 99.657712 2.107957 0.000000 0.006390 
183 10.681906 0.000000 0.547520 97.281000 -2.260110 -6.809524 0.048493 
184 10.849576 0.000000 0.710268 96.543439 -6.622599 -23.596984 0.007869 
185 10.681906 0.000000 0.873016 110.520431 1.079820 -7.785068 -0.227654 
186 11.184916 0.000000 1.198512 99.745077 3.341840 -6.009953 0.000363 
187 11.520256 0.000000 1.198512 99.671066 4.235842 -5.959836 0.001222 
188 11.184916 0.000000 1.524008 99.615828 1.752564 -4.061367 0.005712 
189 11.017246 0.000000 0.710268 97.870709 -6.912469 -24.451878 -0.022435 
190 11.017246 0.000000 0.547520 98.982729 -6.887776 -10.460292 0.004556 
191 11.184916 0.000000 0.710268 98.185696 -6.080625 -24.977067 -0.030126 
192 11.017246 0.000000 0.873016 99.187858 9.875431 -19.442339 -0.031376 
193 10.681906 0.000000 1.035764 102.638223 0.000000 -6.249592 -0.057366 
194 10.514236 0.000000 1.035764 101.659551 -0.000000 -3.061201 -0.034404 
195 10.849576 0.000000 1.035764 100.934929 4.747031 -8.641988 -0.028508 
196 10.681906 0.000000 1.198512 100.498996 0.000000 -4.224397 -0.011789 
197 10.765741 0.000000 0.791642 104.651995 2.307467 -5.466587 -0.098725 
198 10.681906 0.000000 0.791642 108.632372 1.984733 -5.350463 -0.183356 
199 10.765741 0.000000 0.710268 92.907037 -3.908755 -22.029324 0.086771 
200 10.849576 0.000000 0.791642 97.716104 0.580517 -31.051488 -0.051297 
201 10.765741 0.000000 0.873016 118.383806 0.000000 -16.396866 -0.428358 
202 8.166856 0.000000 -1.730953 100.030577 -0.145833 -5.674821 -0.003834 
203 6.825495 0.000000 -1.730953 99.264096 -0.079615 -5.825627 0.011269 
204 8.166856 0.000000 -3.032937 99.750612 -0.167748 -4.965275 0.002513 
205 8.837536 0.000000 0.222024 103.176999 0.014840 -8.739277 -0.072187 
206 8.166856 0.000000 0.222024 100.651866 -0.000388 -9.014436 -0.021206 
207 8.837536 0.000000 -0.428968 101.554934 -0.106409 -6.553491 -0.035636 
208 8.837536 0.000000 0.873016 96.560630 -0.000000 -15.563407 0.043383 
209 9.843556 0.000000 0.547520 102.938013 0.350417 -2.185395 -0.060113 
210 9.508216 0.000000 0.547520 105.220181 0.212859 -3.091213 -0.108089 
211 9.843556 0.000000 0.222024 102.523274 0.016622 -3.923065 -0.052641 
212 9.843556 0.000000 0.873016 97.554636 0.073189 0.043592 0.048309 
213 10.346566 0.000000 0.710268 99.802409 0.982724 0.000000 0.003851 
214 10.178896 0.000000 0.710268 99.821447 0.593637 0.000000 0.003533 
215 10.346566 0.000000 0.547520 99.795754 0.356018 -2.600890 0.003392 
216 10.346566 0.000000 0.873016 100.237070 0.204473 -0.496599 -0.004776 
217 10.598071 0.000000 0.791642 102.600198 1.675198 -0.393700 -0.052976 
218 10.514236 0.000000 0.791642 101.435990 1.141958 -0.137886 -0.029058 
219 10.598071 0.000000 0.710268 98.668228 2.860661 0.000000 0.025640 
220 10.598071 0.000000 0.873016 106.067947 0.909575 -2.328812 -0.125666 
221 11.017246 0.000000 1.035764 99.850049 6.891165 -9.419769 -0.010625 
222 11.184916 0.000000 1.035764 99.426767 7.629597 -9.724973 -0.003847 
223 11.017246 0.000000 1.198512 99.932447 2.326027 -6.056666 -0.002859 
224 10.765741 0.000000 0.954390 105.412319 0.000000 -9.790930 -0.120762 
225 10.681906 0.000000 0.954390 105.092447 0.000000 -8.375668 -0.111457 
226 10.849576 0.000000 0.954390 101.007664 8.173748 -13.466521 -0.045071 
227 10.765741 0.000000 1.035764 102.126970 0.000000 -6.208201 -0.046846 
228 10.723823 0.000000 0.832329 110.641967 1.515188 -8.688969 -0.231944 
229 10.681906 0.000000 0.832329 110.564055 1.501094 -6.957755 -0.227507 
230 10.723823 0.000000 0.791642 105.515821 2.340976 -4.860319 -0.116269 
231 10.765741 0.000000 0.832329 110.270945 1.479375 -9.144846 -0.224550 
232 10.723823 0.000000 0.873016 111.119283 0.889896 -9.721143 -0.244279 
233 4.142775 0.000000 4.778968 101.124218 0.047668 -4.193926 -0.024370 
234 1.460055 0.000000 4.778968 100.706416 0.027995 -3.378712 -0.015320 
235 4.142775 0.000000 7.382937 100.503563 0.066529 -3.912266 -0.011628 
236 8.166856 0.000000 3.476984 99.779877 0.162171 -5.565988 0.001297 
237 6.825495 0.000000 3.476984 100.539956 0.083280 -5.795999 -0.014188 
238 8.166856 0.000000 4.778968 100.117693 0.171768 -4.953903 -0.004812 
239 8.837536 0.000000 1.524008 96.885288 0.093181 -7.345870 0.055927 
240 8.166856 0.000000 1.524008 98.827606 0.038470 -8.060734 0.016813 
241 8.837536 0.000000 2.175000 98.337717 0.218891 -6.123138 0.029215 
242 9.843556 0.000000 1.198512 96.822037 -0.000000 -2.197412 0.062066 
243 9.508216 0.000000 1.198512 95.015168 0.000000 -3.204615 0.096185 
244 9.843556 0.000000 1.524008 97.351079 0.000000 -3.393421 0.051125 
245 10.346566 0.000000 1.035764 99.833454 -0.000000 -1.735623 0.003027 
246 10.178896 0.000000 1.035764 98.719181 0.000000 -1.428503 0.025248 
247 10.346566 0.000000 1.198512 99.329785 -0.000000 -2.419861 0.012774 
248 10.598071 0.000000 0.954390 104.535868 -0.000000 -5.117016 -0.095393 
249 10.514236 0.000000 0.954390 102.830204 -0.000000 -2.859288 -0.058223 
250 10.598071 0.000000 1.035764 102.408350 -0.000000 -4.390478 -0.050675 
251 10.639988 0.000000 0.832329 107.723607 1.597779 -3.649423 -0.162025 
252 10.598071 0.000000 0.832329 104.590044 1.631606 -1.155295 -0.094307 
253 10.639988 0.000000 0.791642 105.410631 2.028493 -2.071469 -0.111981 
254 10.639988 0.000000 0.873016 107.774779 1.199719 -4.649999 -0.163846 
255 10.178896 0.000000 -1.079961 100.737207 -0.481841 -4.596695 -0.016935 
256 9.508216 0.000000 -1.079961 100.901113 -0.287132 -5.142773 -0.020757 
257 10.178896 0.000000 -1.730953 100.428358 -0.424174 -4.652627 -0.010768 
258 10.849576 0.000000 -1.079961 100.447646 -0.757459 -4.320425 -0.010897 
259 10.514236 0.000000 -0.103472 100.715097 -0.889726 -4.062162 -0.016082 
260 10.178896 0.000000 -0.103472 101.311636 -0.449615 -4.049433 -0.028065 
261 10.514236 0.000000 -0.428968 100.767210 -0.780146 -4.182265 -0.017213 
262 10.849576 0.000000 -0.103472 100.349205 -1.483996 -4.304487 -0.009069 
263 10.681906 0.000000 0.384772 99.209658 -2.054842 -5.541215 0.012252 
264 10.514236 0.000000 0.384772 99.610948 -0.937673 -4.497928 0.005655 
265 10.681906 0.000000 0.222024 99.956101 -1.612428 -4.791603 -0.001678 
266 10.849576 0.000000 0.384772 99.299375 -3.399582 -6.475392 0.008615 
267 10.765741 0.000000 0.628894 95.863043 -4.470074 -12.395338 0.063665 
268 10.681906 0.000000 0.628894 94.669013 -1.619253 -8.976809 0.095457 
269 10.765741 0.000000 0.547520 97.641746 -3.850719 -8.381550 0.038101 
270 10.849576 0.000000 0.628894 97.368780 -6.663220 -14.015796 0.027848 
271 10.723823 0.000000 0.750955 98.392901 3.380059 0.000000 0.030741 
272 10.681906 0.000000 0.750955 100.079454 3.117854 -0.841658 -0.002633 
273 10.723823 0.000000 0.710268 98.386578 3.002998 0.000000 0.031106 
274 10.765741 0.000000 0.750955 98.387946 3.002232 0.000000 0.031080 
275 10.702865 0.000000 0.811985 107.749650 1.823674 -7.460353 -0.166897 
276 10.681906 0.000000 0.811985 109.034178 1.892289 -5.658924 -0.192406 
277 10.702865 0.000000 0.791642 107.040960 1.892021 -7.385896 -0.151590 
278 10.723823 0.000000 0.811985 107.429607 2.012759 -5.929414 -0.158033 
279 10.702865 0.000000 0.832329 111.313994 1.413747 -8.694151 -0.246839 
280 10.598071 0.000000 0.628894 95.463959 0.174729 -5.316518 0.085834 
281 10.514236 0.000000 0.628894 97.099919 0.791806 -3.261087 0.056034 
282 10.598071 0.000000 0.547520 97.545271 -0.978386 -5.113541 0.045781 
283 10.639988 0.000000 0.750955 98.501642 3.225759 0.000000 0.028702 
284 10.598071 0.000000 0.750955 98.737548 3.075091 0.000000 0.024144 
285 10.639988 0.000000 0.710268 98.448234 3.473680 0.000000 0.029588 
286 10.660947 0.000000 0.811985 107.261175 2.004570 -3.799148 -0.152341 
287 10.639988 0.000000 0.811985 105.981038 2.000507 -2.725752 -0.124341 
288 10.660947 0.000000 0.791642 106.693843 2.159326 -3.518946 -0.140062 
289 10.660947 0.000000 0.832329 108.918404 1.560267 -4.936144 -0.189002 
290 10.660947 0.000000 0.771298 103.888998 2.386364 -2.822108 -0.080658 
291 10.639988 0.000000 0.771298 103.119180 2.476939 -1.899283 -0.064331 
292 10.660947 0.000000 0.750955 99.659557 3.058933 -0.429364 0.005843 
293 10.681906 0.000000 0.771298 104.196174 2.455140 -3.370193 -0.087423 
294 10.671426 0.000000 0.801814 108.577260 2.110409 -5.012609 -0.181860 
295 10.660947 0.000000 0.801814 108.632322 2.025464 -4.732725 -0.182748 
296 10.671426 0.000000 0.791642 106.909627 2.191569 -4.279744 -0.145279 
297 10.681906 0.000000 0.801814 109.538154 1.881899 -5.841724 -0.203627 
298 10.671426 0.000000 0.811985 107.472745 2.049144 -4.639418 -0.157611 
299 10.430401 0.000000 0.791642 100.683736 0.730607 -0.134107 -0.013777 
300 10.346566 0.000000 0.791642 100.156792 0.537588 -0.111269 -0.003168 
301 10.430401 0.000000 0.710268 99.771288 1.331232 0.000000 0.004392 
302 10.430401 0.000000 0.873016 101.268697 0.318683 -0.559467 -0.025576 
303 10.556153 0.000000 0.832329 103.066477 1.276840 -0.295582 -0.062442 
304 10.514236 0.000000 0.832329 102.267389 0.973499 -0.179083 -0.045960 
305 10.556153 0.000000 0.791642 102.088395 1.499313 -0.122069 -0.042430 
306 10.556153 0.000000 0.873016 103.972673 0.676190 -1.104505 -0.081199 
307 10.430401 0.000000 0.954390 101.184433 -0.000000 -1.834731 -0.024166 
308 10.346566 0.000000 0.954390 100.156860 -0.000000 -1.283067 -0.003304 
309 10.430401 0.000000 1.035764 100.686612 -0.000000 -2.165486 -0.014248 
310 10.472318 0.000000 0.832329 101.232293 0.879669 -0.148704 -0.024877 
311 10.430401 0.000000 0.832329 100.812584 0.739395 -0.142278 -0.016374 
312 10.472318 0.000000 0.791642 101.032914 0.918701 -0.140881 -0.020851 
313 10.472318 0.000000 0.873016 101.782320 0.434227 -0.594904 -0.036018 
314 10.556153 0.000000 0.750955 99.100141 2.525974 0.000000 0.017278 
315 10.514236 0.000000 0.750955 99.543083 2.024955 0.000000 0.008707 
316 10.556153 0.000000 0.710268 99.307735 2.414508 0.000000 0.013214 
317 10.535195 0.000000 0.811985 101.978550 1.162172 -0.125418 -0.040099 
318 10.514236 0.000000 0.811985 101.508213 1.117763 -0.140700 -0.030519 
319 10.535195 0.000000 0.791642 101.756551 1.294583 -0.108737 -0.035608 
320 10.556153 0.000000 0.811985 102.362487 1.372989 -0.149426 -0.047999 
321 10.535195 0.000000 0.832329 102.345324 1.070218 -0.167618 -0.047574 
322 10.011226 0.000000 0.710268 99.821389 0.449385 0.000000 0.003549 
323 9.843556 0.000000 0.710268 99.817223 0.305941 0.000000 0.003643 
324 10.011226 0.000000 0.547520 101.952290 0.410368 -2.151828 -0.039907 
325 10.011226 0.000000 0.873016 98.318198 0.070799 -0.476124 0.033330 
326 10.262731 0.000000 0.791642 99.713012 0.402684 -0.171947 0.005712 
327 10.178896 0.000000 0.791642 99.310988 0.348645 -0.264885 0.013714 
328 10.262731 0.000000 0.710268 99.817595 0.693795 0.000000 0.003597 
329 10.262731 0.000000 0.873016 99.570903 0.184480 -0.455787 0.008539 
330 10.388483 0.000000 0.832329 100.454161 0.570736 -0.140253 -0.009138 
331 10.346566 0.000000 0.832329 100.119875 0.490517 -0.141119 -0.002425 
332 10.388483 0.000000 0.791642 100.337571 0.634555 -0.117513 -0.006804 
333 10.388483 0.000000 0.873016 100.774220 0.225723 -0.576966 -0.015583 
334 10.011226 0.000000 1.035764 97.696928 0.000000 -1.238876 0.045378 
335 9.843556 0.000000 1.035764 96.642418 -0.000000 -1.322418 0.065849 
336 10.011226 0.000000 1.198512 97.669093 0.000000 -2.007972 0.045672 
337 10.095061 0.000000 0.791642 99.120312 0.298428 -0.327049 0.017497 
338 10.011226 0.000000 0.791642 99.248775 0.296194 -0.184591 0.014956 
339 10.095061 0.000000 0.710268 99.823062 0.516524 0.000000 0.003509 
340 10.095061 0.000000 0.873016 98.588804 0.079859 -0.629272 0.027985 
341 9.172876 0.000000 0.547520 108.038544 0.076490 -6.370012 -0.171291 
342 8.837536 0.000000 0.547520 104.374942 -0.029173 -12.043560 -0.103918 
343 9.172876 0.000000 0.222024 104.281181 0.040433 -6.821788 -0.092110 
344 9.172876 0.000000 0.873016 90.892976 0.022945 -1.754989 0.173539 
345 9.675886 0.000000 0.710268 99.809143 0.230704 0.000000 0.003808 
346 9.508216 0.000000 0.710268 99.799583 0.191723 0.000000 0.004001 
347 9.675886 0.000000 0.547520 104.026566 0.283196 -2.499942 -0.082786 
348 9.675886 0.000000 0.873016 95.845488 0.042927 -0.108792 0.081363 
349 9.927391 0.000000 0.791642 99.100727 0.248669 0.004355 0.017898 
350 9.843556 0.000000 0.791642 98.781790 0.205905 0.158877 0.024209 
351 9.927391 0.000000 0.710268 99.818861 0.373637 0.000000 0.003606 
352 9.927391 0.000000 0.873016 98.060309 0.082116 -0.166907 0.038414 
353 9.172876 0.000000 1.198512 93.628057 0.000000 -5.949338 0.119839 
354 8.837536 0.000000 1.198512 94.709100 -0.000000 -9.111062 0.094717 
355 9.172876 0.000000 1.524008 96.135619 0.000000 -5.960563 0.072241 
356 9.675886 0.000000 1.035764 95.527563 0.000000 -1.607845 0.087190 
357 9.508216 0.000000 1.035764 94.227097 0.000000 -2.235950 0.111625 
358 9.675886 0.000000 1.198512 95.945835 0.000000 -2.511901 0.078809 
359 9.759721 0.000000 0.791642 98.317470 0.154992 0.249950 0.033359 
360 9.675886 0.000000 0.791642 97.838130 0.138260 0.188649 0.042765 
361 9.759721 0.000000 0.710268 99.814656 0.261041 0.000000 0.003697 
362 9.759721 0.000000 0.873016 96.638827 0.048285 0.064105 0.066093 
363 9.340546 0.000000 0.710268 99.787531 0.130467 0.000000 0.004243 
364 9.172876 0.000000 0.710268 99.776851 0.082278 0.000000 0.004457 
365 9.340546 0.000000 0.547520 106.619421 0.145958 -4.116771 -0.138467 
366 9.340546 0.000000 0.873016 94.134751 0.036356 -0.625683 0.113826 
367 9.592051 0.000000 0.791642 97.305128 0.125164 -0.035167 0.053170 
368 9.508216 0.000000 0.791642 97.061150 0.113376 -0.480852 0.057889 
369 9.592051 0.000000 0.710268 99.803216 0.209660 0.000000 0.003927 
370 9.592051 0.000000 0.873016 95.072854 0.038004 -0.516837 0.096088 
371 9.340546 0.000000 1.035764 92.700661 0.000000 -3.178049 0.139649 
372 9.172876 0.000000 1.035764 90.927447 0.000000 -5.286439 0.170425 
373 9.340546 0.000000 1.198512 94.138421 0.000000 -4.214584 0.112020 
374 9.424381 0.000000 0.791642 97.299391 0.100336 -0.328540 0.053271 
375 9.340546 0.000000 0.791642 96.333001 0.073399 0.072742 0.071994 
376 9.424381 0.000000 0.710268 99.795860 0.167880 0.000000 0.004076 
377 9.424381 0.000000 0.873016 95.079885 0.043136 -0.830187 0.095912 
378 9.592051 0.000000 0.954390 94.650443 0.000000 -1.290720 0.103963 
379 9.508216 0.000000 0.954390 93.954996 0.000000 -1.696947 0.116958 
380 9.675886 0.000000 0.954390 95.290102 0.000000 -0.981079 0.091883 
381 9.592051 0.000000 1.035764 94.890419 0.000000 -1.886017 0.099225 
382 9.550133 0.000000 0.832329 95.960454 0.076523 -0.337701 0.079147 
383 9.508216 0.000000 0.832329 96.835070 0.102273 -0.483315 0.062273 
384 9.550133 0.000000 0.791642 97.288447 0.119418 -0.066445 0.053494 
385 9.592051 0.000000 0.832329 97.003190 0.112614 -0.088054 0.059036 
386 9.550133 0.000000 0.873016 95.319781 0.052283 -0.599674 0.091378 
387 5.484135 0.000000 0.873016 99.910286 -0.043060 -14.199646 -0.018370 
388 4.142775 0.000000 0.873016 100.172838 0.002156 -2.804763 -0.004246 
389 5.484135 0.000000 -0.428968 97.347221 -0.008254 -7.190583 0.047181 
390 5.484135 0.000000 2.175000 102.439456 0.011354 -7.268759 -0.054668 
391 7.496176 0.000000 0.222024 99.829223 0.004703 -8.615081 -0.004009 
392 6.825495 0.000000 0.222024 99.356039 0.010380 -8.703187 0.005263 
393 7.496176 0.000000 -0.428968 99.857559 -0.042309 -7.359495 -0.002570 
394 7.496176 0.000000 0.873016 99.674658 -0.034310 -9.092610 -0.001771 
395 8.502196 0.000000 0.547520 101.042987 -0.052796 -11.072744 -0.033229 
396 8.166856 0.000000 0.547520 100.190672 -0.061437 -10.304440 -0.014436 
397 8.502196 0.000000 0.222024 101.589328 0.001465 -9.215769 -0.040532 
398 8.502196 0.000000 0.873016 99.277681 -0.026359 -10.890976 0.002533 
399 9.005206 0.000000 0.710268 99.763749 0.005211 0.000000 0.004719 
400 8.837536 0.000000 0.710268 103.144280 -0.042323 -15.427257 -0.087674 
401 9.005206 0.000000 0.547520 107.545671 0.011682 -10.132784 -0.166874 
402 9.005206 0.000000 0.873016 89.433827 0.005204 -8.414342 0.193079 
403 9.256711 0.000000 0.791642 95.480354 0.061153 -0.281887 0.088342 
404 9.172876 0.000000 0.791642 95.120306 0.050241 -0.139997 0.095211 
405 9.256711 0.000000 0.710268 99.781688 0.105844 0.000000 0.004360 
406 9.256711 0.000000 0.873016 93.645410 0.037599 -0.863453 0.122979 
407 7.496176 0.000000 1.524008 99.657354 0.014821 -8.006678 0.000430 
408 6.825495 0.000000 1.524008 100.161082 -0.000848 -8.298724 -0.010111 
409 7.496176 0.000000 2.175000 99.808476 0.057005 -7.094066 -0.001206 
410 8.502196 0.000000 1.198512 98.036505 0.008201 -9.368810 0.030107 
411 8.166856 0.000000 1.198512 98.998755 0.004037 -8.915892 0.011975 
412 8.502196 0.000000 1.524008 98.008802 0.055691 -7.979108 0.033061 
413 9.005206 0.000000 1.035764 91.402635 0.000000 -9.733939 0.155081 
414 8.837536 0.000000 1.035764 94.511908 -0.000000 -11.758262 0.092924 
415 9.005206 0.000000 1.198512 94.187696 -0.000000 -8.039142 0.106405 
416 9.256711 0.000000 0.954390 90.874552 0.000000 -3.150471 0.173189 
417 9.172876 0.000000 0.954390 89.540148 0.000000 -4.464518 0.196263 
418 9.340546 0.000000 0.954390 92.093257 0.000000 -2.334383 0.151338 
419 9.256711 0.000000 1.035764 91.872029 0.000000 -3.989995 0.154361 
420 9.298628 0.000000 0.832329 94.676652 0.052434 -0.281134 0.103625 
421 9.256711 0.000000 0.832329 95.324453 0.058162 -0.280413 0.091317 
422 9.298628 0.000000 0.791642 96.644513 0.071049 0.092861 0.065982 
423 9.340546 0.000000 0.832329 95.999894 0.066405 -0.051980 0.078401 
424 9.298628 0.000000 0.873016 93.050504 0.027438 -0.787897 0.134098 
425 8.837536 0.000000 -1.079961 100.738789 -0.179252 -5.816836 -0.018217 
426 8.166856 0.000000 -1.079961 100.284909 -0.115857 -6.237191 -0.009598 
427 8.837536 0.000000 -1.730953 100.306172 -0.204685 -5.392153 -0.009045 
428 9.172876 0.000000 -0.103472 102.702040 -0.065573 -6.230053 -0.058653 
429 8.837536 0.000000 -0.103472 102.208563 -0.051092 -7.262911 -0.049934 
430 9.172876 0.000000 -0.428968 101.838855 -0.141166 -5.888042 -0.040584 
431 9.508216 0.000000 -0.103472 102.573721 -0.105399 -5.116481 -0.054756 
432 9.340546 0.000000 0.384772 105.234323 0.093204 -5.688398 -0.110663 
433 9.172876 0.000000 0.384772 105.655453 0.062906 -7.279381 -0.121607 
434 9.340546 0.000000 0.222024 104.146933 0.054460 -5.731149 -0.087943 
435 9.508216 0.000000 0.384772 104.439406 0.120295 -4.663863 -0.092936 
436 9.256711 0.000000 0.628894 108.456331 0.153651 -3.767659 -0.177699 
437 9.172876 0.000000 0.628894 109.765303 0.109756 -5.245082 -0.207594 
438 9.256711 0.000000 0.547520 107.388557 0.110820 -5.030294 -0.155762 
439 9.340546 0.000000 0.628894 107.275255 0.197076 -2.952828 -0.151674 
440 9.298628 0.000000 0.750955 98.621468 0.105813 -0.021827 0.027379 
441 9.256711 0.000000 0.750955 99.781797 0.105236 0.000000 0.004358 
442 9.298628 0.000000 0.710268 99.784729 0.120593 0.000000 0.004299 
443 9.340546 0.000000 0.750955 99.787542 0.130507 0.000000 0.004243 
444 9.424381 0.000000 0.954390 93.279686 0.000000 -1.947918 0.129511 
445 9.424381 0.000000 1.035764 93.520107 0.000000 -2.634448 0.124705 
446 9.382463 0.000000 0.832329 95.944992 0.066048 -0.325405 0.079445 
447 9.382463 0.000000 0.791642 97.453582 0.093268 -0.251169 0.050273 
448 9.424381 0.000000 0.832329 96.731770 0.087305 -0.424148 0.064278 
449 9.382463 0.000000 0.873016 94.297590 0.037669 -0.696087 0.110748 
450 9.319587 0.000000 0.811985 96.104807 0.069039 0.121098 0.076385 
451 9.298628 0.000000 0.811985 96.253990 0.067648 0.050163 0.073516 
452 9.319587 0.000000 0.791642 96.126738 0.069561 0.135645 0.075963 
453 9.340546 0.000000 0.811985 96.367403 0.073457 0.039216 0.071332 
454 9.319587 0.000000 0.832329 96.137453 0.068395 -0.151780 0.075756 
455 9.089041 0.000000 0.791642 94.246118 0.026755 -0.867237 0.111692 
456 9.005206 0.000000 0.791642 95.852379 0.012342 -2.900982 0.080391 
457 9.089041 0.000000 0.710268 99.768670 0.043593 0.000000 0.004621 
458 9.089041 0.000000 0.873016 88.888516 0.015520 -3.246500 0.208829 
459 9.214793 0.000000 0.832329 93.798300 0.044142 -0.279085 0.120180 
460 9.172876 0.000000 0.832329 94.482683 0.047972 -0.345693 0.107290 
461 9.214793 0.000000 0.791642 95.411583 0.055587 -0.253570 0.089656 
462 9.214793 0.000000 0.873016 92.095940 0.027370 -1.086000 0.151716 
463 9.089041 0.000000 0.954390 88.769668 0.000000 -7.306676 0.206656 
464 9.005206 0.000000 0.954390 89.423956 -0.000000 -10.884224 0.188489 
465 9.089041 0.000000 1.035764 90.647304 0.000000 -7.440791 0.172770 
466 9.130958 0.000000 0.832329 93.927210 0.038970 -0.568973 0.117735 
467 9.089041 0.000000 0.832329 93.244123 0.026572 -1.382272 0.130362 
468 9.130958 0.000000 0.791642 94.661883 0.039748 -0.379357 0.103898 
469 9.130958 0.000000 0.873016 90.123198 0.018950 -1.948119 0.187401 
470 8.669866 0.000000 0.710268 100.884567 -0.038243 -12.498999 -0.033392 
471 8.502196 0.000000 0.710268 100.283851 -0.039082 -11.147291 -0.018111 
472 8.669866 0.000000 0.547520 102.122064 -0.045918 -11.677734 -0.056529 
473 8.669866 0.000000 0.873016 98.795058 -0.035619 -12.306471 0.008809 
474 8.921371 0.000000 0.791642 93.691099 0.000654 -14.811526 0.100260 
475 8.837536 0.000000 0.791642 97.225351 -0.000000 -16.664492 0.026953 
476 8.921371 0.000000 0.710268 107.378583 -0.035804 -17.378586 -0.183218 
477 8.921371 0.000000 0.873016 92.266780 0.000000 -17.384644 0.118462 
478 9.047123 0.000000 0.832329 93.344843 0.016679 -2.699258 0.127945 
479 9.005206 0.000000 0.832329 92.838389 0.010644 -4.877032 0.135725 
480 9.047123 0.000000 0.791642 92.764332 0.017110 -1.850698 0.139135 
481 9.047123 0.000000 0.873016 89.597857 0.008673 -5.050379 0.194672 
482 9.005206 0.000000 0.384772 105.169151 0.035169 -9.114861 -0.114363 
483 8.837536 0.000000 0.384772 103.791227 0.065033 -10.282432 -0.087835 
484 9.005206 0.000000 0.222024 103.937703 0.025172 -7.935145 -0.086601 
485 9.089041 0.000000 0.628894 110.660419 0.064146 -7.806512 -0.230667 
486 9.005206 0.000000 0.628894 109.857678 0.020811 -11.207002 -0.219431 
487 9.089041 0.000000 0.547520 108.227933 0.042375 -8.177789 -0.178016 
488 9.047123 0.000000 0.750955 98.452004 0.022457 -0.576993 0.030687 
489 9.005206 0.000000 0.750955 97.065344 0.010989 -1.843444 0.057492 
490 9.047123 0.000000 0.710268 99.766250 0.024401 0.000000 0.004669 
491 9.089041 0.000000 0.750955 98.456280 0.040957 -0.206900 0.030632 
492 9.068082 0.000000 0.811985 93.281011 0.021936 -1.561585 0.129621 
493 9.047123 0.000000 0.811985 92.901047 0.017084 -2.057278 0.136516 
494 9.068082 0.000000 0.791642 93.788296 0.022894 -1.075023 0.120260 
495 9.089041 0.000000 0.811985 93.798914 0.027099 -0.979399 0.120080 
496 9.068082 0.000000 0.832329 93.317050 0.017929 -2.159284 0.128727 
497 8.669866 0.000000 1.035764 97.414554 -0.022447 -10.922181 0.039111 
498 8.502196 0.000000 1.035764 98.457177 -0.010989 -10.207021 0.020200 
499 8.669866 0.000000 1.198512 97.069658 0.003900 -9.504638 0.048714 
500 8.921371 0.000000 0.954390 92.841270 -0.000000 -12.930590 0.121330 
501 8.837536 0.000000 0.954390 95.140132 -0.000000 -13.368534 0.076964 
502 8.921371 0.000000 1.035764 93.306947 -0.000000 -11.149180 0.116951 
503 8.963288 0.000000 0.832329 92.206906 0.003608 -10.533193 0.138694 
504 8.921371 0.000000 0.832329 93.838287 0.000622 -14.654830 0.097961 
505 8.963288 0.000000 0.791642 88.680376 0.003447 -10.725782 0.202075 
506 8.963288 0.000000 0.873016 91.091093 0.001487 -12.024345 0.155783 
507 9.026164 0.000000 0.811985 92.525582 0.011533 -2.764703 0.143137 
508 9.005206 0.000000 0.811985 94.809785 0.011659 -3.611599 0.099806 
509 9.026164 0.000000 0.791642 92.532223 0.011732 -1.997010 0.143380 
510 9.026164 0.000000 0.832329 91.882543 0.011308 -4.511621 0.153724 
511 8.921371 0.000000 0.628894 106.996129 -0.011069 -13.353884 -0.162650 
512 8.837536 0.000000 0.628894 104.279685 -0.028254 -13.463799 -0.105553 
513 8.921371 0.000000 0.547520 106.040164 -0.012559 -11.522172 -0.137728 
514 8.963288 0.000000 0.750955 97.547726 0.006676 -3.150677 0.047451 
515 8.921371 0.000000 0.750955 97.489363 0.000400 -6.988505 0.044698 
516 8.963288 0.000000 0.710268 99.763365 0.000614 0.000000 0.004727 
517 8.984247 0.000000 0.811985 89.418996 0.006234 -8.209842 0.193684 
518 8.963288 0.000000 0.811985 89.144652 0.003256 -11.176539 0.192832 
519 8.984247 0.000000 0.791642 88.717722 0.006448 -7.815389 0.206809 
520 8.984247 0.000000 0.832329 92.091891 0.006620 -7.355652 0.146498 
521 8.984247 0.000000 0.771298 96.475353 0.009383 -3.142397 0.068263 
522 8.963288 0.000000 0.771298 94.799365 0.004904 -7.216119 0.096101 
523 8.984247 0.000000 0.750955 98.386841 0.010990 -1.370744 0.031815 
524 9.005206 0.000000 0.771298 97.156151 0.014034 -1.778232 0.055752 
525 8.994726 0.000000 0.801814 87.230994 0.004601 -8.087226 0.232535 
526 8.984247 0.000000 0.801814 87.024745 0.005561 -9.327286 0.233970 
527 8.994726 0.000000 0.791642 88.515744 0.004890 -7.544162 0.210805 
528 9.005206 0.000000 0.801814 86.372560 0.005395 -8.491467 0.246768 
529 8.994726 0.000000 0.811985 90.719853 0.007113 -6.385601 0.172913 
530 28.287257 0.000000 64.670242 99.944498 0.031475 -3.501458 -0.000116 
531 6.825495 0.000000 64.670242 99.946030 0.023346 -3.497610 -0.000144 
532 49.749019 0.000000 64.670242 99.942395 0.037582 -3.503184 -0.000076 
533 28.287257 0.000000 85.501989 99.942501 0.022528 -3.495990 -0.000073 
534 17.556376 0.000000 33.422621 99.958436 0.059249 -3.534657 -0.000419 
535 6.825495 0.000000 33.422621 99.965178 0.043303 -3.521581 -0.000544 
536 28.287257 0.000000 33.422621 99.950680 0.071846 -3.539876 -0.000267 
537 17.556376 0.000000 43.838495 99.951774 0.042953 -3.513986 -0.000271 
538 12.190936 0.000000 17.798810 99.999363 0.103590 -3.648672 -0.001320 
539 6.825495 0.000000 17.798810 100.027481 0.073703 -3.614433 -0.001857 
540 17.556376 0.000000 17.798810 99.973944 0.130102 -3.658946 -0.000819 
541 12.190936 0.000000 23.006747 99.981913 0.077959 -3.580942 -0.000921 
542 9.508216 0.000000 9.986905 100.080899 0.150216 -3.948398 -0.003180 
543 6.825495 0.000000 9.986905 100.176706 0.103753 -3.894314 -0.005055 
544 12.190936 0.000000 9.986905 100.011921 0.201597 -3.943372 -0.001798 
545 9.508216 0.000000 12.590874 100.057451 0.121720 -3.788010 -0.002586 
546 10.849576 0.000000 6.080953 99.929646 0.301936 -4.326791 -0.000475 
547 9.508216 0.000000 6.080953 100.001636 0.228697 -4.431955 -0.002002 
548 12.190936 0.000000 6.080953 99.910114 0.376405 -4.237576 -0.000013 
549 10.849576 0.000000 7.382937 99.988336 0.246149 -4.184087 -0.001523 
550 10.178896 0.000000 4.127976 99.644417 0.448989 -4.593814 0.004969 
551 9.508216 0.000000 4.127976 99.675352 0.324369 -4.809445 0.004159 
552 10.178896 0.000000 3.476984 99.406532 0.000000 -4.591027 0.009726 
553 10.849576 0.000000 4.127976 99.671822 0.565178 -4.418705 0.004568 
554 10.178896 0.000000 4.778968 99.799914 0.348190 -4.539685 0.001925 
555 10.178896 0.000000 2.825992 99.171856 0.000000 -4.442560 0.014521 
556 9.508216 0.000000 2.825992 99.025589 -0.000000 -4.977052 0.016916 
557 10.849576 0.000000 2.825992 99.347319 0.091020 -4.158080 0.011281 
558 13.532296 0.000000 3.476984 99.855939 2.017639 -3.544961 0.001215 
559 14.873656 0.000000 3.476984 99.897741 1.628073 -3.893388 0.000263 
560 13.532296 0.000000 4.778968 99.874752 0.633556 -4.211521 0.000690 
561 11.520256 0.000000 4.127976 99.738901 0.662375 -4.321381 0.003304 
562 11.520256 0.000000 3.476984 99.670385 -0.069446 -3.914952 0.005048 
563 12.190936 0.000000 4.127976 99.783365 0.739271 -4.246216 0.002470 
564 11.520256 0.000000 4.778968 99.803821 0.486208 -4.335836 0.002016 
565 10.514236 0.000000 3.802480 99.566582 0.714420 -4.476503 0.006595 
566 10.178896 0.000000 3.802480 99.544775 0.612580 -4.595967 0.006934 
567 10.514236 0.000000 3.476984 99.459927 -0.000000 -4.460129 0.008783 
568 10.849576 0.000000 3.802480 99.603299 0.790167 -4.394080 0.005925 
569 10.514236 0.000000 4.127976 99.650078 0.509178 -4.493722 0.004941 
570 11.520256 0.000000 2.825992 99.569847 0.506329 -4.042317 0.006925 
571 12.190936 0.000000 2.825992 99.715511 0.905477 -3.933671 0.004052 
572 10.514236 0.000000 3.151488 99.368954 -0.000000 -4.368696 0.010673 
573 10.178896 0.000000 3.151488 99.298162 -0.000000 -4.548009 0.011919 
574 10.514236 0.000000 2.825992 99.326052 -0.000000 -4.283940 0.011598 
575 10.849576 0.000000 3.151488 99.435440 0.157254 -4.260494 0.009442 
576 11.184916 0.000000 3.802480 99.646108 0.844706 -4.326897 0.005122 
577 11.184916 0.000000 3.476984 99.597557 0.356283 -4.169765 0.006281 
578 11.520256 0.000000 3.802480 99.685255 0.891519 -4.276237 0.004377 
579 11.184916 0.000000 4.127976 99.702984 0.617105 -4.363839 0.003989 
580 10.681906 0.000000 3.639732 99.538972 1.411026 -4.413684 0.007052 
581 10.514236 0.000000 3.639732 99.518632 1.214067 -4.460341 0.007467 
582 10.681906 0.000000 3.476984 99.489479 0.000000 -4.391268 0.008256 
583 10.849576 0.000000 3.639732 99.562251 1.283090 -4.366244 0.006665 
584 10.681906 0.000000 3.802480 99.584104 0.754579 -4.432084 0.006279 
585 14.873656 0.000000 -5.636905 99.892051 -0.385608 -4.123183 0.000443 
586 14.873656 0.000000 -8.240874 99.877618 -0.265700 -3.949340 0.000879 
587 17.556376 0.000000 -5.636905 99.896014 -0.437987 -4.105392 0.000374 
588 13.532296 0.000000 -1.730953 99.976654 -1.027954 -4.252980 -0.001448 
589 13.532296 0.000000 -3.032937 99.954699 -0.643302 -4.275501 -0.000964 
590 14.873656 0.000000 -1.730953 99.932194 -1.110058 -4.259596 -0.000582 
591 12.861616 0.000000 0.222024 99.764608 -5.193363 -7.148434 -0.003105 
592 12.861616 0.000000 -0.428968 99.980166 -2.112051 -4.505223 -0.002079 
593 13.532296 0.000000 0.222024 99.769994 -5.304756 -7.192160 -0.003392 
594 12.861616 0.000000 0.873016 99.536014 7.447513 -11.960789 -0.010594 
595 20.239096 0.000000 -0.428968 99.881698 -2.756116 -5.101412 -0.000997 
596 20.239096 0.000000 -3.032937 99.904748 -0.830987 -4.233553 0.000043 
597 22.921817 0.000000 -0.428968 99.871310 -2.989731 -5.403946 -0.001242 
598 20.239096 0.000000 2.175000 99.935269 1.222501 -3.825997 -0.000319 
599 16.215016 0.000000 0.873016 99.751514 5.827947 -7.763727 -0.004461 
600 16.215016 0.000000 -0.428968 99.896782 -2.401816 -4.758666 -0.000778 
601 17.556376 0.000000 0.873016 99.816801 5.361923 -6.701050 -0.003705 
602 16.215016 0.000000 2.175000 99.933574 1.312485 -3.870285 -0.000342 
603 14.202976 0.000000 0.222024 99.725003 -5.554145 -7.488076 -0.003200 
604 14.202976 0.000000 -0.428968 99.924526 -2.256561 -4.610767 -0.001126 
605 14.873656 0.000000 0.222024 99.726341 -5.451805 -8.050191 -0.003987 
606 14.202976 0.000000 0.873016 99.644166 7.204685 -9.119797 -0.006404 
607 16.215016 0.000000 -1.730953 99.913803 -1.163665 -4.257383 -0.000225 
608 16.215016 0.000000 -3.032937 99.906886 -0.756184 -4.253557 -0.000005 
609 17.556376 0.000000 -1.730953 99.906248 -1.205507 -4.255961 -0.000082 
610 15.544336 0.000000 0.222024 99.756405 -5.072199 -8.514467 -0.004956 
611 15.544336 0.000000 -0.428968 99.901975 -2.350889 -4.714284 -0.000816 
612 16.215016 0.000000 0.222024 99.474123 -6.216256 -10.449077 -0.004293 
613 15.544336 0.000000 0.873016 99.756968 5.920527 -8.118618 -0.005242 
614 14.202976 0.000000 1.524008 99.884368 2.413458 -4.364767 -0.000176 
615 13.532296 0.000000 1.524008 99.860780 2.449495 -4.422894 0.000226 
616 14.873656 0.000000 1.524008 99.901021 2.364368 -4.316562 -0.000444 
617 14.202976 0.000000 2.175000 99.897112 1.320169 -3.903600 0.000359 
618 14.538316 0.000000 0.547520 99.265656 -6.307637 -17.700612 -0.020677 
619 14.202976 0.000000 0.547520 99.180273 -6.729387 -18.006322 -0.020624 
620 14.538316 0.000000 0.222024 99.704397 -5.550319 -7.771377 -0.003217 
621 14.873656 0.000000 0.547520 99.403366 -6.002551 -17.048800 -0.020772 
622 14.538316 0.000000 0.873016 99.720031 6.699471 -8.747938 -0.006549 
623 20.239096 0.000000 4.778968 99.930084 0.719740 -4.159050 -0.000384 
624 22.921817 0.000000 4.778968 99.926454 0.711748 -4.151152 -0.000303 
625 20.239096 0.000000 7.382937 99.941037 0.421870 -4.037875 -0.000469 
626 18.897736 0.000000 0.873016 99.850097 4.866808 -6.251991 -0.003282 
627 18.897736 0.000000 -0.428968 99.879309 -2.642804 -4.980422 -0.000767 
628 20.239096 0.000000 0.873016 99.861058 4.557788 -5.833841 -0.002704 
629 18.897736 0.000000 2.175000 99.938641 1.255584 -3.847405 -0.000411 
630 16.885696 0.000000 0.222024 99.512662 -8.563139 -8.094131 -0.004161 
631 16.885696 0.000000 -0.428968 99.892012 -2.456345 -4.799052 -0.000748 
632 17.556376 0.000000 0.222024 99.386233 -8.233695 -9.925136 -0.004393 
633 16.885696 0.000000 0.873016 99.776839 5.707723 -7.159661 -0.003926 
634 22.921817 0.000000 -13.448810 99.908373 -0.198947 -3.733636 0.000434 
635 22.921817 0.000000 -18.656747 99.911675 -0.135083 -3.633061 0.000444 
636 28.287257 0.000000 -13.448810 99.916960 -0.214471 -3.736156 0.000260 
637 20.239096 0.000000 -5.636905 99.900117 -0.476071 -4.105242 0.000289 
638 20.239096 0.000000 -8.240874 99.900990 -0.324499 -3.940739 0.000416 
639 22.921817 0.000000 -5.636905 99.904951 -0.499031 -4.104023 0.000191 
640 18.897736 0.000000 -1.730953 99.906036 -1.241403 -4.252715 -0.000084 
641 18.897736 0.000000 -3.032937 99.903473 -0.812484 -4.239273 0.000066 
642 20.239096 0.000000 -1.730953 99.907441 -1.272706 -4.247561 -0.000116 
643 18.227056 0.000000 0.222024 99.427005 -6.198563 -11.444827 -0.005514 
644 18.227056 0.000000 -0.428968 99.877476 -2.580135 -4.910655 -0.000628 
645 18.897736 0.000000 0.222024 99.618674 -5.334806 -11.252113 -0.007895 
646 18.227056 0.000000 0.873016 99.839815 5.066081 -6.446064 -0.003521 
647 11.855596 0.000000 0.547520 99.295853 -8.644743 -13.996071 -0.013029 
648 11.855596 0.000000 0.222024 99.881532 -4.185154 -6.555916 -0.003682 
649 12.190936 0.000000 0.547520 98.836026 -10.409058 -17.265115 -0.017499 
650 11.855596 0.000000 0.873016 99.270051 9.601275 -13.636561 -0.013268 
651 -14.636266 0.000000 -60.320242 99.932019 -0.017040 -3.493550 0.000139 
652 -36.098028 0.000000 -60.320242 99.934379 -0.010786 -3.490541 0.000094 
653 -14.636266 0.000000 -81.151989 99.934917 -0.014494 -3.492506 0.000081 
654 71.210780 0.000000 -60.320242 99.936353 -0.047836 -3.506836 0.000043 
655 71.210780 0.000000 -81.151989 99.936905 -0.033229 -3.499029 0.000037 
656 92.672542 0.000000 -60.320242 99.937213 -0.050982 -3.507307 0.000025 
657 -14.636266 0.000000 64.670242 99.945366 0.015523 -3.493169 -0.000128 
658 -36.098028 0.000000 64.670242 99.943375 0.009902 -3.490493 -0.000086 
659 -14.636266 0.000000 85.501989 99.942828 0.013237 -3.492245 -0.000076 
660 -3.905385 0.000000 -29.072621 99.908836 -0.031940 -3.507077 0.000592 
661 -14.636266 0.000000 -29.072621 99.918500 -0.020044 -3.493391 0.000409 
662 -3.905385 0.000000 -39.488495 99.921639 -0.027776 -3.501584 0.000340 
663 71.210780 0.000000 64.670242 99.940896 0.041269 -3.503526 -0.000046 
664 92.672542 0.000000 64.670242 99.940017 0.043277 -3.503342 -0.000028 
665 71.210780 0.000000 85.501989 99.940749 0.029332 -3.497584 -0.000039 
666 39.018138 0.000000 -29.072621 99.929149 -0.097008 -3.557220 0.000150 
667 39.018138 0.000000 -39.488495 99.930934 -0.066898 -3.526742 0.000137 
668 49.749019 0.000000 -29.072621 99.932180 -0.103735 -3.558746 0.000088 
669 -3.905385 0.000000 33.422621 99.964207 0.028712 -3.504632 -0.000513 
670 -14.636266 0.000000 33.422621 99.957046 0.018490 -3.493475 -0.000362 
671 -3.905385 0.000000 43.838495 99.953971 0.024967 -3.500005 -0.000305 
672 1.460055 0.000000 -13.448810 99.807817 -0.054287 -3.576536 0.002561 
673 -3.905385 0.000000 -13.448810 99.843926 -0.034013 -3.509806 0.001887 
674 1.460055 0.000000 -18.656747 99.865025 -0.050178 -3.546430 0.001440 
675 39.018138 0.000000 33.422621 99.945446 0.079698 -3.540649 -0.000163 
676 49.749019 0.000000 33.422621 99.942399 0.084067 -3.539845 -0.000102 
677 39.018138 0.000000 43.838495 99.945125 0.056862 -3.519264 -0.000142 
678 1.460055 0.000000 17.798810 100.034089 0.049927 -3.557193 -0.001948 
679 -3.905385 0.000000 17.798810 100.013866 0.032207 -3.510959 -0.001510 
680 1.460055 0.000000 23.006747 99.995950 0.044315 -3.534671 -0.001169 
681 4.142775 0.000000 -5.636905 99.413786 -0.070804 -3.917023 0.010155 
682 1.460055 0.000000 -5.636905 99.491290 -0.045307 -3.608280 0.008846 
683 4.142775 0.000000 -8.240874 99.639276 -0.075754 -3.763373 0.005785 
684 22.921817 0.000000 17.798810 99.958350 0.147921 -3.658454 -0.000508 
685 28.287257 0.000000 17.798810 99.949450 0.158169 -3.654992 -0.000328 
686 22.921817 0.000000 23.006747 99.958528 0.106885 -3.594383 -0.000464 
687 4.142775 0.000000 9.986905 100.239770 0.071179 -3.761067 -0.006216 
688 1.460055 0.000000 9.986905 100.220343 0.048769 -3.611504 -0.005716 
689 4.142775 0.000000 12.590874 100.130669 0.068637 -3.673348 -0.003965 
690 5.484135 0.000000 -1.730953 98.341134 -0.047601 -5.445061 0.029937 
691 4.142775 0.000000 -1.730953 97.926072 -0.032043 -4.366016 0.039142 
692 5.484135 0.000000 -3.032937 98.976501 -0.071753 -4.688402 0.018167 
693 14.873656 0.000000 9.986905 99.977520 0.245227 -3.923593 -0.001096 
694 17.556376 0.000000 9.986905 99.960877 0.274831 -3.907338 -0.000752 
695 14.873656 0.000000 12.590874 99.986862 0.181858 -3.800227 -0.001185 
696 8.166856 0.000000 6.080953 100.176853 0.163116 -4.519303 -0.005585 
697 6.825495 0.000000 6.080953 100.433011 0.114655 -4.510942 -0.010715 
698 8.166856 0.000000 7.382937 100.159651 0.150893 -4.245007 -0.005000 
699 11.520256 0.000000 -1.079961 100.237944 -1.026490 -4.221365 -0.006652 
700 11.520256 0.000000 -1.730953 100.171398 -0.738485 -4.321402 -0.005353 
701 12.190936 0.000000 -1.079961 100.090892 -1.216403 -4.241619 -0.003766 
702 9.843556 0.000000 -0.103472 102.022104 -0.215470 -4.322963 -0.042724 
703 9.843556 0.000000 -0.428968 101.529470 -0.315567 -4.642151 -0.032988 
704 20.239096 0.000000 9.986905 99.950898 0.292126 -3.895348 -0.000544 
705 22.921817 0.000000 9.986905 99.945522 0.301300 -3.887276 -0.000431 
706 20.239096 0.000000 12.590874 99.959456 0.215582 -3.788809 -0.000629 
707 16.215016 0.000000 3.476984 99.919230 1.457068 -3.984054 -0.000185 
708 17.556376 0.000000 3.476984 99.927043 1.354254 -4.027634 -0.000347 
709 16.215016 0.000000 4.778968 99.923062 0.705539 -4.180303 -0.000259 
710 13.532296 0.000000 6.080953 99.912148 0.430314 -4.171381 -0.000002 
711 14.873656 0.000000 6.080953 99.928464 0.474158 -4.146164 -0.000311 
712 13.532296 0.000000 7.382937 99.954200 0.338734 -4.107412 -0.000783 
713 12.861616 0.000000 1.524008 99.822175 2.420768 -4.458110 0.000980 
714 12.861616 0.000000 2.175000 99.815686 1.211460 -3.821361 0.002076 
715 11.184916 0.000000 -0.103472 100.183772 -2.023104 -4.531867 -0.006142 
716 11.184916 0.000000 -0.428968 100.298028 -1.422448 -4.252723 -0.007980 
717 11.520256 0.000000 -0.103472 100.098173 -2.383809 -4.698274 -0.004740 
718 11.855596 0.000000 -0.103472 100.042987 -2.601867 -4.800780 -0.003842 
719 11.855596 0.000000 -0.428968 100.113742 -1.843967 -4.369898 -0.004526 
720 12.190936 0.000000 -0.103472 100.003831 -2.733255 -4.881409 -0.003207 
721 10.346566 0.000000 0.384772 100.359362 -0.317269 -3.811169 -0.008663 
722 10.178896 0.000000 0.384772 101.162499 -0.042961 -3.542907 -0.024641 
723 10.346566 0.000000 0.222024 100.728162 -0.498861 -3.929846 -0.016186 
724 11.855596 0.000000 1.198512 99.700434 4.444214 -6.010797 0.000394 
725 12.190936 0.000000 1.198512 99.731240 4.349858 -6.069121 -0.000208 
726 11.855596 0.000000 1.524008 99.713213 2.486954 -4.490763 0.003092 
727 11.017246 0.000000 0.384772 99.520339 -4.434346 -7.018035 0.002679 
728 11.017246 0.000000 0.222024 99.864351 -2.932034 -5.653280 -0.001344 
729 11.184916 0.000000 0.384772 99.658666 -5.071352 -7.325508 -0.001123 
730 7.496176 0.000000 -1.079961 99.759139 -0.079166 -6.465706 0.000630 
731 6.825495 0.000000 -1.079961 99.227103 -0.057146 -6.521617 0.011145 
732 7.496176 0.000000 -1.730953 99.657974 -0.106427 -5.825336 0.003434 
733 8.502196 0.000000 -0.103472 101.424599 -0.043080 -7.802292 -0.034783 
734 8.166856 0.000000 -0.103472 100.734444 -0.035290 -7.966640 -0.021090 
735 8.502196 0.000000 -0.428968 101.098464 -0.084993 -6.989359 -0.026976 
736 9.675886 0.000000 0.384772 103.578260 0.144429 -4.022554 -0.074466 
737 9.675886 0.000000 0.222024 103.136576 0.047525 -4.312979 -0.065576 
738 9.843556 0.000000 0.384772 102.744427 0.086278 -3.638003 -0.056966 
739 10.011226 0.000000 0.384772 101.950276 0.059375 -3.491541 -0.040605 
740 10.011226 0.000000 0.222024 101.903275 -0.061961 -3.763377 -0.039844 
741 10.430401 0.000000 0.628894 98.457666 0.928061 -2.319911 0.029984 
742 10.346566 0.000000 0.628894 99.475404 0.905101 -1.869762 0.010033 
743 10.430401 0.000000 0.547520 99.064685 0.179276 -3.053281 0.017683 
744 5.484135 0.000000 3.476984 101.530085 0.048185 -5.475729 -0.033834 
745 4.142775 0.000000 3.476984 102.033705 0.029002 -4.369227 -0.042997 
746 5.484135 0.000000 4.778968 100.919598 0.070338 -4.699340 -0.020685 
747 5.484135 0.000000 6.080953 100.659878 0.081530 -4.332890 -0.015119 
748 4.142775 0.000000 6.080953 100.791499 0.059960 -4.029413 -0.017517 
749 5.484135 0.000000 7.382937 100.443902 0.085490 -4.087184 -0.010569 
750 8.837536 0.000000 2.825992 99.109637 0.252382 -5.617751 0.014566 
751 8.166856 0.000000 2.825992 99.499768 0.140733 -6.070891 0.006292 
752 8.837536 0.000000 3.476984 99.522157 0.245585 -5.273976 0.006747 
753 8.837536 0.000000 4.127976 99.787261 0.233089 -5.036787 0.001708 
754 8.166856 0.000000 4.127976 99.992462 0.169551 -5.219845 -0.002577 
755 8.837536 0.000000 4.778968 99.933284 0.217553 -4.827575 -0.001001 
756 10.262731 0.000000 0.954390 99.454049 -0.000000 -1.119591 0.010764 
757 10.178896 0.000000 0.954390 98.843479 0.000000 -1.059993 0.022884 
758 10.262731 0.000000 1.035764 99.248554 -0.000000 -1.576384 0.014724 
759 10.702865 0.000000 0.771298 104.442733 2.514817 -4.000153 -0.093061 
760 10.702865 0.000000 0.750955 98.406309 3.418786 0.000000 0.030451 
761 10.723823 0.000000 0.771298 103.812284 2.619468 -4.034147 -0.080013 
762 10.472318 0.000000 0.750955 99.719158 1.697231 0.000000 0.005321 
763 10.430401 0.000000 0.750955 99.766945 1.358345 0.000000 0.004471 
764 10.472318 0.000000 0.710268 99.738018 1.645934 0.000000 0.004962 
765 10.095061 0.000000 0.954390 98.277029 0.000000 -1.003625 0.034062 
766 10.011226 0.000000 0.954390 97.815191 0.000000 -0.900920 0.043138 
767 10.095061 0.000000 1.035764 98.176113 0.000000 -1.315751 0.035972 
768 9.759721 0.000000 0.954390 95.981338 0.000000 -0.836691 0.078688 
769 9.843556 0.000000 0.954390 96.687458 -0.000000 -0.794440 0.065090 
770 9.759721 0.000000 1.035764 96.099091 0.000000 -1.446958 0.076287 
771 9.424381 0.000000 0.628894 106.308905 0.239976 -2.499110 -0.130789 
772 9.424381 0.000000 0.547520 105.883307 0.179019 -3.512033 -0.122364 
773 9.508216 0.000000 0.628894 105.547916 0.284052 -2.196872 -0.114527 
774 9.382463 0.000000 0.750955 98.162690 0.109024 -0.146553 0.036405 
775 9.382463 0.000000 0.710268 99.790307 0.140249 0.000000 0.004188 
776 9.424381 0.000000 0.750955 98.463451 0.120976 -0.171464 0.030490 
777 9.466298 0.000000 0.832329 95.850289 0.071573 -0.630627 0.081232 
778 9.466298 0.000000 0.791642 96.908811 0.100280 -0.491209 0.060843 
779 9.466298 0.000000 0.873016 95.085898 0.047431 -0.801555 0.095803 
780 8.669866 0.000000 0.384772 102.402760 0.040197 -10.520870 -0.059702 
781 8.502196 0.000000 0.384772 101.447195 0.029351 -10.328892 -0.039822 
782 8.669866 0.000000 0.222024 102.318617 0.006421 -9.121367 -0.055230 
783 9.214793 0.000000 0.750955 98.361557 0.079467 -0.060775 0.032499 
784 9.172876 0.000000 0.750955 99.776363 0.082303 0.000000 0.004467 
785 9.214793 0.000000 0.710268 99.778972 0.088990 0.000000 0.004415 
786 9.130958 0.000000 0.750955 98.587774 0.057960 -0.090758 0.028044 
787 9.130958 0.000000 0.710268 99.772847 0.069455 0.000000 0.004537 
788 9.026164 0.000000 0.771298 96.512577 0.014881 -1.722473 0.068236 
789 9.026164 0.000000 0.750955 98.315171 0.016672 -0.636766 0.033372 
790 9.047123 0.000000 0.771298 97.461331 0.021188 -0.745696 0.050073 
791 12.861616 0.000000 2.825992 99.808753 0.726872 -3.948987 0.002209 
792 13.532296 0.000000 2.825992 99.864705 0.585771 -3.711006 0.001293 
793 12.861616 0.000000 3.476984 99.850503 2.341984 -2.672090 0.001725 
794 14.202976 0.000000 2.825992 99.897454 1.002076 -3.613907 0.000643 
795 14.873656 0.000000 2.825992 99.908749 0.922151 -3.803345 0.000293 
796 14.202976 0.000000 3.476984 99.876989 1.775392 -3.784502 0.000711 
797 12.861616 0.000000 4.127976 99.820595 0.796886 -4.203591 0.001754 
798 13.532296 0.000000 4.127976 99.857742 0.836870 -4.191275 0.001016 
799 12.861616 0.000000 4.778968 99.856095 0.594662 -4.239539 0.001043 
800 11.184916 0.000000 3.151488 99.524385 0.228173 -4.187647 0.007731 
801 11.184916 0.000000 2.825992 99.466044 0.421333 -4.093581 0.008957 
802 11.520256 0.000000 3.151488 99.606558 0.727785 -4.096162 0.006123 
803 12.861616 0.000000 -1.079961 100.007952 -1.339927 -4.271486 -0.002163 
804 12.861616 0.000000 -1.730953 100.011939 -0.963175 -4.266504 -0.002152 
805 13.532296 0.000000 -1.079961 99.970929 -1.416661 -4.275275 -0.001447 
806 15.544336 0.000000 1.524008 99.911955 2.321845 -4.280188 -0.000611 
807 16.215016 0.000000 1.524008 99.918408 2.280348 -4.242780 -0.000689 
808 15.544336 0.000000 2.175000 99.925637 1.312992 -3.857883 -0.000174 
809 18.897736 0.000000 3.476984 99.929401 1.283486 -4.049570 -0.000393 
810 20.239096 0.000000 3.476984 99.929818 1.237183 -4.069889 -0.000406 
811 18.897736 0.000000 4.778968 99.929687 0.721732 -4.162503 -0.000379 
812 16.215016 0.000000 6.080953 99.935227 0.504417 -4.131542 -0.000437 
813 17.556376 0.000000 6.080953 99.936366 0.520445 -4.120797 -0.000453 
814 16.215016 0.000000 7.382937 99.947743 0.382935 -4.063788 -0.000621 
815 10.262731 0.000000 0.628894 100.262437 0.834420 -1.680819 -0.005608 
816 10.178896 0.000000 0.628894 100.895323 0.754496 -1.589673 -0.018296 
817 10.262731 0.000000 0.547520 100.429271 0.425368 -2.380378 -0.009189 
818 7.496176 0.000000 2.825992 99.992001 0.090435 -6.327806 -0.003845 
819 6.825495 0.000000 2.825992 100.539831 0.062016 -6.472925 -0.015016 
820 7.496176 0.000000 3.476984 100.144802 0.115967 -5.743648 -0.006198 
821 7.496176 0.000000 4.127976 100.225626 0.128454 -5.315793 -0.007345 
822 6.825495 0.000000 4.127976 100.532949 0.098499 -5.333406 -0.013533 
823 7.496176 0.000000 4.778968 100.292427 0.134960 -5.003416 -0.008362 
824 10.388483 0.000000 0.750955 99.952673 1.041770 -0.035299 0.000838 
825 10.346566 0.000000 0.750955 99.800455 0.990687 0.000000 0.003889 
826 10.388483 0.000000 0.710268 99.793525 1.089359 0.000000 0.004007 
827 10.095061 0.000000 0.628894 101.426602 0.679446 -1.519022 -0.029012 
828 10.011226 0.000000 0.628894 101.908321 0.609809 -1.472018 -0.038784 
829 10.095061 0.000000 0.547520 101.480263 0.433219 -2.172234 -0.030315 
830 9.927391 0.000000 0.954390 97.288676 0.000000 -0.822947 0.053424 
831 9.927391 0.000000 1.035764 97.190543 0.000000 -1.276666 0.055237 
832 9.592051 0.000000 0.628894 104.880241 0.330395 -1.887839 -0.100354 
833 9.592051 0.000000 0.547520 104.608448 0.249069 -2.755438 -0.095058 
834 9.675886 0.000000 0.628894 104.226504 0.379800 -1.639455 -0.086600 
835 9.759721 0.000000 0.628894 103.589790 0.431878 -1.470249 -0.073319 
836 9.759721 0.000000 0.547520 103.468556 0.317327 -2.313746 -0.071120 
837 9.843556 0.000000 0.628894 102.980405 0.486439 -1.378154 -0.060710 
838 9.466298 0.000000 0.750955 97.772667 0.125525 -0.363701 0.044036 
839 9.466298 0.000000 0.710268 99.795860 0.167880 0.000000 0.004076 
840 9.508216 0.000000 0.750955 98.634024 0.155917 -0.220096 0.027126 
841 9.068082 0.000000 0.771298 97.409948 0.023499 -0.735304 0.051076 
842 9.068082 0.000000 0.750955 98.753276 0.024479 -0.159707 0.024776 
843 9.089041 0.000000 0.771298 95.491017 0.032135 -0.833994 0.088077 
844 14.202976 0.000000 4.127976 99.879529 0.863524 -4.176991 0.000589 
845 14.873656 0.000000 4.127976 99.897447 0.879018 -4.171483 0.000233 
846 14.202976 0.000000 4.778968 99.892395 0.659647 -4.199733 0.000344 
847 14.202976 0.000000 -1.079961 99.945803 -1.467135 -4.286885 -0.000969 
848 14.202976 0.000000 -1.730953 99.951889 -1.075048 -4.250609 -0.000960 
849 14.873656 0.000000 -1.079961 99.932164 -1.506079 -4.290894 -0.000712 
850 16.885696 0.000000 1.524008 99.923496 2.237674 -4.202121 -0.000737 
851 17.556376 0.000000 1.524008 99.926097 2.196006 -4.166139 -0.000740 
852 16.885696 0.000000 2.175000 99.938313 1.294831 -3.864908 -0.000428 
853 15.544336 0.000000 -1.079961 99.920026 -1.539496 -4.304618 -0.000491 
854 15.544336 0.000000 -1.730953 99.924170 -1.139213 -4.249974 -0.000420 
855 16.215016 0.000000 -1.079961 99.912935 -1.570122 -4.313559 -0.000367 
856 18.897736 0.000000 6.080953 99.936187 0.523245 -4.115142 -0.000445 
857 20.239096 0.000000 6.080953 99.934881 0.530122 -4.110396 -0.000416 
858 18.897736 0.000000 7.382937 99.943770 0.413949 -4.043858 -0.000528 
859 18.227056 0.000000 1.524008 99.927729 2.155556 -4.135275 -0.000730 
860 18.897736 0.000000 1.524008 99.927379 2.114032 -4.106797 -0.000682 
861 18.227056 0.000000 2.175000 99.940658 1.272748 -3.853212 -0.000460 
862 15.544336 0.000000 2.825992 99.928589 0.813493 -3.743801 -0.000040 
863 16.215016 0.000000 2.825992 99.942436 0.893585 -3.641566 -0.000255 
864 15.544336 0.000000 3.476984 99.907100 1.529661 -3.941687 0.000069 
865 16.885696 0.000000 2.825992 99.943812 0.939350 -3.709549 -0.000341 
866 17.556376 0.000000 2.825992 99.947142 0.877232 -3.714959 -0.000400 
867 16.885696 0.000000 3.476984 99.924167 1.400696 -4.009172 -0.000287 
868 15.544336 0.000000 4.127976 99.910768 0.889520 -4.170362 -0.000034 
869 16.215016 0.000000 4.127976 99.917936 0.894933 -4.164429 -0.000174 
870 15.544336 0.000000 4.778968 99.915956 0.694390 -4.182581 -0.000117 
871 18.227056 0.000000 2.825992 99.951428 0.865672 -3.645506 -0.000433 
872 18.897736 0.000000 2.825992 99.948466 0.914586 -3.614694 -0.000360 
873 18.227056 0.000000 3.476984 99.927730 1.314861 -4.039868 -0.000360 
874 9.927391 0.000000 0.628894 102.413215 0.547113 -1.403860 -0.049074 
875 9.927391 0.000000 0.547520 102.430866 0.381848 -2.141699 -0.049682 
876 9.550133 0.000000 0.750955 98.671779 0.165693 -0.115204 0.026384 
877 9.550133 0.000000 0.710268 105.507794 0.376306 -1.204790 -0.113349 
878 9.592051 0.000000 0.750955 99.805671 0.218376 0.000000 0.003878 
879 16.885696 0.000000 -1.079961 99.909333 -1.599409 -4.316472 -0.000306 
880 16.885696 0.000000 -1.730953 99.908628 -1.185921 -4.255831 -0.000125 
881 17.556376 0.000000 -1.079961 99.905380 -1.628659 -4.323369 -0.000243 
882 18.227056 0.000000 -1.079961 99.904656 -1.656982 -4.331236 -0.000245 
883 18.227056 0.000000 -1.730953 99.906363 -1.224207 -4.253358 -0.000087 
884 18.897736 0.000000 -1.079961 99.904595 -1.685685 -4.335682 -0.000257 
885 16.885696 0.000000 4.127976 99.923629 0.896668 -4.165566 -0.000289 
886 17.556376 0.000000 4.127976 99.925837 0.896367 -4.162566 -0.000330 
887 16.885696 0.000000 4.778968 99.926509 0.713471 -4.175275 -0.000325 
888 18.227056 0.000000 4.127976 99.926978 0.894620 -4.163069 -0.000353 
889 18.897736 0.000000 4.127976 99.927590 0.892301 -4.156442 -0.000360 
890 18.227056 0.000000 4.778968 99.928624 0.718461 -4.166270 -0.000360 
1 1 12 10 11 
2 11 10 14 6 
3 6 14 19 20 
4 20 19 22 4 
5 10 25 23 24 
6 24 23 27 14 
7 14 27 35 36 
8 36 35 38 19 
9 23 41 39 40 
10 40 39 43 27 
11 27 43 51 52 
12 52 51 54 35 
13 39 57 55 56 
14 56 55 59 43 
15 43 59 67 68 
16 68 67 70 51 
17 55 73 71 72 
18 72 71 75 59 
19 15 84 83 33 
20 84 17 85 83 
21 83 85 8 86 
22 33 83 86 18 
23 31 88 87 49 
24 88 33 89 87 
25 87 89 18 90 
26 49 87 90 34 
27 92 49 93 91 
28 91 93 34 94 
29 7 114 112 113 
30 114 16 115 112 
31 112 115 15 32 
32 113 112 32 13 
33 13 118 116 117 
34 118 32 119 116 
35 116 119 31 48 
36 117 116 48 26 
37 26 122 120 121 
38 122 48 123 120 
39 120 123 47 64 
40 121 120 64 42 
41 42 126 124 125 
42 126 64 127 124 
43 124 127 63 80 
44 125 124 80 58 
45 80 130 128 129 
46 130 63 131 128 
47 18 86 137 45 
48 86 8 138 137 
49 137 138 29 139 
50 45 137 139 28 
51 34 90 140 61 
52 90 18 141 140 
53 140 141 45 142 
54 61 140 142 44 
55 94 34 144 143 
56 143 144 61 145 
57 161 163 107 164 
58 162 161 164 82 
59 170 171 66 172 
60 163 170 172 107 
61 174 153 175 173 
62 173 175 156 176 
63 177 179 163 180 
64 178 177 180 161 
65 176 156 187 186 
66 186 187 170 188 
67 179 186 188 163 
68 168 190 189 184 
69 190 173 191 189 
70 189 191 176 192 
71 184 189 192 103 
72 193 195 179 196 
73 194 193 196 177 
74 199 184 200 197 
75 197 200 103 201 
76 58 204 202 203 
77 204 80 129 202 
78 103 192 221 195 
79 192 176 222 221 
80 221 222 186 223 
81 195 221 223 179 
82 185 201 224 225 
83 201 103 226 224 
84 224 226 195 227 
85 225 224 227 193 
86 230 197 231 228 
87 228 231 201 232 
88 229 228 232 185 
89 59 75 233 234 
90 234 233 235 67 
91 239 162 82 241 
92 240 239 241 111 
93 242 178 161 244 
94 243 242 244 162 
95 245 194 177 247 
96 246 245 247 178 
97 169 220 248 249 
98 220 185 225 248 
99 248 225 193 250 
100 249 248 250 194 
101 217 253 251 252 
102 251 229 185 254 
103 252 251 254 220 
104 129 257 255 256 
105 257 128 258 255 
106 255 258 105 134 
107 256 255 134 79 
108 134 261 259 260 
109 261 105 262 259 
110 259 262 135 167 
111 260 259 167 132 
112 167 265 263 264 
113 265 135 266 263 
114 263 266 168 183 
115 264 263 183 165 
116 183 269 267 268 
117 269 168 270 267 
118 267 270 184 199 
119 268 267 199 181 
120 181 273 271 272 
121 273 199 274 271 
122 271 274 197 230 
123 198 277 275 276 
124 277 230 278 275 
125 275 278 228 279 
126 276 275 279 229 
127 165 282 280 281 
128 282 183 268 280 
129 280 268 181 219 
130 281 280 219 182 
131 219 285 283 284 
132 285 181 272 283 
133 284 283 253 217 
134 253 288 286 287 
135 286 276 229 289 
136 287 286 289 251 
137 283 292 290 291 
138 292 272 293 290 
139 290 293 198 288 
140 291 290 288 253 
141 288 296 294 295 
142 296 198 297 294 
143 294 297 276 298 
144 295 294 298 286 
145 305 217 252 303 
146 303 252 220 306 
147 304 303 306 169 
148 216 302 307 308 
149 302 169 249 307 
150 307 249 194 309 
151 308 307 309 245 
152 299 312 310 311 
153 312 218 304 310 
154 310 304 169 313 
155 311 310 313 302 
156 182 316 314 315 
157 316 219 284 314 
158 314 284 217 305 
159 315 314 305 218 
160 218 319 317 318 
161 319 305 320 317 
162 317 320 303 321 
163 318 317 321 304 
164 214 328 326 327 
165 328 213 300 326 
166 326 300 216 329 
167 327 326 329 136 
168 300 332 330 331 
169 332 299 311 330 
170 330 311 302 333 
171 331 330 333 216 
172 334 246 178 336 
173 335 334 336 242 
174 322 339 337 338 
175 339 214 327 337 
176 337 327 136 340 
177 338 337 340 325 
178 323 351 349 350 
179 351 322 338 349 
180 349 338 325 352 
181 350 349 352 212 
182 353 243 162 355 
183 354 353 355 239 
184 356 335 242 358 
185 357 356 358 243 
186 345 361 359 360 
187 361 323 350 359 
188 359 350 212 362 
189 360 359 362 348 
190 369 345 360 367 
191 367 360 348 370 
192 371 357 243 373 
193 372 371 373 353 
194 104 370 378 379 
195 370 348 380 378 
196 378 380 356 381 
197 379 378 381 357 
198 368 384 382 383 
199 384 367 385 382 
200 382 385 370 386 
201 383 382 386 104 
202 71 389 387 388 
203 389 74 109 387 
204 387 109 5 390 
205 388 387 390 75 
206 74 393 391 392 
207 393 110 206 391 
208 391 206 108 394 
209 392 391 394 109 
210 206 397 395 396 
211 396 395 398 108 
212 109 394 407 408 
213 394 108 240 407 
214 407 240 111 409 
215 408 407 409 5 
216 108 398 410 411 
217 410 354 239 412 
218 411 410 412 240 
219 413 372 353 415 
220 414 413 415 354 
221 344 406 416 417 
222 406 366 418 416 
223 416 418 371 419 
224 417 416 419 372 
225 403 422 420 421 
226 420 423 366 424 
227 421 420 424 406 
228 202 427 425 426 
229 427 129 256 425 
230 425 256 79 207 
231 426 425 207 110 
232 207 430 428 429 
233 430 79 431 428 
234 428 431 133 343 
235 429 428 343 205 
236 343 434 432 433 
237 434 133 435 432 
238 432 435 210 365 
239 433 432 365 341 
240 341 438 436 437 
241 438 365 439 436 
242 436 439 363 405 
243 437 436 405 364 
244 405 442 440 441 
245 442 363 443 440 
246 440 443 375 422 
247 441 440 422 403 
248 366 377 444 418 
249 377 104 379 444 
250 444 379 357 445 
251 418 444 445 371 
252 375 447 446 423 
253 447 374 448 446 
254 446 448 377 449 
255 423 446 449 366 
256 422 452 450 451 
257 452 375 453 450 
258 450 453 423 454 
259 451 450 454 420 
260 404 461 459 460 
261 461 403 421 459 
262 459 421 406 462 
263 460 459 462 344 
264 402 458 463 464 
265 458 344 417 463 
266 463 417 372 465 
267 464 463 465 413 
268 455 468 466 467 
269 468 404 460 466 
270 466 460 344 469 
271 467 466 469 458 
272 395 472 470 471 
273 472 342 400 470 
274 470 400 208 473 
275 471 470 473 398 
276 400 476 474 475 
277 475 474 477 208 
278 478 467 458 481 
279 479 478 481 402 
280 205 484 482 483 
281 484 343 433 482 
282 482 433 341 401 
283 483 482 401 342 
284 401 487 485 486 
285 487 341 437 485 
286 485 437 364 457 
287 486 485 457 399 
288 399 490 488 489 
289 490 457 491 488 
290 480 494 492 493 
291 494 455 495 492 
292 492 495 467 496 
293 493 492 496 478 
294 398 473 497 498 
295 473 208 414 497 
296 497 414 354 499 
297 498 497 499 410 
298 208 477 500 501 
299 477 402 464 500 
300 500 464 413 502 
301 501 500 502 414 
302 474 505 503 504 
303 503 479 402 506 
304 504 503 506 477 
305 456 509 507 508 
306 509 480 493 507 
307 507 493 478 510 
308 508 507 510 479 
309 342 513 511 512 
310 513 401 486 511 
311 511 486 399 476 
312 512 511 476 400 
313 476 516 514 515 
314 516 399 489 514 
315 515 514 505 474 
316 505 519 517 518 
317 517 508 479 520 
318 518 517 520 503 
319 514 523 521 522 
320 523 489 524 521 
321 521 524 456 519 
322 522 521 519 505 
323 519 527 525 526 
324 527 456 528 525 
325 525 528 508 529 
326 526 525 529 517 
327 21 46 530 531 
328 46 28 532 530 
329 530 532 30 533 
330 531 530 533 9 
331 37 62 534 535 
332 62 44 536 534 
333 534 536 46 537 
334 535 534 537 21 
335 53 78 538 539 
336 78 60 540 538 
337 538 540 62 541 
338 539 538 541 37 
339 69 102 542 543 
340 102 76 544 542 
341 542 544 78 545 
342 543 542 545 53 
343 99 160 546 547 
344 160 101 548 546 
345 546 548 76 549 
346 547 546 549 102 
347 158 552 550 551 
348 550 553 160 554 
349 551 550 554 99 
350 82 164 555 556 
351 164 107 557 555 
352 556 555 552 158 
353 562 159 563 561 
354 561 563 101 564 
355 553 561 564 160 
356 552 567 565 566 
357 565 568 553 569 
358 566 565 569 550 
359 107 172 570 557 
360 172 66 571 570 
361 570 571 159 562 
362 555 574 572 573 
363 574 557 575 572 
364 572 575 157 567 
365 573 572 567 552 
366 157 577 576 568 
367 577 562 578 576 
368 576 578 561 579 
369 568 576 579 553 
370 567 582 580 581 
371 582 157 583 580 
372 580 583 568 584 
373 581 580 584 565 
374 64 586 585 127 
375 586 47 587 585 
376 585 587 65 96 
377 127 585 96 63 
378 63 589 588 131 
379 589 96 590 588 
380 81 592 591 155 
381 592 150 593 591 
382 591 593 149 594 
383 155 591 594 106 
384 596 91 597 595 
385 595 597 94 598 
386 150 604 603 593 
387 604 95 605 603 
388 593 603 606 149 
389 96 608 607 590 
390 608 65 609 607 
391 95 611 610 605 
392 611 600 612 610 
393 610 612 599 613 
394 605 610 613 151 
395 149 606 614 615 
396 606 151 616 614 
397 614 616 98 617 
398 615 614 617 152 
399 603 620 618 619 
400 620 605 621 618 
401 618 621 151 622 
402 619 618 622 606 
403 598 94 624 623 
404 623 624 143 625 
405 627 595 628 626 
406 626 628 598 629 
407 600 631 630 612 
408 631 97 632 630 
409 630 632 601 633 
410 612 630 633 599 
411 48 635 634 123 
412 635 31 636 634 
413 634 636 49 92 
414 123 634 92 47 
415 47 638 637 587 
416 638 92 639 637 
417 637 639 91 596 
418 587 637 596 65 
419 65 641 640 609 
420 641 596 642 640 
421 640 642 595 627 
422 97 644 643 632 
423 644 627 645 643 
424 643 645 626 646 
425 632 643 646 601 
426 153 648 647 175 
427 648 155 649 647 
428 647 649 106 650 
429 175 647 650 156 
430 12 653 651 652 
431 653 7 113 651 
432 651 113 13 25 
433 652 651 25 10 
434 16 655 654 115 
435 655 2 656 654 
436 654 656 17 84 
437 115 654 84 15 
438 19 38 657 658 
439 38 21 531 657 
440 657 531 9 659 
441 658 657 659 22 
442 25 662 660 661 
443 662 13 117 660 
444 660 117 26 41 
445 661 660 41 23 
446 28 139 663 532 
447 139 29 664 663 
448 663 664 3 665 
449 532 663 665 30 
450 32 667 666 119 
451 667 15 668 666 
452 666 668 33 88 
453 119 666 88 31 
454 35 54 669 670 
455 54 37 535 669 
456 669 535 21 671 
457 670 669 671 38 
458 41 674 672 673 
459 674 26 121 672 
460 672 121 42 57 
461 673 672 57 39 
462 44 142 675 536 
463 142 45 676 675 
464 675 676 28 677 
465 536 675 677 46 
466 51 70 678 679 
467 70 53 539 678 
468 678 539 37 680 
469 679 678 680 54 
470 57 683 681 682 
471 683 42 125 681 
472 681 125 58 73 
473 682 681 73 55 
474 60 145 684 540 
475 145 61 685 684 
476 684 685 44 686 
477 540 684 686 62 
478 67 235 687 688 
479 235 69 543 687 
480 687 543 53 689 
481 688 687 689 70 
482 73 692 690 691 
483 692 58 203 690 
484 690 203 74 389 
485 691 690 389 71 
486 76 148 693 544 
487 148 77 694 693 
488 693 694 60 695 
489 544 693 695 78 
490 100 238 696 697 
491 238 99 547 696 
492 696 547 102 698 
493 697 696 698 69 
494 128 700 699 258 
495 700 131 701 699 
496 699 701 81 154 
497 258 699 154 105 
498 79 703 702 431 
499 703 134 260 702 
500 702 260 132 211 
501 431 702 211 133 
502 77 625 704 694 
503 625 143 705 704 
504 704 705 145 706 
505 694 704 706 60 
506 101 560 710 548 
507 560 146 711 710 
508 710 711 148 712 
509 548 710 712 76 
510 106 594 713 171 
511 594 149 615 713 
512 713 615 152 714 
513 171 713 714 66 
514 105 716 715 262 
515 716 154 717 715 
516 715 717 153 174 
517 262 715 174 135 
518 154 719 718 717 
519 719 81 720 718 
520 718 720 155 648 
521 717 718 648 153 
522 132 723 721 722 
523 723 167 264 721 
524 721 264 165 215 
525 722 721 215 166 
526 156 650 724 187 
527 650 106 725 724 
528 724 725 171 726 
529 187 724 726 170 
530 135 728 727 266 
531 728 174 729 727 
532 727 729 173 190 
533 266 727 190 168 
534 203 732 730 731 
535 732 202 426 730 
536 730 426 110 393 
537 731 730 393 74 
538 110 735 733 734 
539 735 207 429 733 
540 733 429 205 397 
541 734 733 397 206 
542 133 737 736 435 
543 737 211 738 736 
544 736 738 209 347 
545 435 736 347 210 
546 211 740 739 738 
547 740 132 722 739 
548 739 722 166 324 
549 738 739 324 209 
550 215 743 741 742 
551 743 165 281 741 
552 741 281 182 301 
553 742 741 301 213 
554 75 390 744 745 
555 390 5 237 744 
556 744 237 100 746 
557 745 744 746 233 
558 233 746 747 748 
559 746 100 697 747 
560 747 697 69 749 
561 748 747 749 235 
562 111 241 750 751 
563 241 82 556 750 
564 750 556 158 752 
565 751 750 752 236 
566 236 752 753 754 
567 752 158 551 753 
568 753 551 99 755 
569 754 753 755 238 
570 136 329 756 757 
571 329 216 308 756 
572 756 308 245 758 
573 757 756 758 246 
574 272 760 759 293 
575 760 271 761 759 
576 759 761 230 277 
577 293 759 277 198 
578 301 764 762 763 
579 764 182 315 762 
580 762 315 218 312 
581 763 762 312 299 
582 325 340 765 766 
583 340 136 757 765 
584 765 757 246 767 
585 766 765 767 334 
586 348 362 768 380 
587 362 212 769 768 
588 768 769 335 770 
589 380 768 770 356 
590 365 772 771 439 
591 772 210 773 771 
592 771 773 346 376 
593 439 771 376 363 
594 363 775 774 443 
595 775 376 776 774 
596 774 776 374 447 
597 443 774 447 375 
598 374 778 777 448 
599 778 368 383 777 
600 777 383 104 779 
601 448 777 779 377 
602 397 782 780 781 
603 782 205 483 780 
604 780 483 342 472 
605 781 780 472 395 
606 364 785 783 784 
607 785 405 441 783 
608 783 441 403 461 
609 784 783 461 404 
610 457 787 786 491 
611 787 364 784 786 
612 786 784 404 468 
613 491 786 468 455 
614 489 789 788 524 
615 789 488 790 788 
616 788 790 480 509 
617 524 788 509 456 
618 66 714 791 571 
619 714 152 792 791 
620 791 792 558 793 
621 571 791 793 159 
622 152 617 794 792 
623 617 98 795 794 
624 794 795 559 796 
625 792 794 796 558 
626 159 793 797 563 
627 793 558 798 797 
628 797 798 560 799 
629 563 797 799 101 
630 557 801 800 575 
631 801 570 802 800 
632 800 802 562 577 
633 575 800 577 157 
634 131 804 803 701 
635 804 588 805 803 
636 803 805 150 592 
637 701 803 592 81 
638 151 613 806 616 
639 613 599 807 806 
640 806 807 602 808 
641 616 806 808 98 
642 629 598 810 809 
643 809 810 623 811 
644 146 709 812 711 
645 709 147 813 812 
646 812 813 77 814 
647 711 812 814 148 
648 166 817 815 816 
649 817 215 742 815 
650 815 742 213 328 
651 816 815 328 214 
652 5 409 818 819 
653 409 111 751 818 
654 818 751 236 820 
655 819 818 820 237 
656 237 820 821 822 
657 820 236 754 821 
658 821 754 238 823 
659 822 821 823 100 
660 213 826 824 825 
661 826 301 763 824 
662 824 763 299 332 
663 825 824 332 300 
664 324 829 827 828 
665 829 166 816 827 
666 827 816 214 339 
667 828 827 339 322 
668 212 352 830 769 
669 352 325 766 830 
670 830 766 334 831 
671 769 830 831 335 
672 210 833 832 773 
673 833 347 834 832 
674 832 834 345 369 
675 773 832 369 346 
676 347 836 835 834 
677 836 209 837 835 
678 835 837 323 361 
679 834 835 361 345 
680 376 839 838 776 
681 839 346 840 838 
682 838 840 368 778 
683 776 838 778 374 
684 488 842 841 790 
685 842 491 843 841 
686 841 843 455 494 
687 790 841 494 480 
688 558 796 844 798 
689 796 559 845 844 
690 844 845 146 846 
691 798 844 846 560 
692 588 848 847 805 
693 848 590 849 847 
694 847 849 95 604 
695 805 847 604 150 
696 599 633 850 807 
697 633 601 851 850 
698 850 851 50 852 
699 807 850 852 602 
700 590 854 853 849 
701 854 607 855 853 
702 853 855 600 611 
703 849 853 611 95 
704 147 811 856 813 
705 811 623 857 856 
706 856 857 625 858 
707 813 856 858 77 
708 601 646 859 851 
709 646 626 860 859 
710 859 860 629 861 
711 851 859 861 50 
712 98 808 862 795 
713 808 602 863 862 
714 862 863 707 864 
715 795 862 864 559 
716 602 852 865 863 
717 852 50 866 865 
718 865 866 708 867 
719 863 865 867 707 
720 559 864 868 845 
721 864 707 869 868 
722 868 869 709 870 
723 845 868 870 146 
724 50 861 871 866 
725 861 629 872 871 
726 871 872 809 873 
727 866 871 873 708 
728 209 875 874 837 
729 875 324 828 874 
730 874 828 322 351 
731 837 874 351 323 
732 346 877 876 840 
733 877 369 878 876 
734 876 878 367 384 
735 840 876 384 368 
736 607 880 879 855 
737 880 609 881 879 
738 879 881 97 631 
739 855 879 631 600 
740 609 883 882 881 
741 883 640 884 882 
742 882 884 627 644 
743 881 882 644 97 
744 707 867 885 869 
745 867 708 886 885 
746 885 886 147 887 
747 869 885 887 709 
748 708 873 888 886 
749 873 809 889 888 
750 888 889 811 890 
751 886 888 890 147 
