2 0.000000 100.000000 407.315828
931 787 
1 -79.021551 0.000000 -81.151989 99.751672 -0.000654 6.976710 0.000093 
2 92.672542 0.000000 -81.151989 99.753409 -0.004451 6.949601 0.000096 
3 92.672542 0.000000 85.501989 99.762789 0.005177 6.942884 -0.000082 
4 -79.021551 0.000000 85.501989 99.761622 0.000808 6.976378 -0.000105 
5 6.825495 0.000000 2.175000 101.623929 0.008320 -1.236623 -0.032895 
6 -79.021551 0.000000 2.175000 99.757052 0.000105 6.982483 -0.000022 
7 6.825495 0.000000 -81.151989 99.742630 -0.002541 6.961142 0.000295 
8 92.672542 0.000000 2.175000 99.967298 -0.116604 3.951213 -0.000909 
9 6.825495 0.000000 85.501989 99.771371 0.002816 6.960041 -0.000277 
10 -36.098028 0.000000 -39.488495 99.736300 -0.001230 6.979823 0.000395 
11 -79.021551 0.000000 -39.488495 99.751892 -0.000410 6.979923 0.000084 
12 -36.098028 0.000000 -81.151989 99.746306 -0.001309 6.973103 0.000205 
13 6.825495 0.000000 -39.488495 99.700760 -0.004914 6.912917 0.001197 
14 -36.098028 0.000000 2.175000 99.759961 0.000236 7.004906 -0.000112 
15 49.749019 0.000000 -39.488495 99.745444 -0.009027 6.870453 0.000364 
16 49.749019 0.000000 -81.151989 99.748060 -0.003809 6.950987 0.000201 
17 92.672542 0.000000 -39.488495 99.758094 -0.009532 6.883365 0.000094 
18 49.749019 0.000000 2.175000 100.135015 -0.480043 1.534537 -0.002961 
19 -36.098028 0.000000 43.838495 99.778122 0.001542 6.977984 -0.000437 
20 -79.021551 0.000000 43.838495 99.761811 0.000599 6.979524 -0.000113 
21 6.825495 0.000000 43.838495 99.813749 0.005287 6.912366 -0.001057 
22 -36.098028 0.000000 85.501989 99.767161 0.001516 6.972428 -0.000210 
23 -14.636266 0.000000 -18.656747 99.666128 -0.002145 6.992132 0.001777 
24 -36.098028 0.000000 -18.656747 99.736976 -0.000733 6.993870 0.000362 
25 -14.636266 0.000000 -39.488495 99.713639 -0.002469 6.963570 0.000870 
26 6.825495 0.000000 -18.656747 99.537169 -0.009113 6.697752 0.004749 
27 -14.636266 0.000000 2.175000 99.780913 0.000569 7.108071 -0.000676 
28 49.749019 0.000000 43.838495 99.780439 0.010003 6.850855 -0.000307 
29 92.672542 0.000000 43.838495 99.770072 0.011982 6.831739 -0.000074 
30 49.749019 0.000000 85.501989 99.767311 0.004241 6.947905 -0.000179 
31 28.287257 0.000000 -18.656747 99.719739 -0.018620 6.562172 0.001291 
32 28.287257 0.000000 -39.488495 99.724611 -0.007613 6.874341 0.000775 
33 49.749019 0.000000 -18.656747 99.764365 -0.019830 6.613599 0.000333 
34 28.287257 0.000000 2.175000 100.198638 0.378682 0.580754 -0.004025 
35 -14.636266 0.000000 23.006747 99.849635 0.002831 6.980396 -0.001868 
36 -36.098028 0.000000 23.006747 99.779919 0.001143 6.991161 -0.000491 
37 6.825495 0.000000 23.006747 99.961618 0.009323 6.727317 -0.003758 
38 -14.636266 0.000000 43.838495 99.799927 0.002852 6.960859 -0.000848 
39 -3.905385 0.000000 -8.240874 99.323859 -0.003278 7.035321 0.008528 
40 -14.636266 0.000000 -8.240874 99.667279 -0.001149 7.059405 0.001660 
41 -3.905385 0.000000 -18.656747 99.567794 -0.004215 6.912176 0.003848 
42 6.825495 0.000000 -8.240874 98.994486 -0.013901 5.826685 0.016614 
43 -3.905385 0.000000 2.175000 99.970741 0.001225 7.633004 -0.005241 
44 28.287257 0.000000 23.006747 99.840303 0.018663 6.538111 -0.001083 
45 49.749019 0.000000 23.006747 99.804294 0.022640 6.480894 -0.000290 
46 28.287257 0.000000 43.838495 99.797141 0.008093 6.868645 -0.000665 
47 17.556376 0.000000 -8.240874 99.647483 -0.042506 5.545386 0.003963 
48 17.556376 0.000000 -18.656747 99.643416 -0.015238 6.567068 0.002806 
49 28.287257 0.000000 -8.240874 99.786833 -0.043555 5.715650 0.000992 
50 17.556376 0.000000 2.175000 100.137275 0.221834 1.283931 -0.002917 
51 -3.905385 0.000000 12.590874 100.153585 0.004797 6.951923 -0.007907 
52 -14.636266 0.000000 12.590874 99.866111 0.002125 7.037141 -0.002276 
53 6.825495 0.000000 12.590874 100.372789 0.014663 6.131038 -0.011229 
54 -3.905385 0.000000 23.006747 99.931308 0.005102 6.902422 -0.003391 
55 1.460055 0.000000 -3.032937 97.483845 -0.003234 7.140678 0.044591 
56 -3.905385 0.000000 -3.032937 99.314921 -0.001365 7.400843 0.008177 
57 1.460055 0.000000 -8.240874 98.931911 -0.006419 6.614275 0.016873 
58 6.825495 0.000000 -3.032937 97.925889 -0.013846 3.241195 0.040001 
59 1.460055 0.000000 2.175000 102.747673 0.002279 10.182281 -0.066076 
60 17.556376 0.000000 12.590874 100.006600 0.031835 5.719981 -0.003404 
61 28.287257 0.000000 12.590874 99.896270 0.040461 5.617217 -0.001082 
62 17.556376 0.000000 23.006747 99.896417 0.014940 6.591434 -0.002274 
63 12.190936 0.000000 -3.032937 99.522011 -0.076570 3.349925 0.008414 
64 12.190936 0.000000 -8.240874 99.414618 -0.028713 5.522038 0.008624 
65 17.556376 0.000000 -3.032937 99.824294 -0.106396 3.732970 0.002116 
66 12.190936 0.000000 2.175000 100.095550 0.181313 1.140795 -0.002045 
67 1.460055 0.000000 7.382937 101.218526 0.007088 6.605098 -0.028882 
68 -3.905385 0.000000 7.382937 100.295900 0.003606 7.182773 -0.011086 
69 6.825495 0.000000 7.382937 101.106080 0.018493 4.820646 -0.024568 
70 1.460055 0.000000 12.590874 100.388942 0.008206 6.626595 -0.012185 
71 4.142775 0.000000 -0.428968 90.893261 0.000884 2.376403 0.173277 
72 1.460055 0.000000 -0.428968 96.892588 -0.000293 9.881305 0.051419 
73 4.142775 0.000000 -3.032937 96.723753 -0.005905 4.970958 0.061981 
74 6.825495 0.000000 -0.428968 97.996515 -0.002115 -1.126720 0.039541 
75 4.142775 0.000000 2.175000 109.513862 0.002312 1.930594 -0.199701 
76 12.190936 0.000000 7.382937 100.312181 0.048646 4.371887 -0.008165 
77 17.556376 0.000000 7.382937 100.070677 0.062726 4.316420 -0.003278 
78 12.190936 0.000000 12.590874 100.157510 0.023144 5.831144 -0.006553 
79 9.508216 0.000000 -0.428968 99.661917 -0.032892 0.429727 0.006732 
80 9.508216 0.000000 -3.032937 99.058778 -0.036370 3.140502 0.017749 
81 12.190936 0.000000 -0.428968 99.783863 -0.277849 1.114332 0.004186 
82 9.508216 0.000000 2.175000 100.101791 -0.000000 0.375625 -0.002051 
83 71.210780 0.000000 -18.656747 99.771924 -0.019197 6.658520 0.000123 
84 71.210780 0.000000 -39.488495 99.754465 -0.009482 6.876482 0.000176 
85 92.672542 0.000000 -18.656747 99.772837 -0.018278 6.694338 0.000057 
86 71.210780 0.000000 2.175000 100.032897 -0.187284 3.007549 -0.001566 
87 39.018138 0.000000 -8.240874 99.811881 -0.041967 5.852498 0.000333 
88 39.018138 0.000000 -18.656747 99.751594 -0.019690 6.587083 0.000623 
89 49.749019 0.000000 -8.240874 99.815582 -0.039663 5.966007 0.000125 
90 39.018138 0.000000 2.175000 100.565842 0.676531 -4.636136 -0.013544 
91 22.921817 0.000000 -3.032937 99.892729 -0.103245 4.009342 0.000536 
92 22.921817 0.000000 -8.240874 99.746690 -0.043090 5.632896 0.001887 
93 28.287257 0.000000 -3.032937 99.912185 -0.097024 4.230557 -0.000035 
94 22.921817 0.000000 2.175000 100.164864 0.263681 1.024373 -0.003412 
95 14.873656 0.000000 -0.428968 99.941252 -0.311612 1.405167 0.000967 
96 14.873656 0.000000 -3.032937 99.722395 -0.097883 3.541264 0.004289 
97 17.556376 0.000000 -0.428968 100.030682 -0.314461 1.754621 -0.000931 
98 14.873656 0.000000 2.175000 100.103318 0.206548 1.302853 -0.002241 
99 9.508216 0.000000 4.778968 100.695055 0.043613 2.803032 -0.014735 
100 6.825495 0.000000 4.778968 101.811522 0.019031 2.948045 -0.037428 
101 12.190936 0.000000 4.778968 100.278703 0.088397 2.969000 -0.006464 
102 9.508216 0.000000 7.382937 100.615785 0.029127 4.459514 -0.014342 
103 10.849576 0.000000 0.873016 100.116948 1.213938 -3.217875 -0.003523 
104 9.508216 0.000000 0.873016 99.205604 0.005253 -0.120506 0.015823 
105 10.849576 0.000000 -0.428968 99.696342 -0.163849 0.912662 0.005978 
106 12.190936 0.000000 0.873016 99.919708 1.551110 -2.490466 0.000744 
107 10.849576 0.000000 2.175000 100.123788 0.052655 0.955257 -0.002569 
108 8.166856 0.000000 0.873016 99.772449 0.001437 -2.807668 0.003758 
109 6.825495 0.000000 0.873016 99.692084 -0.002186 -4.383482 0.004227 
110 8.166856 0.000000 -0.428968 99.153718 -0.008945 -0.320860 0.016844 
111 8.166856 0.000000 2.175000 100.554729 0.021300 -0.298051 -0.011134 
112 28.287257 0.000000 -60.320242 99.737612 -0.004580 6.935129 0.000431 
113 6.825495 0.000000 -60.320242 99.731804 -0.003352 6.949125 0.000528 
114 28.287257 0.000000 -81.151989 99.744646 -0.003236 6.954774 0.000264 
115 49.749019 0.000000 -60.320242 99.745640 -0.005469 6.929458 0.000279 
116 17.556376 0.000000 -29.072621 99.684410 -0.009109 6.806519 0.001669 
117 6.825495 0.000000 -29.072621 99.656950 -0.006469 6.859342 0.002144 
118 17.556376 0.000000 -39.488495 99.710411 -0.006373 6.888099 0.001039 
119 28.287257 0.000000 -29.072621 99.717000 -0.011021 6.787734 0.001045 
120 12.190936 0.000000 -13.448810 99.507880 -0.017420 6.297185 0.005853 
121 6.825495 0.000000 -13.448810 99.378352 -0.011419 6.465371 0.008214 
122 12.190936 0.000000 -18.656747 99.585790 -0.012306 6.609622 0.003898 
123 17.556376 0.000000 -13.448810 99.626227 -0.022442 6.254658 0.003549 
124 9.508216 0.000000 -5.636905 99.082375 -0.027591 4.738563 0.016023 
125 6.825495 0.000000 -5.636905 98.596327 -0.015747 5.036441 0.025340 
126 9.508216 0.000000 -8.240874 99.215780 -0.021180 5.602586 0.012484 
127 12.190936 0.000000 -5.636905 99.409407 -0.041974 4.715224 0.009553 
128 10.849576 0.000000 -1.730953 99.489590 -0.084306 2.220111 0.009689 
129 9.508216 0.000000 -1.730953 99.197128 -0.044232 1.920566 0.015624 
130 10.849576 0.000000 -3.032937 99.347895 -0.057364 3.254205 0.011940 
131 12.190936 0.000000 -1.730953 99.634318 -0.125675 2.395735 0.006725 
132 10.178896 0.000000 0.222024 99.818988 -0.038161 -0.207607 0.003613 
133 9.508216 0.000000 0.222024 100.131504 0.004122 -0.521908 -0.002659 
134 10.178896 0.000000 -0.428968 99.680219 -0.077926 0.736128 0.006331 
135 10.849576 0.000000 0.222024 99.735270 -0.333053 -0.211962 0.005272 
136 10.178896 0.000000 0.873016 99.912228 0.022485 -0.000799 0.001755 
137 71.210780 0.000000 23.006747 99.800307 0.025217 6.412634 -0.000122 
138 92.672542 0.000000 23.006747 99.803878 0.027738 6.324332 -0.000081 
139 71.210780 0.000000 43.838495 99.772912 0.011159 6.841168 -0.000144 
140 39.018138 0.000000 12.590874 99.876843 0.045165 5.494559 -0.000558 
141 49.749019 0.000000 12.590874 99.877620 0.049183 5.345853 -0.000412 
142 39.018138 0.000000 23.006747 99.814598 0.021006 6.508993 -0.000532 
143 22.921817 0.000000 7.382937 100.001186 0.074008 4.232466 -0.001816 
144 28.287257 0.000000 7.382937 99.981501 0.080486 4.113706 -0.001323 
145 22.921817 0.000000 12.590874 99.929855 0.037226 5.667943 -0.001810 
146 14.873656 0.000000 4.778968 100.138578 0.114037 3.050737 -0.003705 
147 17.556376 0.000000 4.778968 100.090057 0.124741 3.046082 -0.002731 
148 14.873656 0.000000 7.382937 100.141959 0.056088 4.338730 -0.004724 
149 13.532296 0.000000 0.873016 99.976275 1.554641 -2.128779 -0.000220 
150 13.532296 0.000000 -0.428968 99.864200 -0.305549 1.248359 0.002549 
151 14.873656 0.000000 0.873016 100.087714 1.508381 -2.010707 -0.002387 
152 13.532296 0.000000 2.175000 100.087026 0.185253 1.255279 -0.001902 
153 11.520256 0.000000 0.222024 99.821462 -0.540317 -0.143250 0.003536 
154 11.520256 0.000000 -0.428968 99.743281 -0.242862 1.021488 0.005018 
155 12.190936 0.000000 0.222024 99.859891 -0.581531 -0.070356 0.002766 
156 11.520256 0.000000 0.873016 99.895645 1.599710 -2.783989 0.001055 
157 10.849576 0.000000 3.476984 100.317384 0.104471 1.977697 -0.006750 
158 9.508216 0.000000 3.476984 100.578468 0.083247 1.651809 -0.011876 
159 12.190936 0.000000 3.476984 100.211134 0.090022 2.120525 -0.004678 
160 10.849576 0.000000 4.778968 100.430332 0.067774 2.880270 -0.009455 
161 10.178896 0.000000 1.524008 99.856804 0.000000 0.276904 0.002854 
162 9.508216 0.000000 1.524008 99.651103 0.000000 -0.079826 0.006965 
163 10.849576 0.000000 1.524008 100.052554 0.124806 0.362632 -0.001066 
164 10.178896 0.000000 2.175000 100.052080 0.000000 0.748033 -0.001098 
165 10.514236 0.000000 0.547520 99.486571 -0.024296 -1.334595 0.010064 
166 10.178896 0.000000 0.547520 99.805477 0.064200 -1.165296 0.003750 
167 10.514236 0.000000 0.222024 99.728034 -0.142881 -0.148648 0.005428 
168 10.849576 0.000000 0.547520 99.610795 -0.725951 -1.967570 0.007329 
169 10.514236 0.000000 0.873016 100.506463 0.069758 -0.035936 -0.010156 
170 11.520256 0.000000 1.524008 100.028494 0.300792 0.437813 -0.000598 
171 12.190936 0.000000 1.524008 100.023957 0.348200 0.517746 -0.000518 
172 11.520256 0.000000 2.175000 100.106678 0.140138 1.072515 -0.002252 
173 11.184916 0.000000 0.547520 99.814771 -1.047150 -1.951343 0.003211 
174 11.184916 0.000000 0.222024 99.788479 -0.475570 -0.179052 0.004200 
175 11.520256 0.000000 0.547520 99.853625 -1.126652 -1.898323 0.002438 
176 11.184916 0.000000 0.873016 99.891537 1.593605 -2.869236 0.001091 
177 10.514236 0.000000 1.198512 100.067628 -0.000000 0.046866 -0.001353 
178 10.178896 0.000000 1.198512 99.869725 -0.000000 0.118450 0.002602 
179 10.849576 0.000000 1.198512 100.092334 0.335842 -0.166954 -0.001862 
180 10.514236 0.000000 1.524008 99.923327 -0.000000 0.283529 0.001525 
181 10.681906 0.000000 0.710268 99.855981 0.537487 0.000000 0.002849 
182 10.514236 0.000000 0.710268 99.878083 0.309695 0.000000 0.002427 
183 10.681906 0.000000 0.547520 99.408998 -0.306968 -1.695134 0.011488 
184 10.849576 0.000000 0.710268 99.578873 -1.061416 -3.436754 0.007111 
185 10.681906 0.000000 0.873016 101.620384 0.172159 -1.073971 -0.032789 
186 11.184916 0.000000 1.198512 100.001592 0.586704 -0.155199 -0.000069 
187 11.520256 0.000000 1.198512 99.982240 0.661553 -0.103699 0.000310 
188 11.184916 0.000000 1.524008 100.037850 0.238335 0.398858 -0.000779 
189 11.017246 0.000000 0.710268 99.805434 -1.283243 -3.309617 0.002628 
190 11.017246 0.000000 0.547520 99.756570 -0.951495 -1.993805 0.004375 
191 11.184916 0.000000 0.710268 99.846152 -1.332290 -3.261751 0.001833 
192 11.017246 0.000000 0.873016 99.915311 1.511455 -2.979461 0.000577 
193 10.681906 0.000000 1.035764 100.412277 0.000000 -0.591531 -0.008298 
194 10.514236 0.000000 1.035764 100.305917 -0.000000 -0.129324 -0.006129 
195 10.849576 0.000000 1.035764 100.166804 0.639281 -0.858768 -0.003453 
196 10.681906 0.000000 1.198512 100.089637 0.000000 -0.094001 -0.001794 
197 10.765741 0.000000 0.791642 100.768072 0.360492 -0.792019 -0.015496 
198 10.681906 0.000000 0.791642 101.355276 0.317538 -0.750131 -0.027356 
199 10.765741 0.000000 0.710268 98.989867 -0.576805 -3.392120 0.018917 
200 10.849576 0.000000 0.791642 99.809529 -0.072978 -4.611982 0.001678 
201 10.765741 0.000000 0.873016 102.761672 0.000000 -2.323185 -0.056536 
202 8.166856 0.000000 -1.730953 98.660603 -0.020673 1.623930 0.026345 
203 6.825495 0.000000 -1.730953 97.739704 -0.009314 1.621360 0.044432 
204 8.166856 0.000000 -3.032937 98.580897 -0.021338 3.071252 0.027237 
205 8.837536 0.000000 0.222024 100.033222 0.001770 -1.450528 -0.000875 
206 8.166856 0.000000 0.222024 99.510966 0.001078 -1.820467 0.009425 
207 8.837536 0.000000 -0.428968 99.487544 -0.016687 -0.001748 0.010223 
208 8.837536 0.000000 0.873016 99.314303 -0.000000 -3.330018 0.012558 
209 9.843556 0.000000 0.547520 100.061258 0.050531 -1.138909 -0.001355 
210 9.508216 0.000000 0.547520 100.440449 0.046104 -1.343762 -0.009009 
211 9.843556 0.000000 0.222024 99.965858 -0.003878 -0.255376 0.000676 
212 9.843556 0.000000 0.873016 99.696059 0.011444 -0.015486 0.006070 
213 10.346566 0.000000 0.710268 99.874732 0.148259 0.000000 0.002502 
214 10.178896 0.000000 0.710268 99.866925 0.089097 0.000000 0.002659 
215 10.346566 0.000000 0.547520 99.662931 0.052517 -1.162297 0.006595 
216 10.346566 0.000000 0.873016 100.102229 0.030917 0.007984 -0.002046 
217 10.598071 0.000000 0.791642 100.458814 0.302201 -0.033870 -0.009207 
218 10.514236 0.000000 0.791642 100.233337 0.177795 0.017906 -0.004675 
219 10.598071 0.000000 0.710268 99.861496 0.509471 0.000000 0.002742 
220 10.598071 0.000000 0.873016 100.967862 0.153085 -0.259271 -0.019460 
221 11.017246 0.000000 1.035764 100.016848 0.816906 -0.884248 -0.000482 
222 11.184916 0.000000 1.035764 99.969073 0.926024 -0.835037 0.000463 
223 11.017246 0.000000 1.198512 100.034618 0.498333 -0.188021 -0.000721 
224 10.765741 0.000000 0.954390 100.839462 0.000000 -1.240129 -0.017014 
225 10.681906 0.000000 0.954390 100.791308 0.000000 -1.009799 -0.015991 
226 10.849576 0.000000 0.954390 100.195182 1.156041 -1.654081 -0.004315 
227 10.765741 0.000000 1.035764 100.329804 0.000000 -0.562388 -0.006639 
228 10.723823 0.000000 0.832329 101.642406 0.237841 -1.247927 -0.033279 
229 10.681906 0.000000 0.832329 101.633405 0.244068 -0.986529 -0.033038 
230 10.723823 0.000000 0.791642 100.894407 0.371731 -0.695503 -0.018030 
231 10.765741 0.000000 0.832329 101.587380 0.230333 -1.315086 -0.032178 
232 10.723823 0.000000 0.873016 101.704321 0.139080 -1.357315 -0.034563 
233 4.142775 0.000000 4.778968 103.180952 0.008395 4.796775 -0.066932 
234 1.460055 0.000000 4.778968 102.216148 0.005075 7.149470 -0.049926 
235 4.142775 0.000000 7.382937 101.502463 0.011004 5.668742 -0.033488 
236 8.166856 0.000000 3.476984 101.066031 0.029612 1.402971 -0.021631 
237 6.825495 0.000000 3.476984 102.002859 0.015079 1.314307 -0.040631 
238 8.166856 0.000000 4.778968 101.188141 0.028876 2.721127 -0.024645 
239 8.837536 0.000000 1.524008 99.753674 0.032369 -0.884756 0.004842 
240 8.166856 0.000000 1.524008 100.134842 0.012404 -1.350042 -0.002881 
241 8.837536 0.000000 2.175000 100.271983 0.045029 0.031254 -0.005447 
242 9.843556 0.000000 1.198512 99.658949 -0.000000 0.013965 0.006809 
243 9.508216 0.000000 1.198512 99.336659 0.000000 -0.202118 0.013219 
244 9.843556 0.000000 1.524008 99.784245 0.000000 0.139469 0.004308 
245 10.346566 0.000000 1.035764 100.048409 -0.000000 0.003766 -0.000968 
246 10.178896 0.000000 1.035764 99.883141 0.000000 0.032568 0.002336 
247 10.346566 0.000000 1.198512 99.984527 -0.000000 0.078919 0.000309 
248 10.598071 0.000000 0.954390 100.725390 -0.000000 -0.513632 -0.014587 
249 10.514236 0.000000 0.954390 100.485398 -0.000000 -0.190628 -0.009735 
250 10.598071 0.000000 1.035764 100.399028 -0.000000 -0.312541 -0.008006 
251 10.639988 0.000000 0.832329 101.217166 0.264117 -0.507202 -0.024524 
252 10.598071 0.000000 0.832329 100.744628 0.269488 -0.140869 -0.014957 
253 10.639988 0.000000 0.791642 100.872421 0.336119 -0.287018 -0.017544 
254 10.639988 0.000000 0.873016 101.219111 0.198257 -0.616913 -0.024573 
255 10.178896 0.000000 -1.079961 99.509026 -0.071927 1.430892 0.009590 
256 9.508216 0.000000 -1.079961 99.390727 -0.044292 1.255238 0.011991 
257 10.178896 0.000000 -1.730953 99.375881 -0.061795 2.100817 0.012002 
258 10.849576 0.000000 -1.079961 99.593094 -0.112246 1.603885 0.007863 
259 10.514236 0.000000 -0.103472 99.733560 -0.133605 0.426912 0.005302 
260 10.178896 0.000000 -0.103472 99.761571 -0.070974 0.288785 0.004754 
261 10.514236 0.000000 -0.428968 99.685441 -0.117745 0.838115 0.006210 
262 10.849576 0.000000 -0.103472 99.735016 -0.217156 0.461488 0.005267 
263 10.681906 0.000000 0.384772 99.647529 -0.277020 -0.726842 0.006977 
264 10.514236 0.000000 0.384772 99.665583 -0.122817 -0.625655 0.006637 
265 10.681906 0.000000 0.222024 99.718941 -0.233686 -0.185283 0.005604 
266 10.849576 0.000000 0.384772 99.697660 -0.456144 -0.809816 0.005951 
267 10.765741 0.000000 0.628894 99.304676 -0.623261 -2.359654 0.013262 
268 10.681906 0.000000 0.628894 99.077924 -0.210363 -1.958380 0.017969 
269 10.765741 0.000000 0.547520 99.495608 -0.528479 -1.883142 0.009680 
270 10.849576 0.000000 0.628894 99.563193 -0.948991 -2.484068 0.008010 
271 10.723823 0.000000 0.750955 99.855892 0.530687 0.000000 0.002852 
272 10.681906 0.000000 0.750955 100.099668 0.507753 -0.117074 -0.002022 
273 10.723823 0.000000 0.710268 99.855133 0.467672 0.000000 0.002873 
274 10.765741 0.000000 0.750955 99.855154 0.467458 0.000000 0.002873 
275 10.702865 0.000000 0.811985 101.216966 0.291098 -1.077303 -0.024612 
276 10.681906 0.000000 0.811985 101.413335 0.303148 -0.795033 -0.028539 
277 10.702865 0.000000 0.791642 101.112597 0.300882 -1.069693 -0.022499 
278 10.723823 0.000000 0.811985 101.173878 0.319631 -0.848595 -0.023698 
279 10.702865 0.000000 0.832329 101.741146 0.224791 -1.244776 -0.035286 
280 10.598071 0.000000 0.628894 99.136147 0.039777 -1.480904 0.016983 
281 10.514236 0.000000 0.628894 99.326932 0.118966 -1.216683 0.013267 
282 10.598071 0.000000 0.547520 99.414309 -0.130824 -1.498382 0.011453 
283 10.639988 0.000000 0.750955 99.858224 0.533159 0.000000 0.002805 
284 10.598071 0.000000 0.750955 99.862856 0.512979 0.000000 0.002715 
285 10.639988 0.000000 0.710268 99.857635 0.582607 0.000000 0.002811 
286 10.660947 0.000000 0.811985 101.149598 0.324431 -0.529979 -0.023163 
287 10.639988 0.000000 0.811985 100.954523 0.327345 -0.382415 -0.019207 
288 10.660947 0.000000 0.791642 101.065845 0.348951 -0.490835 -0.021467 
289 10.660947 0.000000 0.832329 101.391689 0.256139 -0.692414 -0.028082 
290 10.660947 0.000000 0.771298 100.651661 0.391666 -0.398898 -0.013107 
291 10.639988 0.000000 0.771298 100.538160 0.409455 -0.264031 -0.010816 
292 10.660947 0.000000 0.750955 100.030267 0.502710 -0.059334 -0.000631 
293 10.681906 0.000000 0.771298 100.701211 0.399059 -0.479781 -0.014112 
294 10.671426 0.000000 0.801814 101.346594 0.333246 -0.688258 -0.027172 
295 10.660947 0.000000 0.801814 101.354024 0.328039 -0.649852 -0.027317 
296 10.671426 0.000000 0.791642 101.099318 0.351274 -0.593155 -0.022155 
297 10.681906 0.000000 0.801814 101.488444 0.300536 -0.819767 -0.030067 
298 10.671426 0.000000 0.811985 101.180909 0.329724 -0.647004 -0.023810 
299 10.430401 0.000000 0.791642 100.102423 0.109680 0.001380 -0.002051 
300 10.346566 0.000000 0.791642 100.024458 0.081247 0.012437 -0.000490 
301 10.430401 0.000000 0.710268 99.875097 0.199843 0.000000 0.002492 
302 10.430401 0.000000 0.873016 100.246207 0.047841 -0.014575 -0.004930 
303 10.556153 0.000000 0.832329 100.511096 0.212857 -0.009782 -0.010253 
304 10.514236 0.000000 0.832329 100.371325 0.150052 0.008865 -0.007443 
305 10.556153 0.000000 0.791642 100.339813 0.231965 0.008581 -0.006813 
306 10.556153 0.000000 0.873016 100.653535 0.112568 -0.075854 -0.013115 
307 10.430401 0.000000 0.954390 100.244094 -0.000000 -0.073403 -0.004888 
308 10.346566 0.000000 0.954390 100.107661 -0.000000 -0.006927 -0.002154 
309 10.430401 0.000000 1.035764 100.164053 -0.000000 -0.056256 -0.003284 
310 10.472318 0.000000 0.832329 100.199225 0.130620 0.006568 -0.003990 
311 10.430401 0.000000 0.832329 100.126553 0.111128 0.001949 -0.002534 
312 10.472318 0.000000 0.791642 100.151615 0.137212 -0.005127 -0.003036 
313 10.472318 0.000000 0.873016 100.313195 0.065225 -0.024648 -0.006274 
314 10.556153 0.000000 0.750955 99.868813 0.421611 0.000000 0.002604 
315 10.514236 0.000000 0.750955 99.875101 0.312550 0.000000 0.002487 
316 10.556153 0.000000 0.710268 99.873186 0.383342 0.000000 0.002520 
317 10.535195 0.000000 0.811985 100.319919 0.182112 0.016004 -0.006412 
318 10.514236 0.000000 0.811985 100.247484 0.174512 0.017613 -0.004959 
319 10.535195 0.000000 0.791642 100.283671 0.203735 0.016346 -0.005686 
320 10.556153 0.000000 0.811985 100.381935 0.213504 0.006600 -0.007658 
321 10.535195 0.000000 0.832329 100.393340 0.173995 0.011500 -0.007885 
322 10.011226 0.000000 0.710268 99.861106 0.068140 0.000000 0.002775 
323 9.843556 0.000000 0.710268 99.855303 0.048013 0.000000 0.002892 
324 10.011226 0.000000 0.547520 99.927275 0.058752 -1.150770 0.001321 
325 10.011226 0.000000 0.873016 99.821727 0.010735 0.040994 0.003562 
326 10.262731 0.000000 0.791642 99.958202 0.061069 0.007564 0.000835 
327 10.178896 0.000000 0.791642 99.884984 0.052498 -0.008398 0.002299 
328 10.262731 0.000000 0.710268 99.867338 0.105080 0.000000 0.002650 
329 10.262731 0.000000 0.873016 99.996364 0.027961 0.005336 0.000073 
330 10.388483 0.000000 0.832329 100.081750 0.085914 0.007856 -0.001636 
331 10.346566 0.000000 0.832329 100.033645 0.074059 0.012537 -0.000674 
332 10.388483 0.000000 0.791642 100.049482 0.095495 0.007894 -0.000991 
333 10.388483 0.000000 0.873016 100.181215 0.033967 -0.004880 -0.003628 
334 10.011226 0.000000 1.035764 99.739671 0.000000 0.109322 0.005199 
335 9.843556 0.000000 1.035764 99.586050 -0.000000 -0.032632 0.008262 
336 10.011226 0.000000 1.198512 99.761548 0.000000 0.158233 0.004761 
337 10.095061 0.000000 0.791642 99.860806 0.044655 -0.002547 0.002782 
338 10.011226 0.000000 0.791642 99.851605 0.044875 0.012122 0.002965 
339 10.095061 0.000000 0.710268 99.866151 0.077309 0.000000 0.002675 
340 10.095061 0.000000 0.873016 99.865130 0.011953 0.006530 0.002696 
341 9.172876 0.000000 0.547520 101.020535 0.027528 -1.972919 -0.020904 
342 8.837536 0.000000 0.547520 100.426584 0.014476 -3.208713 -0.009579 
343 9.172876 0.000000 0.222024 100.229007 0.003321 -0.947074 -0.004675 
344 9.172876 0.000000 0.873016 98.311268 0.004768 -0.343076 0.033478 
345 9.675886 0.000000 0.710268 99.845968 0.036836 0.000000 0.003078 
346 9.508216 0.000000 0.710268 99.837886 0.029629 0.000000 0.003240 
347 9.675886 0.000000 0.547520 100.226600 0.055168 -1.237954 -0.004691 
348 9.675886 0.000000 0.873016 99.458345 0.006854 0.010683 0.010804 
349 9.927391 0.000000 0.791642 99.825053 0.038298 0.007601 0.003496 
350 9.843556 0.000000 0.791642 99.783018 0.032231 -0.006449 0.004335 
351 9.927391 0.000000 0.710268 99.856362 0.057649 0.000000 0.002870 
352 9.927391 0.000000 0.873016 99.769098 0.012641 0.022039 0.004613 
353 9.172876 0.000000 1.198512 99.024314 0.000000 -0.806308 0.019354 
354 8.837536 0.000000 1.198512 99.145340 -0.000000 -1.603399 0.016763 
355 9.172876 0.000000 1.524008 99.558461 0.000000 -0.538995 0.008782 
356 9.675886 0.000000 1.035764 99.397021 0.000000 -0.047456 0.012023 
357 9.508216 0.000000 1.035764 99.140087 0.000000 -0.198120 0.017120 
358 9.675886 0.000000 1.198512 99.510889 0.000000 -0.036471 0.009758 
359 9.759721 0.000000 0.791642 99.733789 0.024632 0.008187 0.005317 
360 9.675886 0.000000 0.791642 99.668306 0.022034 0.016988 0.006623 
361 9.759721 0.000000 0.710268 99.853442 0.041557 0.000000 0.002929 
362 9.759721 0.000000 0.873016 99.581756 0.007687 0.000653 0.008347 
363 9.340546 0.000000 0.710268 99.826994 0.022631 0.000000 0.003457 
364 9.172876 0.000000 0.710268 99.817180 0.016497 0.000000 0.003653 
365 9.340546 0.000000 0.547520 100.715204 0.037515 -1.520229 -0.014586 
366 9.340546 0.000000 0.873016 99.010936 0.006306 -0.079927 0.019683 
367 9.592051 0.000000 0.791642 99.566093 0.019752 0.013459 0.008659 
368 9.508216 0.000000 0.791642 99.494905 0.017624 -0.071867 0.010076 
369 9.592051 0.000000 0.710268 99.838635 0.033037 0.000000 0.003225 
370 9.592051 0.000000 0.873016 99.307617 0.005988 -0.031619 0.013800 
371 9.340546 0.000000 1.035764 98.823621 0.000000 -0.386331 0.023374 
372 9.172876 0.000000 1.035764 98.422705 0.000000 -0.886981 0.031218 
373 9.340546 0.000000 1.198512 99.156487 0.000000 -0.398838 0.016783 
374 9.424381 0.000000 0.791642 99.505024 0.016017 -0.055486 0.009875 
375 9.340546 0.000000 0.791642 99.328476 0.012840 0.011191 0.013385 
376 9.424381 0.000000 0.710268 99.836358 0.026464 0.000000 0.003270 
377 9.424381 0.000000 0.873016 99.201801 0.007004 -0.113796 0.015899 
378 9.592051 0.000000 0.954390 99.256334 0.000000 -0.076450 0.014817 
379 9.508216 0.000000 0.954390 99.104051 0.000000 -0.172674 0.017836 
380 9.675886 0.000000 0.954390 99.385174 0.000000 -0.030107 0.012259 
381 9.592051 0.000000 1.035764 99.275022 0.000000 -0.112522 0.014446 
382 9.550133 0.000000 0.832329 99.394128 0.011929 -0.029530 0.012081 
383 9.508216 0.000000 0.832329 99.469795 0.015919 -0.067898 0.010576 
384 9.550133 0.000000 0.791642 99.559330 0.018599 0.009787 0.008794 
385 9.592051 0.000000 0.832329 99.532895 0.017749 0.008277 0.009320 
386 9.550133 0.000000 0.873016 99.311676 0.008164 -0.060970 0.013719 
387 5.484135 0.000000 0.873016 99.760204 -0.004667 -11.920622 -0.009420 
388 4.142775 0.000000 0.873016 100.152136 0.001798 -2.802612 -0.003831 
389 5.484135 0.000000 -0.428968 94.895058 0.000329 -1.529074 0.099259 
390 5.484135 0.000000 2.175000 104.819619 0.003779 -1.938912 -0.099091 
391 7.496176 0.000000 0.222024 99.158645 0.002235 -2.200442 0.016272 
392 6.825495 0.000000 0.222024 98.637137 0.003030 -2.991200 0.026177 
393 7.496176 0.000000 -0.428968 98.689298 -0.004652 -0.664729 0.025998 
394 7.496176 0.000000 0.873016 99.748028 -0.000718 -3.355798 0.003907 
395 8.502196 0.000000 0.547520 99.812779 0.006537 -3.175864 0.002732 
396 8.166856 0.000000 0.547520 99.635057 0.008136 -3.161558 0.006286 
397 8.502196 0.000000 0.222024 99.727330 0.000840 -1.693975 0.005159 
398 8.502196 0.000000 0.873016 99.735302 0.003498 -2.789652 0.004509 
399 9.005206 0.000000 0.710268 99.803624 0.009916 0.000000 0.003924 
400 8.837536 0.000000 0.710268 100.332877 0.003762 -3.851028 -0.008152 
401 9.005206 0.000000 0.547520 100.989300 0.019560 -2.749416 -0.020640 
402 9.005206 0.000000 0.873016 97.876460 0.004326 -1.700136 0.041731 
403 9.256711 0.000000 0.791642 99.144670 0.011227 -0.041623 0.017033 
404 9.172876 0.000000 0.791642 99.036675 0.010395 -0.052484 0.019173 
405 9.256711 0.000000 0.710268 99.821806 0.019439 0.000000 0.003561 
406 9.256711 0.000000 0.873016 98.867569 0.006948 -0.128697 0.022519 
407 7.496176 0.000000 1.524008 100.418534 0.006591 -1.835512 -0.008725 
408 6.825495 0.000000 1.524008 100.867792 0.003295 -2.736868 -0.018180 
409 7.496176 0.000000 2.175000 100.963733 0.012809 -0.694169 -0.019416 
410 8.502196 0.000000 1.198512 99.755660 0.010394 -1.867740 0.004532 
411 8.166856 0.000000 1.198512 99.932186 0.006927 -1.995230 0.000958 
412 8.502196 0.000000 1.524008 99.957016 0.017871 -1.160876 0.000725 
413 9.005206 0.000000 1.035764 98.440233 0.000000 -1.828379 0.030618 
414 8.837536 0.000000 1.035764 99.024135 -0.000000 -2.314650 0.018886 
415 9.005206 0.000000 1.198512 99.089651 -0.000000 -1.276883 0.017961 
416 9.256711 0.000000 0.954390 98.444489 0.000000 -0.486478 0.030845 
417 9.172876 0.000000 0.954390 98.146524 0.000000 -0.798820 0.036662 
418 9.340546 0.000000 0.954390 98.709962 0.000000 -0.300439 0.025625 
419 9.256711 0.000000 1.035764 98.640286 0.000000 -0.586725 0.026975 
420 9.298628 0.000000 0.832329 99.050164 0.009285 -0.040646 0.018906 
421 9.256711 0.000000 0.832329 99.123791 0.010744 -0.045063 0.017447 
422 9.298628 0.000000 0.791642 99.367452 0.012814 0.015293 0.012611 
423 9.340546 0.000000 0.832329 99.277966 0.011678 -0.005994 0.014389 
424 9.298628 0.000000 0.873016 98.803610 0.004965 -0.113162 0.023783 
425 8.837536 0.000000 -1.079961 99.172447 -0.026646 0.956869 0.016391 
426 8.166856 0.000000 -1.079961 98.859714 -0.016740 0.757340 0.022618 
427 8.837536 0.000000 -1.730953 98.979580 -0.028331 1.773596 0.019990 
428 9.172876 0.000000 -0.103472 99.845519 -0.012179 -0.295262 0.003078 
429 8.837536 0.000000 -0.103472 99.719228 -0.009074 -0.606835 0.005571 
430 9.172876 0.000000 -0.428968 99.609404 -0.022807 0.240847 0.007791 
431 9.508216 0.000000 -0.103472 99.864327 -0.019471 -0.013743 0.002712 
432 9.340546 0.000000 0.384772 100.442276 0.016899 -1.025738 -0.008970 
433 9.172876 0.000000 0.384772 100.538101 0.013073 -1.381580 -0.010982 
434 9.340546 0.000000 0.222024 100.206123 0.004158 -0.674942 -0.004172 
435 9.508216 0.000000 0.384772 100.289979 0.019977 -0.842804 -0.005879 
436 9.256711 0.000000 0.628894 101.093448 0.019590 -1.555451 -0.022231 
437 9.172876 0.000000 0.628894 101.373550 0.014196 -1.869646 -0.028009 
438 9.256711 0.000000 0.547520 100.875689 0.032358 -1.712481 -0.017884 
439 9.340546 0.000000 0.628894 100.849229 0.025611 -1.375413 -0.017246 
440 9.298628 0.000000 0.750955 99.648292 0.018727 -0.002613 0.007022 
441 9.256711 0.000000 0.750955 99.821954 0.019443 0.000000 0.003558 
442 9.298628 0.000000 0.710268 99.823915 0.021561 0.000000 0.003519 
443 9.340546 0.000000 0.750955 99.827006 0.022635 0.000000 0.003457 
444 9.424381 0.000000 0.954390 98.954002 0.000000 -0.223961 0.020806 
445 9.424381 0.000000 1.035764 98.994145 0.000000 -0.277485 0.020008 
446 9.382463 0.000000 0.832329 99.296855 0.010948 -0.051818 0.014013 
447 9.382463 0.000000 0.791642 99.517498 0.015417 -0.044943 0.009627 
448 9.424381 0.000000 0.832329 99.429124 0.013915 -0.067959 0.011384 
449 9.382463 0.000000 0.873016 99.058425 0.006146 -0.094582 0.018742 
450 9.319587 0.000000 0.811985 99.290652 0.012226 0.019826 0.014137 
451 9.298628 0.000000 0.811985 99.301334 0.012194 0.007176 0.013924 
452 9.319587 0.000000 0.791642 99.294503 0.012315 0.022154 0.014060 
453 9.340546 0.000000 0.811985 99.334168 0.012827 0.005522 0.013272 
454 9.319587 0.000000 0.832329 99.290382 0.012062 -0.020261 0.014142 
455 9.089041 0.000000 0.791642 98.819550 0.008623 -0.181278 0.023466 
456 9.005206 0.000000 0.791642 99.065839 0.008629 -0.595832 0.018560 
457 9.089041 0.000000 0.710268 99.807604 0.013103 0.000000 0.003844 
458 9.089041 0.000000 0.873016 97.843494 0.004640 -0.645857 0.042623 
459 9.214793 0.000000 0.832329 98.841085 0.008540 -0.065305 0.023044 
460 9.172876 0.000000 0.832329 98.912283 0.009973 -0.087897 0.021635 
461 9.214793 0.000000 0.791642 99.118343 0.010641 -0.046061 0.017555 
462 9.214793 0.000000 0.873016 98.571480 0.005299 -0.201778 0.028362 
463 9.089041 0.000000 0.954390 97.941339 0.000000 -1.361113 0.040564 
464 9.005206 0.000000 0.954390 98.012951 0.000000 -2.119938 0.038897 
465 9.089041 0.000000 1.035764 98.326225 0.000000 -1.320372 0.033021 
466 9.130958 0.000000 0.832329 98.790682 0.009087 -0.129125 0.024038 
467 9.089041 0.000000 0.832329 98.611801 0.008536 -0.288851 0.027563 
468 9.130958 0.000000 0.791642 98.930295 0.009375 -0.093967 0.021279 
469 9.130958 0.000000 0.873016 98.147320 0.004374 -0.386999 0.036695 
470 8.669866 0.000000 0.710268 99.904814 0.000786 -3.424742 0.000730 
471 8.502196 0.000000 0.710268 99.782877 -0.000757 -3.345983 0.003218 
472 8.669866 0.000000 0.547520 100.016225 0.011302 -3.183717 -0.001338 
473 8.669866 0.000000 0.873016 99.658347 0.005081 -2.888742 0.005987 
474 8.921371 0.000000 0.791642 98.688312 0.002689 -3.084498 0.025110 
475 8.837536 0.000000 0.791642 99.405578 -0.000000 -3.584773 0.010568 
476 8.921371 0.000000 0.710268 101.141788 0.006362 -4.123528 -0.024666 
477 8.921371 0.000000 0.873016 98.468093 0.000000 -3.606349 0.029103 
478 9.047123 0.000000 0.832329 98.602256 0.008086 -0.554032 0.027729 
479 9.005206 0.000000 0.832329 98.491477 0.007248 -0.999823 0.029843 
480 9.047123 0.000000 0.791642 98.491653 0.007933 -0.384396 0.029925 
481 9.047123 0.000000 0.873016 97.926625 0.005040 -1.009519 0.040936 
482 9.005206 0.000000 0.384772 100.471124 0.009628 -1.792115 -0.009766 
483 8.837536 0.000000 0.384772 100.232139 0.006867 -2.105958 -0.005092 
484 9.005206 0.000000 0.222024 100.169943 0.002220 -1.215766 -0.003550 
485 9.089041 0.000000 0.628894 101.593120 0.008824 -2.403136 -0.032694 
486 9.005206 0.000000 0.628894 101.488170 0.003724 -3.126726 -0.030963 
487 9.089041 0.000000 0.547520 101.088077 0.023287 -2.340095 -0.022428 
488 9.047123 0.000000 0.750955 99.554685 0.010859 -0.117656 0.008885 
489 9.005206 0.000000 0.750955 99.288672 0.009323 -0.376385 0.014162 
490 9.047123 0.000000 0.710268 99.805619 0.011632 0.000000 0.003884 
491 9.089041 0.000000 0.750955 99.567651 0.012226 -0.043496 0.008628 
492 9.068082 0.000000 0.811985 98.617192 0.008135 -0.324219 0.027454 
493 9.047123 0.000000 0.811985 98.516117 0.007998 -0.425554 0.029439 
494 9.068082 0.000000 0.791642 98.716582 0.008402 -0.224751 0.025499 
495 9.089041 0.000000 0.811985 98.736412 0.008465 -0.204726 0.025108 
496 9.068082 0.000000 0.832329 98.610702 0.007973 -0.445644 0.027573 
497 8.669866 0.000000 1.035764 99.534566 0.008801 -2.284927 0.008765 
498 8.502196 0.000000 1.035764 99.713524 0.006779 -2.305159 0.005190 
499 8.669866 0.000000 1.198512 99.588052 0.013323 -1.756718 0.007913 
500 8.921371 0.000000 0.954390 98.650425 -0.000000 -2.602964 0.026132 
501 8.837536 0.000000 0.954390 99.096007 -0.000000 -2.744453 0.017245 
502 8.921371 0.000000 1.035764 98.794681 -0.000000 -2.155526 0.023496 
503 8.963288 0.000000 0.832329 98.378661 0.004746 -2.175776 0.031690 
504 8.921371 0.000000 0.832329 98.719112 0.002547 -3.064537 0.024515 
505 8.963288 0.000000 0.791642 97.684522 0.004625 -2.196686 0.045291 
506 8.963288 0.000000 0.873016 98.202783 0.002946 -2.466014 0.035013 
507 9.026164 0.000000 0.811985 98.443663 0.007276 -0.571352 0.030852 
508 9.005206 0.000000 0.811985 98.867323 0.008133 -0.741200 0.022470 
509 9.026164 0.000000 0.791642 98.446573 0.007399 -0.414356 0.030810 
510 9.026164 0.000000 0.832329 98.310844 0.007093 -0.924250 0.033412 
511 8.921371 0.000000 0.628894 100.970812 -0.000628 -3.621260 -0.020822 
512 8.837536 0.000000 0.628894 100.466125 -0.003317 -3.728317 -0.010734 
513 8.921371 0.000000 0.547520 100.727374 0.016389 -3.056980 -0.015535 
514 8.963288 0.000000 0.750955 99.384667 0.008617 -0.648591 0.012227 
515 8.921371 0.000000 0.750955 99.392603 0.006096 -1.461103 0.011898 
516 8.963288 0.000000 0.710268 99.803350 0.009282 0.000000 0.003929 
517 8.984247 0.000000 0.811985 97.818086 0.005834 -1.677274 0.042881 
518 8.963288 0.000000 0.811985 97.778529 0.004361 -2.296032 0.043409 
519 8.984247 0.000000 0.791642 97.677145 0.006050 -1.589851 0.045665 
520 8.984247 0.000000 0.832329 98.350612 0.006042 -1.512907 0.032487 
521 8.984247 0.000000 0.771298 99.179278 0.008610 -0.645357 0.016305 
522 8.963288 0.000000 0.771298 98.870401 0.006477 -1.489232 0.022243 
523 8.984247 0.000000 0.750955 99.540650 0.009776 -0.280075 0.009158 
524 9.005206 0.000000 0.771298 99.306239 0.009606 -0.363069 0.013814 
525 8.994726 0.000000 0.801814 97.386978 0.005649 -1.640820 0.051308 
526 8.984247 0.000000 0.801814 97.351931 0.005229 -1.900417 0.051899 
527 8.994726 0.000000 0.791642 97.634457 0.006042 -1.531861 0.046517 
528 9.005206 0.000000 0.801814 97.218312 0.005751 -1.721136 0.054564 
529 8.994726 0.000000 0.811985 98.074293 0.006486 -1.302924 0.037974 
530 28.287257 0.000000 64.670242 99.778659 0.004989 6.932198 -0.000384 
531 6.825495 0.000000 64.670242 99.782661 0.003676 6.947720 -0.000485 
532 49.749019 0.000000 64.670242 99.772231 0.006064 6.923031 -0.000243 
533 28.287257 0.000000 85.501989 99.770032 0.003571 6.952983 -0.000240 
534 17.556376 0.000000 33.422621 99.838328 0.009286 6.809144 -0.001406 
535 6.825495 0.000000 33.422621 99.855758 0.006759 6.863195 -0.001828 
536 28.287257 0.000000 33.422621 99.814084 0.011460 6.778524 -0.000880 
537 17.556376 0.000000 43.838495 99.807628 0.006754 6.886660 -0.000899 
538 12.190936 0.000000 17.798810 100.020170 0.016184 6.399615 -0.004499 
539 6.825495 0.000000 17.798810 100.090459 0.011532 6.549360 -0.006099 
540 17.556376 0.000000 17.798810 99.944081 0.020515 6.317873 -0.002874 
541 12.190936 0.000000 23.006747 99.933894 0.012180 6.645911 -0.003095 
542 9.508216 0.000000 9.986905 100.431628 0.023741 5.403930 -0.011572 
543 6.825495 0.000000 9.986905 100.649839 0.016107 5.677874 -0.016263 
544 12.190936 0.000000 9.986905 100.241634 0.031772 5.272110 -0.007618 
545 9.508216 0.000000 12.590874 100.267937 0.018988 5.945897 -0.008901 
546 10.849576 0.000000 6.080953 100.460339 0.046745 3.702269 -0.010599 
547 9.508216 0.000000 6.080953 100.692426 0.035702 3.726185 -0.015285 
548 12.190936 0.000000 6.080953 100.308893 0.059966 3.711786 -0.007565 
549 10.849576 0.000000 7.382937 100.441207 0.038836 4.395234 -0.010776 
550 10.178896 0.000000 4.127976 100.498315 0.074596 2.349300 -0.010544 
551 9.508216 0.000000 4.127976 100.654355 0.055587 2.267718 -0.013644 
552 10.178896 0.000000 3.476984 100.411022 0.000000 1.760580 -0.008547 
553 10.849576 0.000000 4.127976 100.385129 0.093096 2.445701 -0.008316 
554 10.178896 0.000000 4.778968 100.540054 0.057171 2.850054 -0.011643 
555 10.178896 0.000000 2.825992 100.383898 0.000000 1.538359 -0.007929 
556 9.508216 0.000000 2.825992 100.396516 -0.000000 1.093311 -0.008066 
557 10.849576 0.000000 2.825992 100.221736 0.020928 1.486669 -0.004661 
558 13.532296 0.000000 3.476984 100.153517 -0.020258 2.210100 -0.003561 
559 14.873656 0.000000 3.476984 100.124361 0.115774 2.245497 -0.002994 
560 13.532296 0.000000 4.778968 100.190825 0.103997 3.022978 -0.004735 
561 11.520256 0.000000 4.127976 100.309437 0.108929 2.498660 -0.006824 
562 11.520256 0.000000 3.476984 100.255814 0.047839 2.062021 -0.005548 
563 12.190936 0.000000 4.127976 100.252104 0.125946 2.544039 -0.005697 
564 11.520256 0.000000 4.778968 100.345691 0.079879 2.937038 -0.007789 
565 10.514236 0.000000 3.802480 100.398887 0.119816 2.164857 -0.008464 
566 10.178896 0.000000 3.802480 100.459761 0.103012 2.107046 -0.009661 
567 10.514236 0.000000 3.476984 100.360224 -0.000000 1.847327 -0.007559 
568 10.849576 0.000000 3.802480 100.353881 0.135164 2.209403 -0.007580 
569 10.514236 0.000000 4.127976 100.432635 0.083357 2.405885 -0.009251 
570 11.520256 0.000000 2.825992 100.187314 0.077256 1.593834 -0.004004 
571 12.190936 0.000000 2.825992 100.157441 0.118943 1.651331 -0.003425 
572 10.514236 0.000000 3.151488 100.355233 -0.000000 1.750435 -0.007424 
573 10.178896 0.000000 3.151488 100.406926 -0.000000 1.627637 -0.008420 
574 10.514236 0.000000 2.825992 100.349601 -0.000000 1.636555 -0.007272 
575 10.849576 0.000000 3.151488 100.274840 0.033473 1.732995 -0.005805 
576 11.184916 0.000000 3.802480 100.315907 0.146881 2.247979 -0.006836 
577 11.184916 0.000000 3.476984 100.284461 0.027222 2.016735 -0.006104 
578 11.520256 0.000000 3.802480 100.284352 0.156504 2.277533 -0.006216 
579 11.184916 0.000000 4.127976 100.344282 0.100863 2.471915 -0.007510 
580 10.681906 0.000000 3.639732 100.357403 0.237356 2.068695 -0.007594 
581 10.514236 0.000000 3.639732 100.379330 0.206519 2.043875 -0.008023 
582 10.681906 0.000000 3.476984 100.335258 0.000000 1.938299 -0.007092 
583 10.849576 0.000000 3.639732 100.336435 0.229699 2.088863 -0.007182 
584 10.681906 0.000000 3.802480 100.375066 0.127899 2.192621 -0.007998 
585 12.861616 0.000000 1.524008 100.031475 0.362026 0.579039 -0.000676 
586 12.861616 0.000000 0.873016 99.945286 1.563144 -2.277795 0.000331 
587 13.532296 0.000000 1.524008 100.044475 0.368884 0.632097 -0.000943 
588 12.861616 0.000000 2.175000 100.088099 0.165103 1.207985 -0.001911 
589 20.239096 0.000000 -0.428968 100.047742 -0.299464 2.032090 -0.001377 
590 20.239096 0.000000 -3.032937 99.866469 -0.105997 3.879885 0.001162 
591 22.921817 0.000000 -0.428968 100.045274 -0.268885 2.250645 -0.001419 
592 20.239096 0.000000 2.175000 100.157618 0.240143 1.180292 -0.003300 
593 16.215016 0.000000 0.873016 100.177075 1.573544 -2.199173 -0.004276 
594 16.215016 0.000000 -0.428968 100.000533 -0.315428 1.584489 -0.000272 
595 17.556376 0.000000 0.873016 100.213717 1.739741 -2.096131 -0.005021 
596 16.215016 0.000000 2.175000 100.124931 0.216279 1.306517 -0.002676 
597 14.202976 0.000000 1.524008 100.064809 0.373853 0.672179 -0.001356 
598 14.202976 0.000000 0.873016 100.016060 1.534427 -2.030447 -0.000969 
599 14.873656 0.000000 1.524008 100.095633 0.374230 0.682410 -0.001974 
600 14.202976 0.000000 2.175000 100.093237 0.197455 1.285681 -0.002035 
601 14.873656 0.000000 -5.636905 99.596172 -0.049882 4.769283 0.005785 
602 14.873656 0.000000 -8.240874 99.555646 -0.035114 5.518966 0.005821 
603 17.556376 0.000000 -5.636905 99.703135 -0.057821 4.861340 0.003565 
604 13.532296 0.000000 -1.730953 99.736911 -0.146625 2.535970 0.004610 
605 13.532296 0.000000 -3.032937 99.639569 -0.090212 3.445564 0.006008 
606 14.873656 0.000000 -1.730953 99.815045 -0.155269 2.663102 0.002984 
607 14.202976 0.000000 0.222024 99.968160 -0.586708 0.088003 0.000601 
608 13.532296 0.000000 0.222024 99.924907 -0.589976 0.047712 0.001466 
609 14.202976 0.000000 -0.428968 99.900683 -0.309365 1.327262 0.001800 
610 14.873656 0.000000 0.222024 100.030742 -0.585136 0.182706 -0.000653 
611 20.239096 0.000000 4.778968 100.074104 0.129280 3.008606 -0.002389 
612 22.921817 0.000000 4.778968 100.063854 0.142894 2.942798 -0.002146 
613 20.239096 0.000000 7.382937 100.021206 0.070335 4.282056 -0.002258 
614 16.215016 0.000000 3.476984 100.111693 0.093312 2.268493 -0.002751 
615 17.556376 0.000000 3.476984 100.106469 0.124865 2.260851 -0.002643 
616 16.215016 0.000000 4.778968 100.107704 0.120550 3.068305 -0.003098 
617 15.544336 0.000000 1.524008 100.125257 0.375980 0.665860 -0.002565 
618 15.544336 0.000000 0.873016 100.149630 1.511461 -2.102499 -0.003665 
619 16.215016 0.000000 1.524008 100.146069 0.377727 0.648209 -0.002980 
620 15.544336 0.000000 2.175000 100.115398 0.211978 1.300594 -0.002483 
621 14.538316 0.000000 1.198512 100.067404 0.628620 0.097690 -0.001389 
622 14.202976 0.000000 1.198512 100.046781 0.617391 0.079075 -0.000975 
623 14.538316 0.000000 0.873016 100.046567 1.520665 -2.014320 -0.001569 
624 14.873656 0.000000 1.198512 100.093276 0.637466 0.099739 -0.001908 
625 14.538316 0.000000 1.524008 100.078626 0.374274 0.684601 -0.001634 
626 18.897736 0.000000 0.873016 100.303714 1.477079 -2.030936 -0.006714 
627 18.897736 0.000000 -0.428968 100.040766 -0.312796 1.895392 -0.001185 
628 20.239096 0.000000 0.873016 100.513890 1.405790 -4.263508 -0.012320 
629 18.897736 0.000000 2.175000 100.145550 0.231710 1.227212 -0.003069 
630 16.885696 0.000000 1.524008 100.159532 0.378555 0.617549 -0.003246 
631 16.885696 0.000000 0.873016 100.193739 1.696935 -2.212213 -0.004656 
632 17.556376 0.000000 1.524008 100.169588 0.378580 0.577229 -0.003442 
633 16.885696 0.000000 2.175000 100.131642 0.219441 1.299912 -0.002808 
634 18.897736 0.000000 3.476984 100.105004 0.078034 2.247490 -0.002607 
635 20.239096 0.000000 3.476984 100.106111 0.023068 2.268798 -0.002638 
636 18.897736 0.000000 4.778968 100.078701 0.125943 3.035799 -0.002498 
637 18.227056 0.000000 1.524008 100.177745 0.379991 0.520404 -0.003600 
638 18.227056 0.000000 0.873016 100.237054 1.624228 -2.004444 -0.005412 
639 18.897736 0.000000 1.524008 100.184635 0.386943 0.465021 -0.003733 
640 18.227056 0.000000 2.175000 100.141943 0.225978 1.254978 -0.003003 
641 22.921817 0.000000 -13.448810 99.698269 -0.025403 6.266139 0.002099 
642 22.921817 0.000000 -18.656747 99.689022 -0.017348 6.556735 0.001911 
643 28.287257 0.000000 -13.448810 99.737686 -0.026746 6.293954 0.001278 
644 20.239096 0.000000 -5.636905 99.764912 -0.061698 4.938289 0.002257 
645 20.239096 0.000000 -8.240874 99.706786 -0.041902 5.587018 0.002734 
646 22.921817 0.000000 -5.636905 99.802303 -0.062150 5.020405 0.001429 
647 18.897736 0.000000 -1.730953 99.935301 -0.161356 3.003778 0.000389 
648 17.556376 0.000000 -1.730953 99.910611 -0.161656 2.890854 0.000949 
649 18.897736 0.000000 -3.032937 99.848959 -0.106548 3.810156 0.001566 
650 20.239096 0.000000 -1.730953 99.942725 -0.158288 3.095815 0.000184 
651 18.227056 0.000000 0.222024 100.121563 -0.607465 0.877571 -0.002547 
652 17.556376 0.000000 0.222024 100.121588 -0.607638 0.769649 -0.002529 
653 18.227056 0.000000 -0.428968 100.037849 -0.315703 1.819599 -0.001098 
654 18.897736 0.000000 0.222024 100.120737 -0.597831 0.980753 -0.002548 
655 33.652697 0.000000 -3.032937 99.913800 -0.090469 4.417765 -0.000229 
656 33.652697 0.000000 -8.240874 99.804256 -0.042923 5.788941 0.000560 
657 39.018138 0.000000 -3.032937 99.909713 -0.084397 4.583818 -0.000297 
658 33.652697 0.000000 2.175000 100.256355 0.733225 -0.226576 -0.005193 
659 25.604537 0.000000 -0.428968 100.044608 -0.243107 2.445369 -0.001496 
660 25.604537 0.000000 -3.032937 99.906755 -0.100714 4.120607 0.000165 
661 28.287257 0.000000 -0.428968 100.039028 -0.222081 2.630126 -0.001477 
662 25.604537 0.000000 2.175000 100.180767 0.316896 0.827426 -0.003697 
663 21.580457 0.000000 0.873016 100.398491 -1.644882 -2.653553 -0.008960 
664 21.580457 0.000000 -0.428968 100.042434 -0.283900 2.144810 -0.001317 
665 22.921817 0.000000 0.873016 100.309517 -1.201001 -1.285758 -0.006509 
666 21.580457 0.000000 2.175000 100.156233 0.247375 1.104051 -0.003255 
667 19.568416 0.000000 1.524008 100.190605 0.424366 0.421911 -0.003852 
668 19.568416 0.000000 0.873016 100.396000 1.644578 -2.695516 -0.008933 
669 20.239096 0.000000 1.524008 100.203089 0.425351 0.353977 -0.004097 
670 19.568416 0.000000 2.175000 100.148050 0.218983 1.210921 -0.003115 
671 18.562396 0.000000 1.198512 100.212215 0.640465 -0.146960 -0.004292 
672 18.227056 0.000000 1.198512 100.207808 0.643350 -0.104335 -0.004203 
673 18.562396 0.000000 0.873016 100.248978 1.543275 -1.997210 -0.005623 
674 18.897736 0.000000 1.198512 100.220397 0.645736 -0.186116 -0.004458 
675 18.562396 0.000000 1.524008 100.180864 0.382373 0.488936 -0.003659 
676 -14.636266 0.000000 -60.320242 99.734486 -0.002173 6.965230 0.000452 
677 -36.098028 0.000000 -60.320242 99.741858 -0.001348 6.974449 0.000292 
678 -14.636266 0.000000 -81.151989 99.743456 -0.001859 6.968087 0.000269 
679 71.210780 0.000000 -60.320242 99.751233 -0.005962 6.929129 0.000168 
680 71.210780 0.000000 -81.151989 99.751174 -0.004206 6.949607 0.000141 
681 92.672542 0.000000 -60.320242 99.754406 -0.006192 6.930703 0.000102 
682 -14.636266 0.000000 64.670242 99.779256 0.002460 6.963941 -0.000440 
683 -36.098028 0.000000 64.670242 99.771859 0.001596 6.973400 -0.000305 
684 -14.636266 0.000000 85.501989 99.770154 0.002097 6.967243 -0.000263 
685 -3.905385 0.000000 -29.072621 99.663194 -0.004028 6.926950 0.001927 
686 -14.636266 0.000000 -29.072621 99.693530 -0.002477 6.968034 0.001265 
687 -3.905385 0.000000 -39.488495 99.702529 -0.003539 6.941731 0.001122 
688 71.210780 0.000000 64.670242 99.767534 0.006825 6.918259 -0.000142 
689 92.672542 0.000000 64.670242 99.764841 0.007367 6.915074 -0.000084 
690 71.210780 0.000000 85.501989 99.764702 0.004773 6.944811 -0.000123 
691 39.018138 0.000000 -29.072621 99.738057 -0.012148 6.788726 0.000623 
692 39.018138 0.000000 -39.488495 99.736873 -0.008486 6.869893 0.000536 
693 49.749019 0.000000 -29.072621 99.749803 -0.012674 6.795641 0.000380 
694 -3.905385 0.000000 33.422621 99.847185 0.004524 6.924324 -0.001741 
695 -14.636266 0.000000 33.422621 99.819976 0.002963 6.962734 -0.001251 
696 -3.905385 0.000000 43.838495 99.810583 0.003930 6.939887 -0.001031 
697 1.460055 0.000000 -13.448810 99.360446 -0.006714 6.731608 0.008219 
698 -3.905385 0.000000 -13.448810 99.470316 -0.004131 6.927632 0.005766 
699 1.460055 0.000000 -18.656747 99.530246 -0.006324 6.814005 0.004730 
700 39.018138 0.000000 33.422621 99.797323 0.013028 6.762396 -0.000524 
701 49.749019 0.000000 33.422621 99.787638 0.014139 6.751512 -0.000316 
702 39.018138 0.000000 43.838495 99.787472 0.009174 6.857719 -0.000457 
703 1.460055 0.000000 17.798810 100.090681 0.007768 6.749377 -0.006370 
704 -3.905385 0.000000 17.798810 100.014552 0.005139 6.902985 -0.005056 
705 1.460055 0.000000 23.006747 99.960759 0.006923 6.822509 -0.003870 
706 4.142775 0.000000 -5.636905 98.250664 -0.008895 5.792323 0.031326 
707 1.460055 0.000000 -5.636905 98.445276 -0.005429 6.639877 0.026444 
708 4.142775 0.000000 -8.240874 98.866173 -0.009631 6.208738 0.018693 
709 22.921817 0.000000 17.798810 99.891593 0.023763 6.275465 -0.001771 
710 28.287257 0.000000 17.798810 99.860487 0.026044 6.247089 -0.001114 
711 22.921817 0.000000 23.006747 99.863805 0.017020 6.558800 -0.001580 
712 4.142775 0.000000 9.986905 100.771128 0.011408 6.114650 -0.019221 
713 1.460055 0.000000 9.986905 100.684386 0.007014 6.571585 -0.018053 
714 4.142775 0.000000 12.590874 100.422259 0.010956 6.370954 -0.012522 
715 5.484135 0.000000 -1.730953 96.067673 -0.005359 2.133691 0.076645 
716 4.142775 0.000000 -1.730953 94.735056 -0.003244 4.151068 0.100804 
717 5.484135 0.000000 -3.032937 97.217188 -0.007678 3.859424 0.053392 
718 14.873656 0.000000 9.986905 100.113907 0.038812 5.209892 -0.004994 
719 17.556376 0.000000 9.986905 100.035143 0.044006 5.171725 -0.003378 
720 14.873656 0.000000 12.590874 100.068030 0.028518 5.764701 -0.004684 
721 33.652697 0.000000 -13.448810 99.759067 -0.027090 6.324330 0.000813 
722 33.652697 0.000000 -18.656747 99.738887 -0.019393 6.572319 0.000896 
723 39.018138 0.000000 -13.448810 99.770985 -0.027236 6.352263 0.000540 
724 25.604537 0.000000 -5.636905 99.822615 -0.061612 5.093497 0.000950 
725 25.604537 0.000000 -8.240874 99.770995 -0.042969 5.675601 0.001353 
726 28.287257 0.000000 -5.636905 99.834955 -0.060884 5.158122 0.000637 
727 16.215016 0.000000 -1.730953 99.871843 -0.156359 2.779947 0.001786 
728 16.215016 0.000000 -3.032937 99.779544 -0.103045 3.643889 0.003075 
729 8.166856 0.000000 6.080953 101.025821 0.026472 3.823173 -0.022083 
730 6.825495 0.000000 6.080953 101.510402 0.018880 4.046657 -0.032074 
731 8.166856 0.000000 7.382937 100.845269 0.024212 4.588518 -0.019082 
732 11.520256 0.000000 -1.079961 99.651741 -0.150524 1.736666 0.006649 
733 11.520256 0.000000 -1.730953 99.570386 -0.106869 2.303184 0.008042 
734 12.190936 0.000000 -1.079961 99.706638 -0.175108 1.810839 0.005528 
735 9.843556 0.000000 -0.103472 99.826347 -0.036854 0.218019 0.003465 
736 9.843556 0.000000 -0.428968 99.679774 -0.050415 0.593499 0.006359 
737 33.652697 0.000000 7.382937 99.979853 0.086937 3.969391 -0.001173 
738 39.018138 0.000000 7.382937 99.986035 0.094186 3.806415 -0.001170 
739 33.652697 0.000000 12.590874 99.881657 0.042884 5.560315 -0.000726 
740 33.652697 0.000000 17.798810 99.842941 0.027784 6.221710 -0.000732 
741 39.018138 0.000000 17.798810 99.833333 0.029039 6.194873 -0.000507 
742 33.652697 0.000000 23.006747 99.825204 0.020007 6.522354 -0.000761 
743 25.604537 0.000000 4.778968 100.061403 0.157048 2.853196 -0.002045 
744 28.287257 0.000000 4.778968 100.061750 0.177416 2.763691 -0.002002 
745 25.604537 0.000000 7.382937 99.987645 0.077206 4.177663 -0.001499 
746 20.239096 0.000000 9.986905 99.989745 0.047513 5.136175 -0.002433 
747 22.921817 0.000000 9.986905 99.959421 0.049955 5.099426 -0.001789 
748 20.239096 0.000000 12.590874 99.961154 0.034389 5.688075 -0.002459 
749 13.532296 0.000000 6.080953 100.210503 0.069973 3.724411 -0.005602 
750 14.873656 0.000000 6.080953 100.146579 0.078418 3.733836 -0.004328 
751 13.532296 0.000000 7.382937 100.208383 0.052213 4.348782 -0.006063 
752 12.861616 0.000000 0.222024 99.890910 -0.589900 -0.005878 0.002146 
753 12.861616 0.000000 -0.428968 99.824483 -0.294955 1.184488 0.003358 
754 11.184916 0.000000 -0.103472 99.760119 -0.291671 0.507515 0.004758 
755 11.184916 0.000000 -0.428968 99.718151 -0.208237 0.977379 0.005529 
756 11.520256 0.000000 -0.103472 99.783249 -0.338758 0.557009 0.004288 
757 10.346566 0.000000 0.384772 99.736638 -0.036595 -0.544695 0.005230 
758 10.178896 0.000000 0.384772 99.822823 0.001927 -0.577985 0.003507 
759 10.346566 0.000000 0.222024 99.766951 -0.077935 -0.144754 0.004653 
760 11.017246 0.000000 0.384772 99.758522 -0.590859 -0.830037 0.004720 
761 11.017246 0.000000 0.222024 99.762045 -0.414949 -0.213458 0.004732 
762 11.184916 0.000000 0.384772 99.800435 -0.668001 -0.809713 0.003877 
763 7.496176 0.000000 -1.079961 98.392000 -0.010173 0.540740 0.031872 
764 6.825495 0.000000 -1.079961 97.754664 -0.006818 0.418058 0.044385 
765 7.496176 0.000000 -1.730953 98.251847 -0.014261 1.561100 0.034414 
766 8.502196 0.000000 -0.103472 99.538332 -0.006366 -0.786453 0.009150 
767 8.166856 0.000000 -0.103472 99.335181 -0.004276 -0.987678 0.013155 
768 8.502196 0.000000 -0.428968 99.340676 -0.012175 -0.158553 0.013140 
769 9.675886 0.000000 0.384772 100.145412 0.022704 -0.710939 -0.002961 
770 9.675886 0.000000 0.222024 100.044893 0.001274 -0.387455 -0.000913 
771 9.843556 0.000000 0.384772 100.024530 0.022698 -0.592249 -0.000526 
772 10.011226 0.000000 0.384772 99.918744 0.017107 -0.568220 0.001592 
773 10.011226 0.000000 0.222024 99.887949 -0.015440 -0.216746 0.002235 
774 10.430401 0.000000 0.628894 99.492844 0.134176 -1.084447 0.009998 
775 10.346566 0.000000 0.628894 99.620120 0.128757 -1.021743 0.007477 
776 10.430401 0.000000 0.547520 99.577217 0.028521 -1.226077 0.008287 
777 5.484135 0.000000 3.476984 103.770533 0.009033 1.793916 -0.077154 
778 4.142775 0.000000 3.476984 105.301880 0.005927 3.926334 -0.110390 
779 5.484135 0.000000 4.778968 102.598822 0.012224 3.609458 -0.053955 
780 5.484135 0.000000 6.080953 101.958171 0.013435 4.550542 -0.041618 
781 4.142775 0.000000 6.080953 102.254330 0.010049 5.308969 -0.048413 
782 5.484135 0.000000 7.382937 101.380140 0.013798 5.180514 -0.030477 
783 8.837536 0.000000 2.825992 100.586855 0.046719 0.807822 -0.011837 
784 8.166856 0.000000 2.825992 100.890406 0.025947 0.567887 -0.017920 
785 8.837536 0.000000 3.476984 100.768232 0.042395 1.528322 -0.015657 
786 8.837536 0.000000 4.127976 100.871621 0.039795 2.172372 -0.017980 
787 8.166856 0.000000 4.127976 101.174331 0.028743 2.082497 -0.024058 
788 8.837536 0.000000 4.778968 100.904012 0.035740 2.774677 -0.018932 
789 10.262731 0.000000 0.954390 100.006883 -0.000000 -0.003813 -0.000138 
790 10.178896 0.000000 0.954390 99.917074 0.000000 0.012179 0.001658 
791 10.262731 0.000000 1.035764 99.960711 -0.000000 0.002217 0.000786 
792 10.702865 0.000000 0.771298 100.737968 0.399807 -0.571464 -0.014862 
793 10.702865 0.000000 0.750955 99.856323 0.543983 0.000000 0.002842 
794 10.723823 0.000000 0.771298 100.645068 0.416173 -0.579050 -0.012994 
795 10.472318 0.000000 0.750955 99.876486 0.251916 0.000000 0.002462 
796 10.430401 0.000000 0.750955 99.875550 0.204160 0.000000 0.002483 
797 10.472318 0.000000 0.710268 99.876250 0.247254 0.000000 0.002467 
798 10.095061 0.000000 0.954390 99.839851 0.000000 0.047909 0.003200 
799 10.011226 0.000000 0.954390 99.774759 0.000000 0.088757 0.004499 
800 10.095061 0.000000 1.035764 99.807063 0.000000 0.077892 0.003854 
801 9.759721 0.000000 0.954390 99.500865 0.000000 -0.034526 0.009958 
802 9.843556 0.000000 0.954390 99.607713 -0.000000 -0.028272 0.007830 
803 9.759721 0.000000 1.035764 99.497592 0.000000 -0.041572 0.010023 
804 9.424381 0.000000 0.628894 100.652962 0.031070 -1.265370 -0.013262 
805 9.424381 0.000000 0.547520 100.566922 0.041328 -1.407015 -0.011569 
806 9.508216 0.000000 0.628894 100.504470 0.036978 -1.218516 -0.010263 
807 9.382463 0.000000 0.750955 99.609948 0.018094 -0.026968 0.007786 
808 9.382463 0.000000 0.710268 99.830044 0.023691 0.000000 0.003396 
809 9.424381 0.000000 0.750955 99.656185 0.019631 -0.031185 0.006864 
810 9.466298 0.000000 0.832329 99.329720 0.011107 -0.094146 0.013360 
811 9.466298 0.000000 0.791642 99.471451 0.015582 -0.075422 0.010542 
812 9.466298 0.000000 0.873016 99.226997 0.007400 -0.110864 0.015399 
813 8.669866 0.000000 0.384772 99.981162 0.005578 -2.209574 -0.000112 
814 8.502196 0.000000 0.384772 99.800489 0.004877 -2.286666 0.003463 
815 8.669866 0.000000 0.222024 99.873764 0.000999 -1.567826 0.002277 
816 9.214793 0.000000 0.750955 99.588065 0.015379 -0.014459 0.008222 
817 9.172876 0.000000 0.750955 99.816023 0.016584 0.000000 0.003676 
818 9.214793 0.000000 0.710268 99.820157 0.017310 0.000000 0.003594 
819 9.130958 0.000000 0.750955 99.607018 0.013525 -0.022117 0.007844 
820 9.130958 0.000000 0.710268 99.811469 0.015083 0.000000 0.003767 
821 9.026164 0.000000 0.771298 99.190427 0.009354 -0.352481 0.016113 
822 9.026164 0.000000 0.750955 99.528210 0.010353 -0.129844 0.009412 
823 9.047123 0.000000 0.771298 99.373105 0.010276 -0.152998 0.012496 
824 12.861616 0.000000 2.825992 100.137330 0.153676 1.706193 -0.003042 
825 13.532296 0.000000 2.825992 100.123421 0.121942 1.746160 -0.002776 
826 12.861616 0.000000 3.476984 100.176697 0.119802 2.173629 -0.004011 
827 14.202976 0.000000 2.825992 100.117007 0.131200 1.769756 -0.002656 
828 14.873656 0.000000 2.825992 100.113989 0.141560 1.791817 -0.002604 
829 14.202976 0.000000 3.476984 100.135081 0.056519 2.236919 -0.003204 
830 12.861616 0.000000 4.127976 100.208802 0.136367 2.577359 -0.004847 
831 13.532296 0.000000 4.127976 100.176448 0.145054 2.608274 -0.004214 
832 12.861616 0.000000 4.778968 100.230594 0.098362 2.996659 -0.005516 
833 11.184916 0.000000 3.151488 100.246258 0.057553 1.799172 -0.005255 
834 11.184916 0.000000 2.825992 100.201271 0.049755 1.550166 -0.004270 
835 11.520256 0.000000 3.151488 100.222351 0.077006 1.830930 -0.004788 
836 21.580457 0.000000 -1.730953 99.952564 -0.155151 3.175117 -0.000062 
837 21.580457 0.000000 -3.032937 99.882563 -0.105252 3.940799 0.000793 
838 22.921817 0.000000 -1.730953 99.959101 -0.151134 3.259995 -0.000247 
839 15.544336 0.000000 0.222024 100.081662 -0.592299 0.328452 -0.001680 
840 15.544336 0.000000 -0.428968 99.975672 -0.313423 1.486932 0.000256 
841 16.215016 0.000000 0.222024 100.103847 -0.599682 0.498583 -0.002139 
842 16.885696 0.000000 0.222024 100.116557 -0.604970 0.638986 -0.002410 
843 16.885696 0.000000 -0.428968 100.018700 -0.316784 1.670052 -0.000663 
844 12.861616 0.000000 -1.079961 99.754393 -0.192550 1.892223 0.004544 
845 12.861616 0.000000 -1.730953 99.690131 -0.138143 2.464512 0.005578 
846 13.532296 0.000000 -1.079961 99.798355 -0.201625 1.961293 0.003640 
847 21.580457 0.000000 3.476984 100.101449 0.047477 2.181137 -0.002506 
848 22.921817 0.000000 3.476984 100.093324 0.207062 2.290473 -0.002396 
849 21.580457 0.000000 4.778968 100.068421 0.136065 2.972362 -0.002254 
850 15.544336 0.000000 2.825992 100.115231 0.148129 1.793677 -0.002630 
851 16.215016 0.000000 2.825992 100.115854 0.105153 1.815342 -0.002649 
852 15.544336 0.000000 3.476984 100.116146 0.172126 2.273648 -0.002844 
853 16.885696 0.000000 2.825992 100.117416 0.125116 1.811528 -0.002679 
854 17.556376 0.000000 2.825992 100.118909 0.138931 1.802870 -0.002707 
855 16.885696 0.000000 3.476984 100.108699 0.110061 2.268141 -0.002691 
856 19.568416 0.000000 0.222024 100.117083 -0.571912 1.094766 -0.002496 
857 19.568416 0.000000 -0.428968 100.046758 -0.306900 1.966526 -0.001332 
858 20.239096 0.000000 0.222024 100.118555 -0.541654 1.203973 -0.002547 
859 18.227056 0.000000 2.825992 100.121309 0.150939 1.775947 -0.002745 
860 18.897736 0.000000 2.825992 100.123204 0.162468 1.757661 -0.002777 
861 18.227056 0.000000 3.476984 100.105208 0.024388 2.271390 -0.002621 
862 19.568416 0.000000 2.825992 100.117963 0.199583 1.829986 -0.002700 
863 20.239096 0.000000 2.825992 100.131180 0.156595 1.735303 -0.002929 
864 19.568416 0.000000 3.476984 100.102899 0.189241 2.238275 -0.002564 
865 25.604537 0.000000 9.986905 99.940092 0.051782 5.068010 -0.001371 
866 28.287257 0.000000 9.986905 99.929104 0.054236 5.027390 -0.001110 
867 25.604537 0.000000 12.590874 99.909713 0.039027 5.643101 -0.001380 
868 16.215016 0.000000 6.080953 100.104387 0.082940 3.743871 -0.003491 
869 17.556376 0.000000 6.080953 100.076316 0.084295 3.740853 -0.002927 
870 16.215016 0.000000 7.382937 100.105263 0.062810 4.334764 -0.003986 
871 10.262731 0.000000 0.628894 99.718753 0.117199 -1.037996 0.005508 
872 10.178896 0.000000 0.628894 99.801224 0.105478 -1.045986 0.003861 
873 10.262731 0.000000 0.547520 99.736693 0.061424 -1.172072 0.005121 
874 7.496176 0.000000 2.825992 101.311117 0.016677 0.341451 -0.026406 
875 6.825495 0.000000 2.825992 101.973966 0.012374 0.121164 -0.039870 
876 7.496176 0.000000 3.476984 101.472998 0.020589 1.286611 -0.029843 
877 7.496176 0.000000 4.127976 101.511930 0.022370 2.108066 -0.030912 
878 6.825495 0.000000 4.127976 101.970918 0.016458 2.188943 -0.040286 
879 7.496176 0.000000 4.778968 101.491494 0.022644 2.785906 -0.030829 
880 10.388483 0.000000 0.750955 99.928236 0.156625 0.002447 0.001432 
881 10.346566 0.000000 0.750955 99.873543 0.149435 0.000000 0.002525 
882 10.388483 0.000000 0.710268 99.874991 0.163930 0.000000 0.002496 
883 10.095061 0.000000 0.628894 99.869006 0.093177 -1.032072 0.002511 
884 10.011226 0.000000 0.628894 99.928230 0.082720 -1.042483 0.001326 
885 10.095061 0.000000 0.547520 99.868532 0.061915 -1.144489 0.002496 
886 9.927391 0.000000 0.954390 99.696360 0.000000 0.036409 0.006063 
887 9.927391 0.000000 1.035764 99.667528 0.000000 0.030099 0.006638 
888 9.592051 0.000000 0.628894 100.375386 0.043052 -1.157320 -0.007656 
889 9.592051 0.000000 0.547520 100.327525 0.050380 -1.282148 -0.006726 
890 9.675886 0.000000 0.628894 100.258260 0.049767 -1.114234 -0.005296 
891 9.759721 0.000000 0.628894 100.157037 0.056968 -1.076353 -0.003259 
892 9.759721 0.000000 0.547520 100.137867 0.046258 -1.198142 -0.002903 
893 9.843556 0.000000 0.628894 100.070023 0.064831 -1.020705 -0.001506 
894 9.466298 0.000000 0.750955 99.580135 0.019497 -0.056227 0.008379 
895 9.466298 0.000000 0.710268 99.836358 0.026464 0.000000 0.003270 
896 9.508216 0.000000 0.750955 99.691200 0.024287 -0.033274 0.006166 
897 9.068082 0.000000 0.771298 99.364397 0.010428 -0.150996 0.012669 
898 9.068082 0.000000 0.750955 99.620320 0.010998 -0.033575 0.007579 
899 9.089041 0.000000 0.771298 99.034227 0.009897 -0.173964 0.019219 
900 14.202976 0.000000 4.127976 100.150937 0.151500 2.638679 -0.003720 
901 14.873656 0.000000 4.127976 100.132496 0.156810 2.660804 -0.003362 
902 14.202976 0.000000 4.778968 100.161599 0.109769 3.035618 -0.004157 
903 14.202976 0.000000 -1.079961 99.837209 -0.206736 2.039318 0.002833 
904 14.202976 0.000000 -1.730953 99.779033 -0.151988 2.606598 0.003733 
905 14.873656 0.000000 -1.079961 99.873483 -0.210106 2.100397 0.002083 
906 18.897736 0.000000 6.080953 100.065308 0.088579 3.728837 -0.002698 
907 20.239096 0.000000 6.080953 100.043931 0.090379 3.704112 -0.002252 
908 18.897736 0.000000 7.382937 100.040903 0.068143 4.301920 -0.002669 
909 15.544336 0.000000 4.127976 100.119766 0.160718 2.669050 -0.003112 
910 16.215016 0.000000 4.127976 100.109677 0.164175 2.677877 -0.002915 
911 15.544336 0.000000 4.778968 100.121366 0.116772 3.062438 -0.003368 
912 15.544336 0.000000 -1.079961 99.904330 -0.212543 2.176455 0.001434 
913 15.544336 0.000000 -1.730953 99.845394 -0.158283 2.732885 0.002340 
914 16.215016 0.000000 -1.079961 99.928859 -0.213926 2.251848 0.000911 
915 9.927391 0.000000 0.628894 99.994442 0.073106 -1.020679 0.000006 
916 9.927391 0.000000 0.547520 99.991105 0.054713 -1.130291 0.000050 
917 9.550133 0.000000 0.750955 99.705142 0.025873 -0.012648 0.005888 
918 9.550133 0.000000 0.710268 100.496804 0.052157 -0.654181 -0.010004 
919 9.592051 0.000000 0.750955 99.841672 0.034611 0.000000 0.003164 
920 21.580457 0.000000 6.080953 100.037395 0.093246 3.668875 -0.002095 
921 22.921817 0.000000 6.080953 100.029308 0.096577 3.645807 -0.001916 
922 21.580457 0.000000 7.382937 100.011294 0.072050 4.257061 -0.002039 
923 16.885696 0.000000 4.127976 100.102350 0.167845 2.679154 -0.002769 
924 17.556376 0.000000 4.127976 100.097765 0.171461 2.662171 -0.002668 
925 16.885696 0.000000 4.778968 100.098375 0.119573 3.052418 -0.002902 
926 18.227056 0.000000 4.127976 100.094094 0.174110 2.653825 -0.002590 
927 18.897736 0.000000 4.127976 100.091454 0.177986 2.647539 -0.002534 
928 18.227056 0.000000 4.778968 100.084354 0.126774 3.046828 -0.002618 
929 16.885696 0.000000 -1.079961 99.948850 -0.214137 2.318838 0.000480 
930 16.885696 0.000000 -1.730953 99.893401 -0.161087 2.840983 0.001321 
931 17.556376 0.000000 -1.079961 99.964646 -0.214971 2.379283 0.000136 
1 1 12 10 11 
2 11 10 14 6 
3 6 14 19 20 
4 20 19 22 4 
5 10 25 23 24 
6 24 23 27 14 
7 14 27 35 36 
8 36 35 38 19 
9 23 41 39 40 
10 40 39 43 27 
11 27 43 51 52 
12 52 51 54 35 
13 39 57 55 56 
14 56 55 59 43 
15 43 59 67 68 
16 68 67 70 51 
17 55 73 71 72 
18 72 71 75 59 
19 15 84 83 33 
20 84 17 85 83 
21 83 85 8 86 
22 33 83 86 18 
23 88 33 89 87 
24 87 89 18 90 
25 7 114 112 113 
26 114 16 115 112 
27 112 115 15 32 
28 113 112 32 13 
29 13 118 116 117 
30 118 32 119 116 
31 116 119 31 48 
32 117 116 48 26 
33 26 122 120 121 
34 122 48 123 120 
35 120 123 47 64 
36 121 120 64 42 
37 42 126 124 125 
38 126 64 127 124 
39 124 127 63 80 
40 125 124 80 58 
41 80 130 128 129 
42 130 63 131 128 
43 18 86 137 45 
44 86 8 138 137 
45 137 138 29 139 
46 45 137 139 28 
47 90 18 141 140 
48 140 141 45 142 
49 154 81 155 153 
50 153 155 106 156 
51 161 163 107 164 
52 162 161 164 82 
53 156 106 171 170 
54 170 171 66 172 
55 163 170 172 107 
56 174 153 175 173 
57 173 175 156 176 
58 177 179 163 180 
59 178 177 180 161 
60 176 156 187 186 
61 186 187 170 188 
62 179 186 188 163 
63 168 190 189 184 
64 190 173 191 189 
65 189 191 176 192 
66 184 189 192 103 
67 193 195 179 196 
68 194 193 196 177 
69 199 184 200 197 
70 197 200 103 201 
71 58 204 202 203 
72 204 80 129 202 
73 103 192 221 195 
74 192 176 222 221 
75 221 222 186 223 
76 195 221 223 179 
77 185 201 224 225 
78 201 103 226 224 
79 224 226 195 227 
80 225 224 227 193 
81 230 197 231 228 
82 228 231 201 232 
83 229 228 232 185 
84 59 75 233 234 
85 234 233 235 67 
86 239 162 82 241 
87 240 239 241 111 
88 242 178 161 244 
89 243 242 244 162 
90 245 194 177 247 
91 246 245 247 178 
92 169 220 248 249 
93 220 185 225 248 
94 248 225 193 250 
95 249 248 250 194 
96 217 253 251 252 
97 251 229 185 254 
98 252 251 254 220 
99 129 257 255 256 
100 257 128 258 255 
101 255 258 105 134 
102 256 255 134 79 
103 134 261 259 260 
104 261 105 262 259 
105 259 262 135 167 
106 260 259 167 132 
107 167 265 263 264 
108 265 135 266 263 
109 263 266 168 183 
110 264 263 183 165 
111 183 269 267 268 
112 269 168 270 267 
113 267 270 184 199 
114 268 267 199 181 
115 181 273 271 272 
116 273 199 274 271 
117 271 274 197 230 
118 198 277 275 276 
119 277 230 278 275 
120 275 278 228 279 
121 276 275 279 229 
122 165 282 280 281 
123 282 183 268 280 
124 280 268 181 219 
125 281 280 219 182 
126 219 285 283 284 
127 285 181 272 283 
128 284 283 253 217 
129 253 288 286 287 
130 286 276 229 289 
131 287 286 289 251 
132 283 292 290 291 
133 292 272 293 290 
134 290 293 198 288 
135 291 290 288 253 
136 288 296 294 295 
137 296 198 297 294 
138 294 297 276 298 
139 295 294 298 286 
140 305 217 252 303 
141 303 252 220 306 
142 304 303 306 169 
143 216 302 307 308 
144 302 169 249 307 
145 307 249 194 309 
146 308 307 309 245 
147 299 312 310 311 
148 312 218 304 310 
149 310 304 169 313 
150 311 310 313 302 
151 182 316 314 315 
152 316 219 284 314 
153 314 284 217 305 
154 315 314 305 218 
155 218 319 317 318 
156 319 305 320 317 
157 317 320 303 321 
158 318 317 321 304 
159 214 328 326 327 
160 328 213 300 326 
161 326 300 216 329 
162 327 326 329 136 
163 300 332 330 331 
164 332 299 311 330 
165 330 311 302 333 
166 331 330 333 216 
167 334 246 178 336 
168 335 334 336 242 
169 322 339 337 338 
170 339 214 327 337 
171 337 327 136 340 
172 338 337 340 325 
173 323 351 349 350 
174 351 322 338 349 
175 349 338 325 352 
176 350 349 352 212 
177 353 243 162 355 
178 354 353 355 239 
179 356 335 242 358 
180 357 356 358 243 
181 345 361 359 360 
182 361 323 350 359 
183 359 350 212 362 
184 360 359 362 348 
185 369 345 360 367 
186 367 360 348 370 
187 371 357 243 373 
188 372 371 373 353 
189 104 370 378 379 
190 370 348 380 378 
191 378 380 356 381 
192 379 378 381 357 
193 368 384 382 383 
194 384 367 385 382 
195 382 385 370 386 
196 383 382 386 104 
197 71 389 387 388 
198 389 74 109 387 
199 387 109 5 390 
200 388 387 390 75 
201 74 393 391 392 
202 393 110 206 391 
203 391 206 108 394 
204 392 391 394 109 
205 206 397 395 396 
206 396 395 398 108 
207 109 394 407 408 
208 394 108 240 407 
209 407 240 111 409 
210 408 407 409 5 
211 108 398 410 411 
212 410 354 239 412 
213 411 410 412 240 
214 413 372 353 415 
215 414 413 415 354 
216 344 406 416 417 
217 406 366 418 416 
218 416 418 371 419 
219 417 416 419 372 
220 403 422 420 421 
221 420 423 366 424 
222 421 420 424 406 
223 202 427 425 426 
224 427 129 256 425 
225 425 256 79 207 
226 426 425 207 110 
227 207 430 428 429 
228 430 79 431 428 
229 428 431 133 343 
230 429 428 343 205 
231 343 434 432 433 
232 434 133 435 432 
233 432 435 210 365 
234 433 432 365 341 
235 341 438 436 437 
236 438 365 439 436 
237 436 439 363 405 
238 437 436 405 364 
239 405 442 440 441 
240 442 363 443 440 
241 440 443 375 422 
242 441 440 422 403 
243 366 377 444 418 
244 377 104 379 444 
245 444 379 357 445 
246 418 444 445 371 
247 375 447 446 423 
248 447 374 448 446 
249 446 448 377 449 
250 423 446 449 366 
251 422 452 450 451 
252 452 375 453 450 
253 450 453 423 454 
254 451 450 454 420 
255 404 461 459 460 
256 461 403 421 459 
257 459 421 406 462 
258 460 459 462 344 
259 402 458 463 464 
260 458 344 417 463 
261 463 417 372 465 
262 464 463 465 413 
263 455 468 466 467 
264 468 404 460 466 
265 466 460 344 469 
266 467 466 469 458 
267 395 472 470 471 
268 472 342 400 470 
269 470 400 208 473 
270 471 470 473 398 
271 400 476 474 475 
272 475 474 477 208 
273 478 467 458 481 
274 479 478 481 402 
275 205 484 482 483 
276 484 343 433 482 
277 482 433 341 401 
278 483 482 401 342 
279 401 487 485 486 
280 487 341 437 485 
281 485 437 364 457 
282 486 485 457 399 
283 399 490 488 489 
284 490 457 491 488 
285 480 494 492 493 
286 494 455 495 492 
287 492 495 467 496 
288 493 492 496 478 
289 398 473 497 498 
290 473 208 414 497 
291 497 414 354 499 
292 498 497 499 410 
293 208 477 500 501 
294 477 402 464 500 
295 500 464 413 502 
296 501 500 502 414 
297 474 505 503 504 
298 503 479 402 506 
299 504 503 506 477 
300 456 509 507 508 
301 509 480 493 507 
302 507 493 478 510 
303 508 507 510 479 
304 342 513 511 512 
305 513 401 486 511 
306 511 486 399 476 
307 512 511 476 400 
308 476 516 514 515 
309 516 399 489 514 
310 515 514 505 474 
311 505 519 517 518 
312 517 508 479 520 
313 518 517 520 503 
314 514 523 521 522 
315 523 489 524 521 
316 521 524 456 519 
317 522 521 519 505 
318 519 527 525 526 
319 527 456 528 525 
320 525 528 508 529 
321 526 525 529 517 
322 21 46 530 531 
323 46 28 532 530 
324 530 532 30 533 
325 531 530 533 9 
326 37 62 534 535 
327 62 44 536 534 
328 534 536 46 537 
329 535 534 537 21 
330 53 78 538 539 
331 78 60 540 538 
332 538 540 62 541 
333 539 538 541 37 
334 69 102 542 543 
335 102 76 544 542 
336 542 544 78 545 
337 543 542 545 53 
338 99 160 546 547 
339 160 101 548 546 
340 546 548 76 549 
341 547 546 549 102 
342 158 552 550 551 
343 550 553 160 554 
344 551 550 554 99 
345 82 164 555 556 
346 164 107 557 555 
347 556 555 552 158 
348 562 159 563 561 
349 561 563 101 564 
350 553 561 564 160 
351 552 567 565 566 
352 565 568 553 569 
353 566 565 569 550 
354 107 172 570 557 
355 172 66 571 570 
356 570 571 159 562 
357 555 574 572 573 
358 574 557 575 572 
359 572 575 157 567 
360 573 572 567 552 
361 157 577 576 568 
362 577 562 578 576 
363 576 578 561 579 
364 568 576 579 553 
365 567 582 580 581 
366 582 157 583 580 
367 580 583 568 584 
368 581 580 584 565 
369 106 586 585 171 
370 586 149 587 585 
371 585 587 152 588 
372 171 585 588 66 
373 149 598 597 587 
374 597 599 98 600 
375 587 597 600 152 
376 64 602 601 127 
377 602 47 603 601 
378 601 603 65 96 
379 127 601 96 63 
380 63 605 604 131 
381 605 96 606 604 
382 150 609 607 608 
383 609 95 610 607 
384 607 610 151 598 
385 608 607 598 149 
386 151 618 617 599 
387 618 593 619 617 
388 617 619 596 620 
389 599 617 620 98 
390 598 623 621 622 
391 623 151 624 621 
392 621 624 599 625 
393 622 621 625 597 
394 593 631 630 619 
395 631 595 632 630 
396 630 632 50 633 
397 619 630 633 596 
398 634 635 611 636 
399 595 638 637 632 
400 637 639 629 640 
401 632 637 640 50 
402 48 642 641 123 
403 642 31 643 641 
404 641 643 49 92 
405 123 641 92 47 
406 47 645 644 603 
407 645 92 646 644 
408 644 646 91 590 
409 603 644 590 65 
410 65 649 647 648 
411 649 590 650 647 
412 647 650 589 627 
413 648 647 627 97 
414 97 653 651 652 
415 653 627 654 651 
416 651 654 626 638 
417 652 651 638 595 
418 49 656 655 93 
419 656 87 657 655 
420 655 657 90 658 
421 93 655 658 34 
422 91 660 659 591 
423 660 93 661 659 
424 659 661 34 662 
425 591 659 662 94 
426 589 664 663 628 
427 664 591 665 663 
428 663 665 94 666 
429 628 663 666 592 
430 626 668 667 639 
431 668 628 669 667 
432 667 669 592 670 
433 639 667 670 629 
434 638 673 671 672 
435 673 626 674 671 
436 671 674 639 675 
437 672 671 675 637 
438 12 678 676 677 
439 678 7 113 676 
440 676 113 13 25 
441 677 676 25 10 
442 16 680 679 115 
443 680 2 681 679 
444 679 681 17 84 
445 115 679 84 15 
446 19 38 682 683 
447 38 21 531 682 
448 682 531 9 684 
449 683 682 684 22 
450 25 687 685 686 
451 687 13 117 685 
452 685 117 26 41 
453 686 685 41 23 
454 28 139 688 532 
455 139 29 689 688 
456 688 689 3 690 
457 532 688 690 30 
458 32 692 691 119 
459 692 15 693 691 
460 691 693 33 88 
461 119 691 88 31 
462 35 54 694 695 
463 54 37 535 694 
464 694 535 21 696 
465 695 694 696 38 
466 41 699 697 698 
467 699 26 121 697 
468 697 121 42 57 
469 698 697 57 39 
470 44 142 700 536 
471 142 45 701 700 
472 700 701 28 702 
473 536 700 702 46 
474 51 70 703 704 
475 70 53 539 703 
476 703 539 37 705 
477 704 703 705 54 
478 57 708 706 707 
479 708 42 125 706 
480 706 125 58 73 
481 707 706 73 55 
482 60 145 709 540 
483 145 61 710 709 
484 709 710 44 711 
485 540 709 711 62 
486 67 235 712 713 
487 235 69 543 712 
488 712 543 53 714 
489 713 712 714 70 
490 73 717 715 716 
491 717 58 203 715 
492 715 203 74 389 
493 716 715 389 71 
494 76 148 718 544 
495 148 77 719 718 
496 718 719 60 720 
497 544 718 720 78 
498 31 722 721 643 
499 722 88 723 721 
500 721 723 87 656 
501 643 721 656 49 
502 92 725 724 646 
503 725 49 726 724 
504 724 726 93 660 
505 646 724 660 91 
506 96 728 727 606 
507 728 65 648 727 
508 100 238 729 730 
509 238 99 547 729 
510 729 547 102 731 
511 730 729 731 69 
512 128 733 732 258 
513 733 131 734 732 
514 732 734 81 154 
515 258 732 154 105 
516 79 736 735 431 
517 736 134 260 735 
518 735 260 132 211 
519 431 735 211 133 
520 34 658 737 144 
521 658 90 738 737 
522 737 738 140 739 
523 144 737 739 61 
524 61 739 740 710 
525 739 140 741 740 
526 740 741 142 742 
527 710 740 742 44 
528 94 662 743 612 
529 662 34 744 743 
530 743 744 144 745 
531 612 743 745 143 
532 77 613 746 719 
533 613 143 747 746 
534 746 747 145 748 
535 719 746 748 60 
536 101 560 749 548 
537 560 146 750 749 
538 749 750 148 751 
539 548 749 751 76 
540 81 753 752 155 
541 753 150 608 752 
542 752 608 149 586 
543 155 752 586 106 
544 105 755 754 262 
545 755 154 756 754 
546 754 756 153 174 
547 262 754 174 135 
548 132 759 757 758 
549 759 167 264 757 
550 757 264 165 215 
551 758 757 215 166 
552 135 761 760 266 
553 761 174 762 760 
554 760 762 173 190 
555 266 760 190 168 
556 203 765 763 764 
557 765 202 426 763 
558 763 426 110 393 
559 764 763 393 74 
560 110 768 766 767 
561 768 207 429 766 
562 766 429 205 397 
563 767 766 397 206 
564 133 770 769 435 
565 770 211 771 769 
566 769 771 209 347 
567 435 769 347 210 
568 211 773 772 771 
569 773 132 758 772 
570 772 758 166 324 
571 771 772 324 209 
572 215 776 774 775 
573 776 165 281 774 
574 774 281 182 301 
575 775 774 301 213 
576 75 390 777 778 
577 390 5 237 777 
578 777 237 100 779 
579 778 777 779 233 
580 233 779 780 781 
581 779 100 730 780 
582 780 730 69 782 
583 781 780 782 235 
584 111 241 783 784 
585 241 82 556 783 
586 783 556 158 785 
587 784 783 785 236 
588 236 785 786 787 
589 785 158 551 786 
590 786 551 99 788 
591 787 786 788 238 
592 136 329 789 790 
593 329 216 308 789 
594 789 308 245 791 
595 790 789 791 246 
596 272 793 792 293 
597 793 271 794 792 
598 792 794 230 277 
599 293 792 277 198 
600 301 797 795 796 
601 797 182 315 795 
602 795 315 218 312 
603 796 795 312 299 
604 325 340 798 799 
605 340 136 790 798 
606 798 790 246 800 
607 799 798 800 334 
608 348 362 801 380 
609 362 212 802 801 
610 801 802 335 803 
611 380 801 803 356 
612 365 805 804 439 
613 805 210 806 804 
614 804 806 346 376 
615 439 804 376 363 
616 363 808 807 443 
617 808 376 809 807 
618 807 809 374 447 
619 443 807 447 375 
620 374 811 810 448 
621 811 368 383 810 
622 810 383 104 812 
623 448 810 812 377 
624 397 815 813 814 
625 815 205 483 813 
626 813 483 342 472 
627 814 813 472 395 
628 364 818 816 817 
629 818 405 441 816 
630 816 441 403 461 
631 817 816 461 404 
632 457 820 819 491 
633 820 364 817 819 
634 819 817 404 468 
635 491 819 468 455 
636 489 822 821 524 
637 822 488 823 821 
638 821 823 480 509 
639 524 821 509 456 
640 66 588 824 571 
641 588 152 825 824 
642 824 825 558 826 
643 571 824 826 159 
644 152 600 827 825 
645 600 98 828 827 
646 827 828 559 829 
647 825 827 829 558 
648 159 826 830 563 
649 826 558 831 830 
650 830 831 560 832 
651 563 830 832 101 
652 557 834 833 575 
653 834 570 835 833 
654 833 835 562 577 
655 575 833 577 157 
656 590 837 836 650 
657 837 91 838 836 
658 836 838 591 664 
659 650 836 664 589 
660 95 840 839 610 
661 840 594 841 839 
662 839 841 593 618 
663 610 839 618 151 
664 594 843 842 841 
665 843 97 652 842 
666 842 652 595 631 
667 841 842 631 593 
668 131 845 844 734 
669 845 604 846 844 
670 844 846 150 753 
671 734 844 753 81 
672 592 666 847 635 
673 666 94 848 847 
674 847 848 612 849 
675 635 847 849 611 
676 98 620 850 828 
677 620 596 851 850 
678 850 851 614 852 
679 828 850 852 559 
680 596 633 853 851 
681 633 50 854 853 
682 853 854 615 855 
683 851 853 855 614 
684 627 857 856 654 
685 857 589 858 856 
686 856 858 628 668 
687 654 856 668 626 
688 50 640 859 854 
689 640 629 860 859 
690 859 860 634 861 
691 854 859 861 615 
692 629 670 862 860 
693 670 592 863 862 
694 862 863 635 864 
695 860 862 864 634 
696 143 745 865 747 
697 745 144 866 865 
698 865 866 61 867 
699 747 865 867 145 
700 146 616 868 750 
701 616 147 869 868 
702 868 869 77 870 
703 750 868 870 148 
704 166 873 871 872 
705 873 215 775 871 
706 871 775 213 328 
707 872 871 328 214 
708 5 409 874 875 
709 409 111 784 874 
710 874 784 236 876 
711 875 874 876 237 
712 237 876 877 878 
713 876 236 787 877 
714 877 787 238 879 
715 878 877 879 100 
716 213 882 880 881 
717 882 301 796 880 
718 880 796 299 332 
719 881 880 332 300 
720 324 885 883 884 
721 885 166 872 883 
722 883 872 214 339 
723 884 883 339 322 
724 212 352 886 802 
725 352 325 799 886 
726 886 799 334 887 
727 802 886 887 335 
728 210 889 888 806 
729 889 347 890 888 
730 888 890 345 369 
731 806 888 369 346 
732 347 892 891 890 
733 892 209 893 891 
734 891 893 323 361 
735 890 891 361 345 
736 376 895 894 809 
737 895 346 896 894 
738 894 896 368 811 
739 809 894 811 374 
740 488 898 897 823 
741 898 491 899 897 
742 897 899 455 494 
743 823 897 494 480 
744 558 829 900 831 
745 829 559 901 900 
746 900 901 146 902 
747 831 900 902 560 
748 604 904 903 846 
749 904 606 905 903 
750 903 905 95 609 
751 846 903 609 150 
752 147 636 906 869 
753 636 611 907 906 
754 906 907 613 908 
755 869 906 908 77 
756 559 852 909 901 
757 852 614 910 909 
758 909 910 616 911 
759 901 909 911 146 
760 606 913 912 905 
761 913 727 914 912 
762 912 914 594 840 
763 905 912 840 95 
764 209 916 915 893 
765 916 324 884 915 
766 915 884 322 351 
767 893 915 351 323 
768 346 918 917 896 
769 918 369 919 917 
770 917 919 367 384 
771 896 917 384 368 
772 611 849 920 907 
773 849 612 921 920 
774 920 921 143 922 
775 907 920 922 613 
776 614 855 923 910 
777 855 615 924 923 
778 923 924 147 925 
779 910 923 925 616 
780 615 861 926 924 
781 861 634 927 926 
782 926 927 636 928 
783 924 926 928 147 
784 727 930 929 914 
785 930 648 931 929 
786 929 931 97 843 
787 914 929 843 594 
