2 0.000000 100.000000 407.315828
1084 916 
1 -79.021551 0.000000 -81.151989 99.446506 0.000562 10.454234 0.000110 
2 92.672542 0.000000 -81.151989 99.449171 0.003823 10.422611 0.000123 
3 92.672542 0.000000 85.501989 99.461687 -0.004893 10.408892 -0.000097 
4 -79.021551 0.000000 85.501989 99.458810 -0.000769 10.453694 -0.000133 
5 6.825495 0.000000 2.175000 101.896715 -0.007052 0.747759 -0.038350 
6 -79.021551 0.000000 2.175000 99.453262 -0.000138 10.461291 -0.000039 
7 6.825495 0.000000 -81.151989 99.435676 0.002235 10.435522 0.000365 
8 92.672542 0.000000 2.175000 99.693552 0.061108 8.143920 -0.000513 
9 6.825495 0.000000 85.501989 99.471423 -0.002646 10.432955 -0.000341 
10 -36.098028 0.000000 -39.488495 99.428055 0.001067 10.458303 0.000469 
11 -79.021551 0.000000 -39.488495 99.446854 0.000336 10.458187 0.000095 
12 -36.098028 0.000000 -81.151989 99.440020 0.001145 10.449918 0.000248 
13 6.825495 0.000000 -39.488495 99.385528 0.004400 10.377926 0.001482 
14 -36.098028 0.000000 2.175000 99.457636 -0.000308 10.488915 -0.000184 
15 49.749019 0.000000 -39.488495 99.441341 0.007817 10.330701 0.000470 
16 49.749019 0.000000 -81.151989 99.442527 0.003318 10.423610 0.000253 
17 92.672542 0.000000 -39.488495 99.456551 0.008002 10.351129 0.000125 
18 49.749019 0.000000 2.175000 99.988519 0.175239 5.308461 -0.002591 
19 -36.098028 0.000000 43.838495 99.479657 -0.001493 10.455527 -0.000552 
20 -79.021551 0.000000 43.838495 99.459101 -0.000587 10.457593 -0.000147 
21 6.825495 0.000000 43.838495 99.525872 -0.005068 10.372586 -0.001299 
22 -36.098028 0.000000 85.501989 99.465833 -0.001434 10.448699 -0.000263 
23 -14.636266 0.000000 -18.656747 99.343498 0.001888 10.474621 0.002115 
24 -36.098028 0.000000 -18.656747 99.429190 0.000602 10.475543 0.000410 
25 -14.636266 0.000000 -39.488495 99.400689 0.002190 10.438837 0.001053 
26 6.825495 0.000000 -18.656747 99.189335 0.008437 10.119543 0.005907 
27 -14.636266 0.000000 2.175000 99.486623 -0.000753 10.616706 -0.001030 
28 49.749019 0.000000 43.838495 99.488055 -0.009497 10.285796 -0.000367 
29 92.672542 0.000000 43.838495 99.478394 -0.011755 10.242523 -0.000086 
30 49.749019 0.000000 85.501989 99.466876 -0.003976 10.416839 -0.000217 
31 28.287257 0.000000 -18.656747 99.417383 0.016487 9.970750 0.001677 
32 28.287257 0.000000 -39.488495 99.415436 0.006729 10.332746 0.000981 
33 49.749019 0.000000 -18.656747 99.471033 0.016786 10.051860 0.000447 
34 28.287257 0.000000 2.175000 100.346713 -0.593184 1.832268 -0.007317 
35 -14.636266 0.000000 23.006747 99.569896 -0.002828 10.458250 -0.002354 
36 -36.098028 0.000000 23.006747 99.482080 -0.001145 10.471819 -0.000634 
37 6.825495 0.000000 23.006747 99.715687 -0.009377 10.139415 -0.004603 
38 -14.636266 0.000000 43.838495 99.507244 -0.002751 10.434005 -0.001056 
39 -3.905385 0.000000 -8.240874 98.930911 0.002873 10.529774 0.010180 
40 -14.636266 0.000000 -8.240874 99.346063 0.000919 10.557266 0.001890 
41 -3.905385 0.000000 -18.656747 99.224442 0.004125 10.378650 0.004679 
42 6.825495 0.000000 -8.240874 98.536427 0.014759 9.077214 0.020818 
43 -3.905385 0.000000 2.175000 99.734178 -0.001019 11.268700 -0.007389 
44 28.287257 0.000000 23.006747 99.577324 -0.017998 9.871137 -0.001308 
45 49.749019 0.000000 23.006747 99.542066 -0.022264 9.742841 -0.000355 
46 28.287257 0.000000 43.838495 99.507266 -0.007681 10.314296 -0.000808 
47 17.556376 0.000000 -8.240874 99.352552 0.034991 8.759895 0.005233 
48 17.556376 0.000000 -18.656747 99.322164 0.013681 9.966560 0.003578 
49 28.287257 0.000000 -8.240874 99.523952 0.037355 9.025468 0.001352 
50 17.556376 0.000000 2.175000 100.194151 -0.193051 2.874481 -0.004717 
51 -3.905385 0.000000 12.590874 99.949840 -0.005035 10.420633 -0.009856 
52 -14.636266 0.000000 12.590874 99.590958 -0.002195 10.528429 -0.002921 
53 6.825495 0.000000 12.590874 100.253283 -0.014109 9.395057 -0.013899 
54 -3.905385 0.000000 23.006747 99.673482 -0.005099 10.361302 -0.004216 
55 1.460055 0.000000 -3.032937 96.703433 0.004337 10.660336 0.053480 
56 -3.905385 0.000000 -3.032937 98.921654 0.001554 10.983437 0.009387 
57 1.460055 0.000000 -8.240874 98.454918 0.006828 10.025242 0.020612 
58 6.825495 0.000000 -3.032937 97.256718 0.014231 6.018876 0.050490 
59 1.460055 0.000000 2.175000 103.218814 -0.001256 14.400986 -0.086151 
60 17.556376 0.000000 12.590874 99.825411 -0.032189 8.804830 -0.004264 
61 28.287257 0.000000 12.590874 99.701808 -0.039760 8.577561 -0.001403 
62 17.556376 0.000000 23.006747 99.642058 -0.014119 9.957757 -0.002770 
63 12.190936 0.000000 -3.032937 99.178018 0.066055 6.013015 0.012756 
64 12.190936 0.000000 -8.240874 99.054210 0.026591 8.708840 0.011242 
65 17.556376 0.000000 -3.032937 99.624079 0.091621 6.569629 0.003187 
66 12.190936 0.000000 2.175000 100.142964 -0.144191 2.752059 -0.003621 
67 1.460055 0.000000 7.382937 101.281927 -0.006101 9.992954 -0.035789 
68 -3.905385 0.000000 7.382937 100.130158 -0.003501 10.699442 -0.014053 
69 6.825495 0.000000 7.382937 101.194740 -0.016984 7.795418 -0.030114 
70 1.460055 0.000000 12.590874 100.247808 -0.007790 10.016872 -0.014996 
71 4.142775 0.000000 -0.428968 88.982184 0.000982 4.666268 0.206040 
72 1.460055 0.000000 -0.428968 95.935831 0.001459 14.035285 0.059933 
73 4.142775 0.000000 -3.032937 95.824609 0.007288 8.043109 0.075295 
74 6.825495 0.000000 -0.428968 97.433239 -0.001145 1.015466 0.050573 
75 4.142775 0.000000 2.175000 111.163423 -0.000593 4.039066 -0.237362 
76 12.190936 0.000000 7.382937 100.254218 -0.048706 7.085322 -0.010111 
77 17.556376 0.000000 7.382937 99.962959 -0.059157 6.923854 -0.004054 
78 12.190936 0.000000 12.590874 100.007702 -0.023717 8.991322 -0.008238 
79 9.508216 0.000000 -0.428968 98.812018 0.017124 2.428030 0.023029 
80 9.508216 0.000000 -3.032937 98.565115 0.036995 5.802691 0.025125 
81 12.190936 0.000000 -0.428968 99.571852 0.224154 3.113574 0.007570 
82 9.508216 0.000000 2.175000 100.626366 -0.000000 2.159598 -0.013033 
83 71.210780 0.000000 -18.656747 99.478245 0.015799 10.118118 0.000170 
84 71.210780 0.000000 -39.488495 99.452341 0.008074 10.340639 0.000230 
85 92.672542 0.000000 -18.656747 99.477569 0.014703 10.168308 0.000082 
86 71.210780 0.000000 2.175000 99.804837 0.090748 7.076691 -0.001109 
87 39.018138 0.000000 -8.240874 99.547765 0.034810 9.235464 0.000495 
88 39.018138 0.000000 -18.656747 99.456162 0.016989 10.011264 0.000825 
89 49.749019 0.000000 -8.240874 99.546309 0.032053 9.403091 0.000211 
90 39.018138 0.000000 2.175000 100.113040 0.344537 4.099916 -0.003955 
91 22.921817 0.000000 -3.032937 99.714095 0.084606 7.021642 0.000779 
92 22.921817 0.000000 -8.240874 99.476165 0.038007 8.890048 0.002546 
93 28.287257 0.000000 -3.032937 99.723105 0.077769 7.382674 0.000079 
94 22.921817 0.000000 2.175000 100.289041 -0.301821 2.342369 -0.006347 
95 14.873656 0.000000 -0.428968 99.837149 0.245417 3.635324 0.001927 
96 14.873656 0.000000 -3.032937 99.478210 0.083347 6.293350 0.006447 
97 17.556376 0.000000 -0.428968 99.960161 0.238446 4.171972 -0.000950 
98 14.873656 0.000000 2.175000 100.120365 -0.185144 2.986377 -0.003304 
99 9.508216 0.000000 4.778968 100.842554 -0.044255 5.230501 -0.019658 
100 6.825495 0.000000 4.778968 102.102301 -0.018584 5.532543 -0.045549 
101 12.190936 0.000000 4.778968 100.318881 -0.079586 5.255283 -0.009150 
102 9.508216 0.000000 7.382937 100.635680 -0.035516 7.267330 -0.018036 
103 10.849576 0.000000 0.873016 99.627853 -0.795744 3.449773 0.006176 
104 9.508216 0.000000 0.873016 100.539780 -0.003506 0.197911 -0.010829 
105 10.849576 0.000000 -0.428968 99.295817 0.126065 2.746254 0.013278 
106 12.190936 0.000000 0.873016 99.832952 -0.991477 4.303831 0.001388 
107 10.849576 0.000000 2.175000 100.330405 -0.038656 2.466860 -0.007228 
108 8.166856 0.000000 0.873016 99.743442 0.000981 -0.608199 0.005088 
109 6.825495 0.000000 0.873016 99.583542 0.003118 -2.742209 0.007560 
110 8.166856 0.000000 -0.428968 98.522986 0.011384 2.022282 0.028913 
111 8.166856 0.000000 2.175000 100.915974 -0.014756 1.807749 -0.018730 
112 28.287257 0.000000 -60.320242 99.430051 0.004028 10.404601 0.000541 
113 6.825495 0.000000 -60.320242 99.422705 0.002966 10.421176 0.000652 
114 28.287257 0.000000 -81.151989 99.438249 0.002837 10.427950 0.000329 
115 49.749019 0.000000 -60.320242 99.440076 0.004760 10.398418 0.000354 
116 17.556376 0.000000 -29.072621 99.367174 0.008143 10.251218 0.002108 
117 6.825495 0.000000 -29.072621 99.332740 0.005640 10.313826 0.002663 
118 17.556376 0.000000 -39.488495 99.397700 0.005683 10.348444 0.001301 
119 28.287257 0.000000 -29.072621 99.407967 0.009769 10.230412 0.001339 
120 12.190936 0.000000 -13.448810 99.159712 0.016283 9.639742 0.007443 
121 6.825495 0.000000 -13.448810 98.999980 0.010563 9.840236 0.010217 
122 12.190936 0.000000 -18.656747 99.250167 0.011142 10.014678 0.004911 
123 17.556376 0.000000 -13.448810 99.307821 0.020430 9.596450 0.004586 
124 9.508216 0.000000 -5.636905 98.637847 0.026310 7.766885 0.021025 
125 6.825495 0.000000 -5.636905 98.059063 0.015561 8.135369 0.031824 
126 9.508216 0.000000 -8.240874 98.806435 0.020044 8.805925 0.015974 
127 12.190936 0.000000 -5.636905 99.054184 0.035764 7.723423 0.012862 
128 10.849576 0.000000 -1.730953 99.056534 0.068294 4.553179 0.016707 
129 9.508216 0.000000 -1.730953 98.613225 0.038099 4.306015 0.025689 
130 10.849576 0.000000 -3.032937 98.930874 0.045311 5.894780 0.017793 
131 12.190936 0.000000 -1.730953 99.338786 0.105333 4.745726 0.010927 
132 10.178896 0.000000 0.222024 99.194663 -0.000352 1.219562 0.015893 
133 9.508216 0.000000 0.222024 98.854511 -0.022208 1.166097 0.022643 
134 10.178896 0.000000 -0.428968 99.056745 0.051183 2.576724 0.018112 
135 10.849576 0.000000 0.222024 99.544601 0.252180 1.633377 0.008814 
136 10.178896 0.000000 0.873016 100.101283 -0.020222 0.235803 -0.002032 
137 71.210780 0.000000 23.006747 99.550064 -0.025995 9.568065 -0.000176 
138 92.672542 0.000000 23.006747 99.573668 -0.030473 9.315414 -0.000169 
139 71.210780 0.000000 43.838495 99.480197 -0.010731 10.265303 -0.000169 
140 39.018138 0.000000 12.590874 99.698831 -0.045447 8.286055 -0.000852 
141 49.749019 0.000000 12.590874 99.725789 -0.052019 7.919977 -0.000796 
142 39.018138 0.000000 23.006747 99.549996 -0.020363 9.809514 -0.000643 
143 22.921817 0.000000 7.382937 99.907329 -0.071221 6.720434 -0.002664 
144 28.287257 0.000000 7.382937 99.900969 -0.079059 6.439516 -0.002168 
145 22.921817 0.000000 12.590874 99.735568 -0.036789 8.697236 -0.002283 
146 14.873656 0.000000 4.778968 100.117094 -0.098981 5.282935 -0.005135 
147 17.556376 0.000000 4.778968 100.058000 -0.111531 5.232467 -0.003899 
148 14.873656 0.000000 7.382937 100.056333 -0.056240 7.004433 -0.006033 
149 13.532296 0.000000 0.873016 99.887216 -0.558915 4.962360 -0.000239 
150 13.532296 0.000000 -0.428968 99.723740 0.243803 3.381701 0.004368 
151 14.873656 0.000000 0.873016 100.077055 -0.076510 5.056484 -0.004099 
152 13.532296 0.000000 2.175000 100.098318 -0.170823 2.907403 -0.002816 
153 11.520256 0.000000 0.222024 99.650685 0.432377 1.951537 0.006575 
154 11.520256 0.000000 -0.428968 99.461356 0.193726 2.959567 0.009864 
155 12.190936 0.000000 0.222024 99.726053 0.460280 2.146289 0.004990 
156 11.520256 0.000000 0.873016 99.823985 -1.084819 3.833716 0.001930 
157 10.849576 0.000000 3.476984 100.480627 -0.004281 3.979338 -0.011219 
158 9.508216 0.000000 3.476984 100.852009 -0.067991 3.792513 -0.018552 
159 12.190936 0.000000 3.476984 100.270053 0.017533 4.096703 -0.007087 
160 10.849576 0.000000 4.778968 100.515721 -0.062395 5.238681 -0.013086 
161 10.178896 0.000000 1.524008 100.275415 0.000000 1.403976 -0.005713 
162 9.508216 0.000000 1.524008 100.574176 0.000000 1.350945 -0.011699 
163 10.849576 0.000000 1.524008 100.146111 -0.101919 1.688027 -0.003210 
164 10.178896 0.000000 2.175000 100.416047 0.000000 2.310367 -0.008872 
165 10.514236 0.000000 0.547520 99.730890 -0.035177 0.329265 0.005364 
166 10.178896 0.000000 0.547520 99.298646 -0.108891 0.033312 0.013977 
167 10.514236 0.000000 0.222024 99.412200 0.088749 1.428169 0.011517 
168 10.849576 0.000000 0.547520 99.823796 0.575778 1.096771 0.003368 
169 10.514236 0.000000 0.873016 99.570918 -0.063562 0.286483 0.008555 
170 11.520256 0.000000 1.524008 100.064602 -0.233714 1.936228 -0.001673 
171 12.190936 0.000000 1.524008 100.032737 -0.337184 2.109888 -0.001111 
172 11.520256 0.000000 2.175000 100.210687 -0.111714 2.620247 -0.004906 
173 11.184916 0.000000 0.547520 99.736989 0.826904 1.298775 0.005016 
174 11.184916 0.000000 0.222024 99.604302 0.376627 1.815884 0.007554 
175 11.520256 0.000000 0.547520 99.755426 0.859025 1.417338 0.004611 
176 11.184916 0.000000 0.873016 99.815831 -1.084007 3.584759 0.002277 
177 10.514236 0.000000 1.198512 99.966152 -0.000000 1.140133 0.000547 
178 10.178896 0.000000 1.198512 100.239245 -0.000000 0.908087 -0.004873 
179 10.849576 0.000000 1.198512 99.948455 -0.297162 1.457813 0.000809 
180 10.514236 0.000000 1.524008 100.099974 -0.000000 1.488500 -0.002222 
181 10.681906 0.000000 0.710268 99.767614 -0.469197 0.000000 0.004620 
182 10.514236 0.000000 0.710268 99.788720 -0.282120 0.000000 0.004213 
183 10.681906 0.000000 0.547520 99.913471 0.215394 0.749071 0.001669 
184 10.849576 0.000000 0.710268 99.946270 0.922449 2.415682 0.000406 
185 10.681906 0.000000 0.873016 98.392834 -0.152657 1.135272 0.031754 
186 11.184916 0.000000 1.198512 99.971397 -0.519009 1.660784 0.000269 
187 11.520256 0.000000 1.198512 99.967618 -0.582768 1.789902 0.000293 
188 11.184916 0.000000 1.524008 100.094628 -0.191489 1.829873 -0.002232 
189 11.017246 0.000000 0.710268 99.780334 1.136632 2.346520 0.003709 
190 11.017246 0.000000 0.547520 99.748416 0.761141 1.215634 0.004820 
191 11.184916 0.000000 0.710268 99.768419 1.195405 2.350877 0.003931 
192 11.017246 0.000000 0.873016 99.793033 -1.038590 3.466868 0.002825 
193 10.681906 0.000000 1.035764 99.582187 0.000000 1.343177 0.008158 
194 10.514236 0.000000 1.035764 99.778763 -0.000000 0.886813 0.004341 
195 10.849576 0.000000 1.035764 99.772291 -0.569061 1.693716 0.004230 
196 10.681906 0.000000 1.198512 99.870177 0.000000 1.318791 0.002421 
197 10.765741 0.000000 0.791642 99.018668 -0.307391 0.750886 0.019465 
198 10.681906 0.000000 0.791642 98.546633 -0.283239 0.719929 0.028796 
199 10.765741 0.000000 0.710268 100.439881 0.497666 2.313393 -0.009377 
200 10.849576 0.000000 0.791642 99.786425 0.205792 4.201306 0.002498 
201 10.765741 0.000000 0.873016 97.428220 0.000000 2.303052 0.050244 
202 8.166856 0.000000 -1.730953 98.041452 0.017801 4.085800 0.037118 
203 6.825495 0.000000 -1.730953 97.054901 0.012361 4.136667 0.056323 
204 8.166856 0.000000 -3.032937 98.003143 0.021712 5.799640 0.036175 
205 8.837536 0.000000 0.222024 98.906732 -0.007628 1.080214 0.021629 
206 8.166856 0.000000 0.222024 99.008138 -0.001151 0.614610 0.019701 
207 8.837536 0.000000 -0.428968 98.664124 0.009028 2.285671 0.026017 
208 8.837536 0.000000 0.873016 100.098586 -0.000000 0.607381 -0.002010 
209 9.843556 0.000000 0.547520 99.024431 -0.087301 0.031652 0.019415 
210 9.508216 0.000000 0.547520 98.819092 -0.058046 0.019293 0.023478 
211 9.843556 0.000000 0.222024 99.002649 -0.024573 1.218077 0.019699 
212 9.843556 0.000000 0.873016 100.281868 -0.009336 0.024603 -0.005645 
213 10.346566 0.000000 0.710268 99.784825 -0.133387 0.000000 0.004297 
214 10.178896 0.000000 0.710268 99.776341 -0.080644 0.000000 0.004468 
215 10.346566 0.000000 0.547520 99.484483 -0.101695 0.156468 0.010280 
216 10.346566 0.000000 0.873016 99.970275 -0.027737 0.227776 0.000589 
217 10.598071 0.000000 0.791642 99.395533 -0.287956 0.107803 0.012043 
218 10.514236 0.000000 0.791642 99.688125 -0.164660 0.094421 0.006224 
219 10.598071 0.000000 0.710268 99.771770 -0.487982 0.000000 0.004536 
220 10.598071 0.000000 0.873016 99.058116 -0.144047 0.458021 0.018726 
221 11.017246 0.000000 1.035764 99.876092 -0.684258 1.797226 0.002107 
222 11.184916 0.000000 1.035764 99.906149 -0.741732 1.863112 0.001474 
223 11.017246 0.000000 1.198512 99.964419 -0.440964 1.568045 0.000446 
224 10.765741 0.000000 0.954390 99.174348 0.000000 1.655622 0.016171 
225 10.681906 0.000000 0.954390 99.232267 0.000000 1.488667 0.015074 
226 10.849576 0.000000 0.954390 99.664397 -1.058754 2.227435 0.006093 
227 10.765741 0.000000 1.035764 99.643168 0.000000 1.355457 0.006940 
228 10.723823 0.000000 0.832329 98.318397 -0.206610 1.196631 0.033202 
229 10.681906 0.000000 0.832329 98.338332 -0.218732 0.958682 0.032861 
230 10.723823 0.000000 0.791642 98.921902 -0.327045 0.664185 0.021391 
231 10.765741 0.000000 0.832329 98.347258 -0.191957 1.247542 0.032622 
232 10.723823 0.000000 0.873016 98.315282 -0.118811 1.406559 0.033211 
233 4.142775 0.000000 4.778968 103.677896 -0.006485 7.783139 -0.080968 
234 1.460055 0.000000 4.778968 102.511016 -0.004291 10.651472 -0.062196 
235 4.142775 0.000000 7.382937 101.637509 -0.009761 8.843747 -0.040840 
236 8.166856 0.000000 3.476984 101.355801 -0.021229 3.638156 -0.028624 
237 6.825495 0.000000 3.476984 102.347479 -0.013761 3.621592 -0.048812 
238 8.166856 0.000000 4.778968 101.401376 -0.024610 5.207769 -0.030936 
239 8.837536 0.000000 1.524008 100.580882 -0.010819 1.214949 -0.011799 
240 8.166856 0.000000 1.524008 100.449342 -0.006331 0.818563 -0.009074 
241 8.837536 0.000000 2.175000 100.801033 -0.029603 2.046459 -0.016504 
242 9.843556 0.000000 1.198512 100.478865 -0.000000 0.811183 -0.009666 
243 9.508216 0.000000 1.198512 100.619083 0.000000 0.839489 -0.012490 
244 9.843556 0.000000 1.524008 100.477915 0.000000 1.355266 -0.009765 
245 10.346566 0.000000 1.035764 100.037819 -0.000000 0.627345 -0.000796 
246 10.178896 0.000000 1.035764 100.174830 0.000000 0.577331 -0.003533 
247 10.346566 0.000000 1.198512 100.117941 -0.000000 0.946952 -0.002450 
248 10.598071 0.000000 0.954390 99.358312 -0.000000 1.067303 0.012679 
249 10.514236 0.000000 0.954390 99.625430 -0.000000 0.739356 0.007423 
250 10.598071 0.000000 1.035764 99.657098 -0.000000 1.115063 0.006722 
251 10.639988 0.000000 0.832329 98.725207 -0.240532 0.536088 0.025299 
252 10.598071 0.000000 0.832329 99.166088 -0.249469 0.213803 0.016598 
253 10.639988 0.000000 0.791642 99.000056 -0.310196 0.322736 0.019879 
254 10.639988 0.000000 0.873016 98.761606 -0.180347 0.729316 0.024558 
255 10.178896 0.000000 -1.079961 98.950392 0.055718 3.565477 0.019610 
256 9.508216 0.000000 -1.079961 98.735292 0.032321 3.484172 0.023920 
257 10.178896 0.000000 -1.730953 98.860628 0.051521 4.450852 0.020676 
258 10.849576 0.000000 -1.079961 99.160243 0.090396 3.733939 0.015330 
259 10.514236 0.000000 -0.103472 99.272107 0.090023 2.086697 0.014069 
260 10.178896 0.000000 -0.103472 99.110138 0.037002 1.934591 0.017344 
261 10.514236 0.000000 -0.428968 99.185946 0.085662 2.663182 0.015505 
262 10.849576 0.000000 -0.103472 99.395424 0.163410 2.215599 0.011561 
263 10.681906 0.000000 0.384772 99.629902 0.198952 1.171661 0.007247 
264 10.514236 0.000000 0.384772 99.529314 0.063782 0.982341 0.009295 
265 10.681906 0.000000 0.222024 99.492426 0.167543 1.529150 0.009889 
266 10.849576 0.000000 0.384772 99.657424 0.356271 1.338578 0.006648 
267 10.765741 0.000000 0.628894 100.105741 0.493528 1.051190 -0.002251 
268 10.681906 0.000000 0.628894 100.251816 0.131845 0.630219 -0.005084 
269 10.765741 0.000000 0.547520 99.885679 0.408822 0.960461 0.002176 
270 10.849576 0.000000 0.628894 99.914977 0.774928 1.219441 0.001491 
271 10.723823 0.000000 0.750955 99.767556 -0.461425 0.000000 0.004622 
272 10.681906 0.000000 0.750955 99.568487 -0.455603 0.111276 0.008590 
273 10.723823 0.000000 0.710268 99.767072 -0.389986 0.000000 0.004638 
274 10.765741 0.000000 0.750955 99.767096 -0.389618 0.000000 0.004637 
275 10.702865 0.000000 0.811985 98.663586 -0.253143 1.030942 0.026437 
276 10.681906 0.000000 0.811985 98.503516 -0.270609 0.765835 0.029640 
277 10.702865 0.000000 0.791642 98.747966 -0.259917 1.022485 0.024773 
278 10.723823 0.000000 0.811985 98.701618 -0.281240 0.817045 0.025724 
279 10.702865 0.000000 0.832329 98.244393 -0.198360 1.198870 0.034656 
280 10.598071 0.000000 0.628894 100.129382 -0.090073 0.157764 -0.002593 
281 10.514236 0.000000 0.628894 99.882607 -0.163313 -0.122827 0.002342 
282 10.598071 0.000000 0.547520 99.853184 0.057757 0.515492 0.002907 
283 10.639988 0.000000 0.750955 99.769249 -0.485298 0.000000 0.004586 
284 10.598071 0.000000 0.750955 99.773569 -0.479046 0.000000 0.004501 
285 10.639988 0.000000 0.710268 99.768391 -0.541701 0.000000 0.004597 
286 10.660947 0.000000 0.811985 98.753171 -0.294784 0.536375 0.024744 
287 10.639988 0.000000 0.811985 98.926119 -0.299620 0.404175 0.021337 
288 10.660947 0.000000 0.791642 98.813605 -0.317141 0.494052 0.023553 
289 10.660947 0.000000 0.832329 98.562161 -0.231877 0.696548 0.028496 
290 10.660947 0.000000 0.771298 99.141374 -0.354530 0.397795 0.017070 
291 10.639988 0.000000 0.771298 99.237390 -0.372932 0.271923 0.015173 
292 10.660947 0.000000 0.750955 99.632906 -0.455323 0.060443 0.007307 
293 10.681906 0.000000 0.771298 99.088630 -0.357544 0.466517 0.018110 
294 10.671426 0.000000 0.801814 98.571912 -0.300430 0.673327 0.028303 
295 10.660947 0.000000 0.801814 98.571409 -0.301655 0.640491 0.028318 
296 10.671426 0.000000 0.791642 98.774532 -0.316716 0.582812 0.024315 
297 10.681906 0.000000 0.801814 98.432835 -0.267563 0.782895 0.031029 
298 10.671426 0.000000 0.811985 98.710163 -0.297311 0.636041 0.025581 
299 10.430401 0.000000 0.791642 99.806862 -0.099732 0.074022 0.003857 
300 10.346566 0.000000 0.791642 99.883487 -0.072921 0.084962 0.002328 
301 10.430401 0.000000 0.710268 99.784128 -0.181775 0.000000 0.004309 
302 10.430401 0.000000 0.873016 99.818791 -0.043515 0.211619 0.003616 
303 10.556153 0.000000 0.832329 99.436428 -0.200718 0.118335 0.011234 
304 10.514236 0.000000 0.832329 99.598429 -0.138535 0.104189 0.008012 
305 10.556153 0.000000 0.791642 99.558975 -0.214087 0.078766 0.008796 
306 10.556153 0.000000 0.873016 99.392360 -0.106253 0.308273 0.012105 
307 10.430401 0.000000 0.954390 99.852939 -0.000000 0.559554 0.002908 
308 10.346566 0.000000 0.954390 100.009761 -0.000000 0.472554 -0.000218 
309 10.430401 0.000000 1.035764 99.910625 -0.000000 0.686782 0.001740 
310 10.472318 0.000000 0.832329 99.744913 -0.118983 0.088134 0.005093 
311 10.430401 0.000000 0.832329 99.795598 -0.101125 0.078958 0.004082 
312 10.472318 0.000000 0.791642 99.748215 -0.125074 0.066149 0.005027 
313 10.472318 0.000000 0.873016 99.732226 -0.059528 0.206052 0.005344 
314 10.556153 0.000000 0.750955 99.779268 -0.397671 0.000000 0.004394 
315 10.514236 0.000000 0.750955 99.785256 -0.288672 0.000000 0.004282 
316 10.556153 0.000000 0.710268 99.783993 -0.357317 0.000000 0.004303 
317 10.535195 0.000000 0.811985 99.613387 -0.169200 0.091093 0.007714 
318 10.514236 0.000000 0.811985 99.682029 -0.161748 0.096049 0.006346 
319 10.535195 0.000000 0.791642 99.625338 -0.189410 0.083349 0.007475 
320 10.556153 0.000000 0.811985 99.534246 -0.197650 0.087156 0.009289 
321 10.535195 0.000000 0.832329 99.566811 -0.163111 0.103293 0.008641 
322 10.011226 0.000000 0.710268 99.769913 -0.060767 0.000000 0.004596 
323 9.843556 0.000000 0.710268 99.762989 -0.038656 0.000000 0.004734 
324 10.011226 0.000000 0.547520 99.154833 -0.100502 0.027177 0.016831 
325 10.011226 0.000000 0.873016 100.209441 -0.009574 0.263454 -0.004200 
326 10.262731 0.000000 0.791642 99.940232 -0.054554 0.101253 0.001194 
327 10.178896 0.000000 0.791642 99.971053 -0.047227 0.109851 0.000577 
328 10.262731 0.000000 0.710268 99.775306 -0.093925 0.000000 0.004488 
329 10.262731 0.000000 0.873016 100.043632 -0.024991 0.212423 -0.000877 
330 10.388483 0.000000 0.832329 99.860442 -0.077714 0.090884 0.002788 
331 10.346566 0.000000 0.832329 99.908625 -0.066587 0.099772 0.001825 
332 10.388483 0.000000 0.791642 99.853866 -0.086323 0.078724 0.002919 
333 10.388483 0.000000 0.873016 99.898959 -0.030697 0.234721 0.002014 
334 10.011226 0.000000 1.035764 100.311387 0.000000 0.616748 -0.006275 
335 9.843556 0.000000 1.035764 100.436786 -0.000000 0.468106 -0.008777 
336 10.011226 0.000000 1.198512 100.353838 0.000000 0.929423 -0.007176 
337 10.095061 0.000000 0.791642 99.999228 -0.040688 0.134155 0.000013 
338 10.011226 0.000000 0.791642 99.944083 -0.040011 0.096867 0.001117 
339 10.095061 0.000000 0.710268 99.777087 -0.070337 0.000000 0.004453 
340 10.095061 0.000000 0.873016 100.182318 -0.010875 0.275719 -0.003657 
341 9.172876 0.000000 0.547520 98.723823 -0.031442 0.107461 0.025359 
342 8.837536 0.000000 0.547520 99.096773 -0.014175 0.172518 0.017980 
343 9.172876 0.000000 0.222024 98.808897 -0.014194 1.167209 0.023544 
344 9.172876 0.000000 0.873016 100.562538 -0.001157 0.141113 -0.011284 
345 9.675886 0.000000 0.710268 99.755623 -0.027283 0.000000 0.004881 
346 9.508216 0.000000 0.710268 99.749805 -0.019775 0.000000 0.004998 
347 9.675886 0.000000 0.547520 98.904784 -0.072726 -0.002335 0.021784 
348 9.675886 0.000000 0.873016 100.509632 -0.005077 0.104323 -0.010220 
349 9.927391 0.000000 0.791642 99.954910 -0.032925 0.031644 0.000901 
350 9.843556 0.000000 0.791642 100.000491 -0.026207 -0.032788 -0.000010 
351 9.927391 0.000000 0.710268 99.762825 -0.049488 0.000000 0.004738 
352 9.927391 0.000000 0.873016 100.219314 -0.010950 0.136499 -0.004393 
353 9.172876 0.000000 1.198512 100.633677 0.000000 0.915635 -0.012798 
354 8.837536 0.000000 1.198512 100.446128 -0.000000 0.881964 -0.009020 
355 9.172876 0.000000 1.524008 100.544092 0.000000 1.284344 -0.011076 
356 9.675886 0.000000 1.035764 100.538421 0.000000 0.533298 -0.010826 
357 9.508216 0.000000 1.035764 100.606402 0.000000 0.521650 -0.012192 
358 9.675886 0.000000 1.198512 100.558818 0.000000 0.847354 -0.011279 
359 9.759721 0.000000 0.791642 100.084079 -0.018860 -0.040867 -0.001682 
360 9.675886 0.000000 0.791642 100.149993 -0.016371 -0.012871 -0.003002 
361 9.759721 0.000000 0.710268 99.763199 -0.031667 0.000000 0.004730 
362 9.759721 0.000000 0.873016 100.421221 -0.005857 0.039552 -0.008442 
363 9.340546 0.000000 0.710268 99.743668 -0.008049 0.000000 0.005120 
364 9.172876 0.000000 0.710268 99.740784 -0.004106 0.000000 0.005178 
365 9.340546 0.000000 0.547520 98.754554 -0.044003 0.067282 0.024753 
366 9.340546 0.000000 0.873016 100.458971 -0.002243 0.126472 -0.009202 
367 9.592051 0.000000 0.791642 100.184744 -0.014292 0.050681 -0.003699 
368 9.508216 0.000000 0.791642 100.169278 -0.011849 0.075751 -0.003389 
369 9.592051 0.000000 0.710268 99.748208 -0.024053 0.000000 0.005029 
370 9.592051 0.000000 0.873016 100.555638 -0.004360 0.172790 -0.011147 
371 9.340546 0.000000 1.035764 100.668663 0.000000 0.570467 -0.013451 
372 9.172876 0.000000 1.035764 100.696238 0.000000 0.581321 -0.014007 
373 9.340546 0.000000 1.198512 100.654760 0.000000 0.897789 -0.013219 
374 9.424381 0.000000 0.791642 100.109112 -0.008561 0.046822 -0.002184 
375 9.340546 0.000000 0.791642 100.181069 -0.004265 0.009827 -0.003625 
376 9.424381 0.000000 0.710268 99.751438 -0.014554 0.000000 0.004965 
377 9.424381 0.000000 0.873016 100.414050 -0.003398 0.151645 -0.008300 
378 9.592051 0.000000 0.954390 100.625128 0.000000 0.385155 -0.012556 
379 9.508216 0.000000 0.954390 100.642731 0.000000 0.380741 -0.012910 
380 9.675886 0.000000 0.954390 100.593923 0.000000 0.353257 -0.011926 
381 9.592051 0.000000 1.035764 100.576586 0.000000 0.529176 -0.011593 
382 9.550133 0.000000 0.832329 100.386710 -0.008456 0.100480 -0.007750 
383 9.508216 0.000000 0.832329 100.208382 -0.010251 0.085234 -0.004173 
384 9.550133 0.000000 0.791642 100.181586 -0.013276 0.055215 -0.003635 
385 9.592051 0.000000 0.832329 100.237352 -0.012814 0.064582 -0.004753 
386 9.550133 0.000000 0.873016 100.482109 -0.005712 0.151381 -0.009668 
387 5.484135 0.000000 0.873016 99.571841 0.007778 -11.147639 -0.003882 
388 4.142775 0.000000 0.873016 99.975060 0.000025 -2.797214 -0.000284 
389 5.484135 0.000000 -0.428968 93.921892 0.003338 0.387118 0.117853 
390 5.484135 0.000000 2.175000 105.462946 -0.001898 -0.191052 -0.112247 
391 7.496176 0.000000 0.222024 98.809202 -0.002363 -0.018384 0.023674 
392 6.825495 0.000000 0.222024 98.270260 -0.003258 -1.050727 0.034185 
393 7.496176 0.000000 -0.428968 98.158746 0.003408 1.592624 0.036232 
394 7.496176 0.000000 0.873016 99.668492 0.002206 -1.488762 0.006398 
395 8.502196 0.000000 0.547520 99.326957 -0.009888 -0.221762 0.013411 
396 8.166856 0.000000 0.547520 99.345861 -0.009156 -0.573173 0.013007 
397 8.502196 0.000000 0.222024 98.998862 -0.003888 0.878545 0.019845 
398 8.502196 0.000000 0.873016 99.798193 0.001298 -0.190249 0.004028 
399 9.005206 0.000000 0.710268 99.729676 0.000737 0.000000 0.005399 
400 8.837536 0.000000 0.710268 99.376038 0.000535 -0.133383 0.012439 
401 9.005206 0.000000 0.547520 98.838059 -0.020943 0.224868 0.023099 
402 9.005206 0.000000 0.873016 100.461679 0.000103 0.465835 -0.009277 
403 9.256711 0.000000 0.791642 100.209495 -0.003121 0.054098 -0.004195 
404 9.172876 0.000000 0.791642 100.182545 -0.002566 -0.007217 -0.003654 
405 9.256711 0.000000 0.710268 99.742814 -0.005240 0.000000 0.005137 
406 9.256711 0.000000 0.873016 100.424129 -0.001909 0.135985 -0.008502 
407 7.496176 0.000000 1.524008 100.556687 -0.004334 0.178600 -0.011168 
408 6.825495 0.000000 1.524008 100.984299 -0.002040 -0.911079 -0.019866 
409 7.496176 0.000000 2.175000 101.224252 -0.006411 1.386446 -0.024827 
410 8.502196 0.000000 1.198512 100.213694 -0.001429 0.563328 -0.004310 
411 8.166856 0.000000 1.198512 100.128482 -0.001917 0.234977 -0.002577 
412 8.502196 0.000000 1.524008 100.486726 -0.007918 1.057321 -0.009870 
413 9.005206 0.000000 1.035764 100.569507 0.000000 0.767088 -0.011481 
414 8.837536 0.000000 1.035764 100.356123 -0.000000 0.759396 -0.007193 
415 9.005206 0.000000 1.198512 100.539414 -0.000000 0.969219 -0.010911 
416 9.256711 0.000000 0.954390 100.741527 0.000000 0.417293 -0.014903 
417 9.172876 0.000000 0.954390 100.770147 0.000000 0.427696 -0.015481 
418 9.340546 0.000000 0.954390 100.708637 0.000000 0.402276 -0.014239 
419 9.256711 0.000000 1.035764 100.684830 0.000000 0.563286 -0.013775 
420 9.298628 0.000000 0.832329 100.338620 -0.003002 0.061136 -0.006784 
421 9.256711 0.000000 0.832329 100.231301 -0.002951 0.050505 -0.004632 
422 9.298628 0.000000 0.791642 100.134995 -0.003946 0.006827 -0.002702 
423 9.340546 0.000000 0.832329 100.220377 -0.003825 0.028724 -0.004412 
424 9.298628 0.000000 0.873016 100.528185 -0.001436 0.136530 -0.010593 
425 8.837536 0.000000 -1.079961 98.488505 0.016529 3.285812 0.028922 
426 8.166856 0.000000 -1.079961 98.229215 0.012828 3.151326 0.034109 
427 8.837536 0.000000 -1.730953 98.370496 0.024003 4.212821 0.030550 
428 9.172876 0.000000 -0.103472 98.785087 -0.000846 1.811099 0.023823 
429 8.837536 0.000000 -0.103472 98.780399 0.001013 1.717300 0.023948 
430 9.172876 0.000000 -0.428968 98.734776 0.010885 2.402527 0.024567 
431 9.508216 0.000000 -0.103472 98.846491 0.001414 1.845407 0.022597 
432 9.340546 0.000000 0.384772 98.795304 -0.030873 0.737676 0.023894 
433 9.172876 0.000000 0.384772 98.793554 -0.024992 0.741066 0.023928 
434 9.340546 0.000000 0.222024 98.818312 -0.018652 1.190009 0.023352 
435 9.508216 0.000000 0.384772 98.841024 -0.039263 0.695000 0.022997 
436 9.256711 0.000000 0.628894 98.690040 -0.050434 -0.389022 0.026012 
437 9.172876 0.000000 0.628894 98.655762 -0.041287 -0.340642 0.026692 
438 9.256711 0.000000 0.547520 98.729664 -0.040019 0.061030 0.025245 
439 9.340546 0.000000 0.628894 98.732460 -0.055636 -0.378012 0.025176 
440 9.298628 0.000000 0.750955 99.878537 -0.006074 0.009092 0.002428 
441 9.256711 0.000000 0.750955 99.742603 -0.005341 0.000000 0.005141 
442 9.298628 0.000000 0.710268 99.741091 -0.006578 0.000000 0.005171 
443 9.340546 0.000000 0.750955 99.743678 -0.008055 0.000000 0.005120 
444 9.424381 0.000000 0.954390 100.658244 0.000000 0.389013 -0.013223 
445 9.424381 0.000000 1.035764 100.637628 0.000000 0.543841 -0.012823 
446 9.382463 0.000000 0.832329 100.264370 -0.004879 0.058489 -0.005295 
447 9.382463 0.000000 0.791642 100.077436 -0.006962 0.035008 -0.001549 
448 9.424381 0.000000 0.832329 100.189241 -0.007506 0.065416 -0.003789 
449 9.382463 0.000000 0.873016 100.471354 -0.002917 0.132079 -0.009451 
450 9.319587 0.000000 0.811985 100.203331 -0.003836 0.006656 -0.004071 
451 9.298628 0.000000 0.811985 100.171292 -0.003759 0.011201 -0.003429 
452 9.319587 0.000000 0.791642 100.201356 -0.003852 0.005005 -0.004031 
453 9.340546 0.000000 0.811985 100.177946 -0.004328 0.012935 -0.003562 
454 9.319587 0.000000 0.832329 100.193444 -0.003978 0.040620 -0.003873 
455 9.089041 0.000000 0.791642 100.176535 -0.001041 0.048714 -0.003534 
456 9.005206 0.000000 0.791642 99.996854 0.000056 0.145648 0.000061 
457 9.089041 0.000000 0.710268 99.732098 -0.001770 0.000000 0.005351 
458 9.089041 0.000000 0.873016 100.585974 -0.000652 0.212748 -0.011758 
459 9.214793 0.000000 0.832329 100.341996 -0.002186 0.026410 -0.006852 
460 9.172876 0.000000 0.832329 100.220901 -0.002413 0.011627 -0.004423 
461 9.214793 0.000000 0.791642 100.197668 -0.002629 0.038430 -0.003957 
462 9.214793 0.000000 0.873016 100.523911 -0.001358 0.114184 -0.010507 
463 9.089041 0.000000 0.954390 100.744909 0.000000 0.596501 -0.014989 
464 9.005206 0.000000 0.954390 100.633699 0.000000 0.738829 -0.012769 
465 9.089041 0.000000 1.035764 100.658039 0.000000 0.703459 -0.013254 
466 9.130958 0.000000 0.832329 100.237696 -0.001880 0.027111 -0.004760 
467 9.089041 0.000000 0.832329 100.221815 -0.001035 0.072587 -0.004442 
468 9.130958 0.000000 0.791642 100.188666 -0.001952 0.012379 -0.003777 
469 9.130958 0.000000 0.873016 100.590956 -0.000955 0.143498 -0.011856 
470 8.669866 0.000000 0.710268 99.522419 0.001573 -0.473090 0.009506 
471 8.502196 0.000000 0.710268 99.546754 0.002328 -0.811721 0.008978 
472 8.669866 0.000000 0.547520 99.263836 -0.011426 0.033180 0.014669 
473 8.669866 0.000000 0.873016 99.853645 0.002329 0.143800 0.002923 
474 8.921371 0.000000 0.791642 100.184000 0.000245 0.675552 -0.003729 
475 8.837536 0.000000 0.791642 100.009992 -0.000000 0.615308 -0.000238 
476 8.921371 0.000000 0.710268 99.099980 -0.001239 0.125250 0.017918 
477 8.921371 0.000000 0.873016 100.340949 0.000000 0.828266 -0.006899 
478 9.047123 0.000000 0.832329 100.179651 -0.000341 0.140488 -0.003598 
479 9.005206 0.000000 0.832329 100.195536 0.000026 0.247193 -0.003921 
480 9.047123 0.000000 0.791642 100.218096 -0.000412 0.095785 -0.004368 
481 9.047123 0.000000 0.873016 100.474369 -0.000076 0.303262 -0.009519 
482 9.005206 0.000000 0.384772 98.863400 -0.015844 0.755442 0.022546 
483 8.837536 0.000000 0.384772 98.984251 -0.011078 0.701991 0.020163 
484 9.005206 0.000000 0.222024 98.845635 -0.010583 1.142441 0.022824 
485 9.089041 0.000000 0.628894 98.662292 -0.033981 -0.228084 0.026570 
486 9.005206 0.000000 0.628894 98.777119 -0.027653 -0.102120 0.024307 
487 9.089041 0.000000 0.547520 98.753400 -0.025815 0.169014 0.024774 
488 9.047123 0.000000 0.750955 99.816964 -0.000464 0.030574 0.003657 
489 9.005206 0.000000 0.750955 99.906549 0.000239 0.095064 0.001867 
490 9.047123 0.000000 0.710268 99.731137 -0.000462 0.000000 0.005370 
491 9.089041 0.000000 0.750955 99.831317 -0.001708 0.011200 0.003371 
492 9.068082 0.000000 0.811985 100.217446 -0.000714 0.082704 -0.004354 
493 9.047123 0.000000 0.811985 100.207065 -0.000398 0.106778 -0.004147 
494 9.068082 0.000000 0.791642 100.187355 -0.000751 0.058110 -0.003751 
495 9.089041 0.000000 0.811985 100.208604 -0.001083 0.054411 -0.004177 
496 9.068082 0.000000 0.832329 100.198568 -0.000450 0.112377 -0.003977 
497 8.669866 0.000000 1.035764 100.124269 0.002757 0.514596 -0.002513 
498 8.502196 0.000000 1.035764 100.026603 0.000414 0.246533 -0.000538 
499 8.669866 0.000000 1.198512 100.302018 -0.000148 0.762985 -0.006108 
500 8.921371 0.000000 0.954390 100.392412 -0.000000 0.752008 -0.007920 
501 8.837536 0.000000 0.954390 100.252810 -0.000000 0.693121 -0.005111 
502 8.921371 0.000000 1.035764 100.434431 -0.000000 0.785377 -0.008769 
503 8.963288 0.000000 0.832329 100.247330 0.000265 0.504838 -0.004978 
504 8.921371 0.000000 0.832329 100.178228 0.000232 0.652682 -0.003610 
505 8.963288 0.000000 0.791642 100.451752 0.000263 0.538740 -0.009084 
506 8.963288 0.000000 0.873016 100.365959 0.000222 0.610918 -0.007370 
507 9.026164 0.000000 0.811985 100.230848 -0.000024 0.140824 -0.004624 
508 9.005206 0.000000 0.811985 100.065794 0.000050 0.182019 -0.001320 
509 9.026164 0.000000 0.791642 100.232436 -0.000022 0.103262 -0.004655 
510 9.026164 0.000000 0.832329 100.260336 -0.000040 0.231545 -0.005219 
511 8.921371 0.000000 0.628894 99.000906 -0.022643 -0.074263 0.019881 
512 8.837536 0.000000 0.628894 99.195452 -0.019817 -0.177644 0.016023 
513 8.921371 0.000000 0.547520 98.967885 -0.017073 0.231170 0.020530 
514 8.963288 0.000000 0.750955 99.880102 0.000473 0.153497 0.002394 
515 8.921371 0.000000 0.750955 99.908410 0.000607 0.311444 0.001821 
516 8.963288 0.000000 0.710268 99.729621 0.000924 0.000000 0.005400 
517 8.984247 0.000000 0.811985 100.393818 0.000195 0.418644 -0.007909 
518 8.963288 0.000000 0.811985 100.428212 0.000248 0.552269 -0.008613 
519 8.984247 0.000000 0.791642 100.430776 0.000203 0.407420 -0.008651 
520 8.984247 0.000000 0.832329 100.246785 0.000190 0.363122 -0.004955 
521 8.984247 0.000000 0.771298 99.949360 0.000275 0.156226 0.001010 
522 8.963288 0.000000 0.771298 100.073372 0.000363 0.347619 -0.001480 
523 8.984247 0.000000 0.750955 99.819662 0.000288 0.069589 0.003603 
524 9.005206 0.000000 0.771298 99.900781 0.000040 0.091710 0.001983 
525 8.994726 0.000000 0.801814 100.520102 0.000281 0.427435 -0.010447 
526 8.984247 0.000000 0.801814 100.539162 0.000177 0.482181 -0.010836 
527 8.994726 0.000000 0.791642 100.438805 0.000309 0.396856 -0.008811 
528 9.005206 0.000000 0.801814 100.570183 0.000293 0.450752 -0.011456 
529 8.994726 0.000000 0.811985 100.318375 0.000204 0.329324 -0.006388 
530 28.287257 0.000000 64.670242 99.481569 -0.004698 10.396959 -0.000468 
531 6.825495 0.000000 64.670242 99.485933 -0.003477 10.417312 -0.000597 
532 49.749019 0.000000 64.670242 99.474123 -0.005707 10.383930 -0.000293 
533 28.287257 0.000000 85.501989 99.470012 -0.003348 10.423764 -0.000294 
534 17.556376 0.000000 33.422621 99.561075 -0.008957 10.239441 -0.001725 
535 6.825495 0.000000 33.422621 99.580274 -0.006576 10.310576 -0.002254 
536 28.287257 0.000000 33.422621 99.532562 -0.010957 10.195494 -0.001068 
537 17.556376 0.000000 43.838495 99.519327 -0.006439 10.339051 -0.001099 
538 12.190936 0.000000 17.798810 99.801924 -0.016150 9.720178 -0.005491 
539 6.825495 0.000000 17.798810 99.880702 -0.011592 9.917135 -0.007450 
540 17.556376 0.000000 17.798810 99.714261 -0.020195 9.601086 -0.003512 
541 12.190936 0.000000 23.006747 99.685142 -0.012042 10.033157 -0.003779 
542 9.508216 0.000000 9.986905 100.362754 -0.022936 8.475151 -0.014451 
543 6.825495 0.000000 9.986905 100.610321 -0.016035 8.837276 -0.020053 
544 12.190936 0.000000 9.986905 100.136847 -0.027646 8.270607 -0.009579 
545 9.508216 0.000000 12.590874 100.135221 -0.019463 9.152491 -0.011083 
546 10.849576 0.000000 6.080953 100.488595 -0.046094 6.290573 -0.013753 
547 9.508216 0.000000 6.080953 100.758311 -0.031420 6.363517 -0.019273 
548 12.190936 0.000000 6.080953 100.299555 -0.054627 6.267801 -0.009929 
549 10.849576 0.000000 7.382937 100.422110 -0.039329 7.125134 -0.013537 
550 10.178896 0.000000 4.127976 100.666460 -0.065797 4.586585 -0.015478 
551 9.508216 0.000000 4.127976 100.856389 -0.048034 4.544392 -0.019267 
552 10.178896 0.000000 3.476984 100.635047 0.000000 3.807110 -0.014191 
553 10.849576 0.000000 4.127976 100.508624 -0.081974 4.645031 -0.012357 
554 10.178896 0.000000 4.778968 100.652610 -0.050645 5.246460 -0.015848 
555 10.178896 0.000000 2.825992 100.678952 0.000000 3.460868 -0.014823 
556 9.508216 0.000000 2.825992 100.733947 -0.000000 3.098960 -0.015693 
557 10.849576 0.000000 2.825992 100.421046 -0.015854 3.260045 -0.009501 
558 13.532296 0.000000 3.476984 100.171623 -0.063473 4.149627 -0.005158 
559 14.873656 0.000000 3.476984 100.125690 -0.048109 4.208723 -0.004287 
560 13.532296 0.000000 4.778968 100.188357 -0.092305 5.282676 -0.006562 
561 11.520256 0.000000 4.127976 100.389244 -0.097566 4.678589 -0.009990 
562 11.520256 0.000000 3.476984 100.360585 -0.061262 4.041954 -0.008859 
563 12.190936 0.000000 4.127976 100.302400 -0.108860 4.701271 -0.008269 
564 11.520256 0.000000 4.778968 100.404546 -0.073298 5.249078 -0.010863 
565 10.514236 0.000000 3.802480 100.568295 -0.102440 4.288018 -0.013238 
566 10.178896 0.000000 3.802480 100.654487 -0.086572 4.246770 -0.014937 
567 10.514236 0.000000 3.476984 100.554112 -0.000000 3.851004 -0.012596 
568 10.849576 0.000000 3.802480 100.496062 -0.114032 4.320923 -0.011814 
569 10.514236 0.000000 4.127976 100.579215 -0.073925 4.618714 -0.013752 
570 11.520256 0.000000 2.825992 100.306586 -0.073661 3.341127 -0.007258 
571 12.190936 0.000000 2.825992 100.221779 -0.076554 3.425367 -0.005614 
572 10.514236 0.000000 3.151488 100.580047 -0.000000 3.678339 -0.012988 
573 10.178896 0.000000 3.151488 100.664640 -0.000000 3.620875 -0.014648 
574 10.514236 0.000000 2.825992 100.587783 -0.000000 3.510879 -0.013023 
575 10.849576 0.000000 3.151488 100.457944 -0.025815 3.625587 -0.010494 
576 11.184916 0.000000 3.802480 100.432842 -0.126572 4.349559 -0.010569 
577 11.184916 0.000000 3.476984 100.416588 -0.035711 4.011192 -0.009958 
578 11.520256 0.000000 3.802480 100.378866 -0.136795 4.363857 -0.009498 
579 11.184916 0.000000 4.127976 100.445807 -0.089455 4.662503 -0.011111 
580 10.681906 0.000000 3.639732 100.522384 -0.197412 4.137611 -0.012191 
581 10.514236 0.000000 3.639732 100.558723 -0.173674 4.125943 -0.012911 
582 10.681906 0.000000 3.476984 100.514424 0.000000 3.926142 -0.011856 
583 10.849576 0.000000 3.639732 100.487524 -0.194357 4.154191 -0.011504 
584 10.681906 0.000000 3.802480 100.530988 -0.107818 4.306280 -0.012504 
585 12.861616 0.000000 1.524008 100.024904 -0.348476 2.228068 -0.001007 
586 12.861616 0.000000 0.873016 99.853454 -0.804032 4.685139 0.000669 
587 13.532296 0.000000 1.524008 100.036651 -0.351129 2.330055 -0.001288 
588 12.861616 0.000000 2.175000 100.108319 -0.162332 2.849037 -0.002982 
589 20.239096 0.000000 -0.428968 99.977223 0.217249 4.598609 -0.001664 
590 20.239096 0.000000 -3.032937 99.686390 0.087201 6.802633 0.001634 
591 22.921817 0.000000 -0.428968 99.970070 0.189094 4.948147 -0.001853 
592 20.239096 0.000000 2.175000 100.237425 -0.226707 2.660375 -0.005467 
593 16.215016 0.000000 0.873016 100.302941 0.358195 4.065565 -0.007734 
594 16.215016 0.000000 -0.428968 99.919443 0.246923 3.905443 0.000079 
595 17.556376 0.000000 0.873016 100.255407 0.060268 4.785488 -0.007405 
596 16.215016 0.000000 2.175000 100.163839 -0.193019 2.949571 -0.004153 
597 14.202976 0.000000 1.524008 100.067970 -0.400866 2.366481 -0.001936 
598 14.202976 0.000000 0.873016 99.938512 -0.297072 5.088369 -0.001369 
599 14.873656 0.000000 1.524008 100.116994 -0.380634 2.412363 -0.002938 
600 14.202976 0.000000 2.175000 100.103589 -0.181121 2.954106 -0.002949 
601 14.873656 0.000000 -5.636905 99.302052 0.048034 7.805692 0.007817 
602 14.873656 0.000000 -8.240874 99.234036 0.030064 8.711518 0.007671 
603 17.556376 0.000000 -5.636905 99.441709 0.052188 7.941974 0.004827 
604 13.532296 0.000000 -1.730953 99.512649 0.121583 4.954583 0.007267 
605 13.532296 0.000000 -3.032937 99.356437 0.080635 6.151223 0.009045 
606 14.873656 0.000000 -1.730953 99.632129 0.128499 5.148402 0.004692 
607 14.202976 0.000000 0.222024 99.897886 0.452330 2.561111 0.001365 
608 13.532296 0.000000 0.222024 99.841183 0.456636 2.436146 0.002559 
609 14.202976 0.000000 -0.428968 99.780789 0.245501 3.511988 0.003140 
610 14.873656 0.000000 0.222024 99.969433 0.446750 2.708851 -0.000143 
611 13.867636 0.000000 1.198512 100.016490 -0.721624 2.198102 -0.000865 
612 13.532296 0.000000 1.198512 99.996819 -0.730863 2.156923 -0.000455 
613 13.867636 0.000000 0.873016 99.911992 -0.427933 5.038986 -0.000798 
614 14.202976 0.000000 1.198512 100.040300 -0.715127 2.234240 -0.001356 
615 13.867636 0.000000 1.524008 100.050659 -0.351726 2.355380 -0.001581 
616 20.239096 0.000000 4.778968 100.056415 -0.124473 5.102775 -0.003734 
617 22.921817 0.000000 4.778968 100.058964 -0.142587 4.942082 -0.003624 
618 20.239096 0.000000 7.382937 99.926021 -0.061730 6.830427 -0.003187 
619 16.215016 0.000000 3.476984 100.115368 -0.184332 4.201061 -0.004077 
620 17.556376 0.000000 3.476984 100.114965 -0.055620 4.162581 -0.004034 
621 16.215016 0.000000 4.778968 100.075772 -0.104883 5.278502 -0.004303 
622 15.544336 0.000000 1.524008 100.170593 -0.367558 2.380659 -0.003995 
623 15.544336 0.000000 0.873016 100.218205 0.168208 4.662220 -0.006545 
624 16.215016 0.000000 1.524008 100.209717 -0.360429 2.306261 -0.004744 
625 15.544336 0.000000 2.175000 100.143641 -0.187502 2.975228 -0.003764 
626 18.897736 0.000000 0.873016 100.058590 1.059370 5.068287 -0.003853 
627 18.897736 0.000000 -0.428968 99.968108 0.229965 4.411070 -0.001313 
628 20.239096 0.000000 0.873016 100.100654 0.926956 3.700665 -0.003470 
629 18.897736 0.000000 2.175000 100.218320 -0.206974 2.775235 -0.005146 
630 16.885696 0.000000 1.524008 100.234268 -0.368659 2.227869 -0.005201 
631 16.885696 0.000000 0.873016 100.278952 -0.146582 4.184602 -0.007340 
632 17.556376 0.000000 1.524008 100.256804 -0.392558 2.144726 -0.005618 
633 16.885696 0.000000 2.175000 100.179868 -0.192872 2.918917 -0.004456 
634 18.897736 0.000000 3.476984 100.108656 -0.111994 4.215748 -0.003953 
635 20.239096 0.000000 3.476984 100.127722 -0.017877 4.070748 -0.004213 
636 18.897736 0.000000 4.778968 100.048022 -0.117583 5.184068 -0.003650 
637 18.227056 0.000000 1.524008 100.275999 -0.419112 2.070508 -0.005974 
638 18.227056 0.000000 0.873016 100.203796 0.501949 5.216988 -0.006827 
639 18.897736 0.000000 1.524008 100.286042 -0.426874 2.006902 -0.006150 
640 18.227056 0.000000 2.175000 100.207524 -0.201648 2.828672 -0.004959 
641 33.652697 0.000000 -3.032937 99.712069 0.070510 7.682612 -0.000152 
642 33.652697 0.000000 -8.240874 99.542154 0.036083 9.139060 0.000784 
643 39.018138 0.000000 -3.032937 99.695651 0.064555 7.939859 -0.000227 
644 33.652697 0.000000 2.175000 100.152384 0.737584 3.706388 -0.004478 
645 25.604537 0.000000 -0.428968 99.952902 0.169120 5.268851 -0.001837 
646 25.604537 0.000000 -3.032937 99.723052 0.080864 7.203691 0.000341 
647 28.287257 0.000000 -0.428968 99.932888 0.152436 5.567691 -0.001760 
648 25.604537 0.000000 2.175000 100.318834 -0.407254 2.072379 -0.006833 
649 21.580457 0.000000 0.873016 100.127447 0.691078 3.552902 -0.003861 
650 21.580457 0.000000 -0.428968 99.971819 0.203116 4.780655 -0.001726 
651 22.921817 0.000000 0.873016 100.131851 0.543979 3.620203 -0.003979 
652 21.580457 0.000000 2.175000 100.263620 -0.244083 2.519298 -0.005920 
653 19.568416 0.000000 1.524008 100.294697 -0.421249 1.931656 -0.006293 
654 19.568416 0.000000 0.873016 100.059756 1.114747 4.025104 -0.002940 
655 20.239096 0.000000 1.524008 100.302248 -0.468086 1.891154 -0.006434 
656 19.568416 0.000000 2.175000 100.227614 -0.208404 2.721493 -0.005302 
657 18.227056 0.000000 2.825992 100.159114 -0.120301 3.492439 -0.004406 
658 17.556376 0.000000 2.825992 100.150866 -0.129031 3.535264 -0.004271 
659 18.897736 0.000000 2.825992 100.163818 -0.107557 3.479661 -0.004491 
660 18.227056 0.000000 3.476984 100.119209 -0.131802 4.125546 -0.004089 
661 18.562396 0.000000 1.849504 100.244133 -0.268958 2.444347 -0.005493 
662 18.227056 0.000000 1.849504 100.238164 -0.246455 2.452739 -0.005377 
663 18.562396 0.000000 1.524008 100.281920 -0.425324 2.031932 -0.006077 
664 18.897736 0.000000 1.849504 100.250258 -0.271014 2.399916 -0.005595 
665 18.562396 0.000000 2.175000 100.213933 -0.203742 2.797854 -0.005070 
666 11.184916 0.000000 3.151488 100.393646 0.023784 3.664259 -0.009231 
667 11.184916 0.000000 2.825992 100.358273 -0.045584 3.301143 -0.008268 
668 11.520256 0.000000 3.151488 100.337115 -0.022464 3.693992 -0.008118 
669 10.681906 0.000000 3.314236 100.526229 0.000000 3.927411 -0.012095 
670 10.514236 0.000000 3.314236 100.558514 -0.000000 3.846979 -0.012681 
671 10.681906 0.000000 3.151488 100.484527 0.000000 3.609944 -0.011017 
672 10.849576 0.000000 3.314236 100.470845 -0.013901 3.802674 -0.010885 
673 11.017246 0.000000 3.639732 100.456067 -0.209537 4.168691 -0.010884 
674 11.017246 0.000000 3.476984 100.446562 -0.020859 3.999474 -0.010551 
675 11.184916 0.000000 3.639732 100.426140 -0.225976 4.178971 -0.010292 
676 11.017246 0.000000 3.802480 100.464939 -0.120553 4.332205 -0.011199 
677 10.765741 0.000000 3.558358 100.513369 0.000000 3.929752 -0.011838 
678 10.681906 0.000000 3.558358 100.512452 0.000000 3.928922 -0.011819 
679 10.765741 0.000000 3.476984 100.513747 0.000000 3.929977 -0.011846 
680 10.849576 0.000000 3.558358 100.484479 -0.127236 4.061476 -0.011364 
681 10.765741 0.000000 3.639732 100.505775 -0.165407 4.141151 -0.011859 
682 8.166856 0.000000 6.080953 101.150071 -0.024983 6.522546 -0.027388 
683 6.825495 0.000000 6.080953 101.696152 -0.017452 6.861905 -0.038919 
684 8.166856 0.000000 7.382937 100.898952 -0.021876 7.482853 -0.023659 
685 8.837536 0.000000 4.127976 101.099857 -0.033892 4.504727 -0.024147 
686 8.166856 0.000000 4.127976 101.418953 -0.026659 4.443809 -0.030555 
687 8.837536 0.000000 3.476984 101.056290 -0.038154 3.743297 -0.022639 
688 8.837536 0.000000 4.778968 101.079050 -0.027938 5.217192 -0.024419 
689 9.843556 0.000000 3.802480 100.760386 -0.070120 4.200783 -0.017031 
690 9.508216 0.000000 3.802480 100.844380 -0.052023 4.203568 -0.018726 
691 9.843556 0.000000 3.476984 100.727828 0.000000 3.779101 -0.016038 
692 9.843556 0.000000 4.127976 100.751738 -0.055619 4.578590 -0.017188 
693 10.346566 0.000000 3.639732 100.606826 -0.160719 4.087054 -0.013846 
694 10.178896 0.000000 3.639732 100.647335 -0.148731 4.071632 -0.014649 
695 10.346566 0.000000 3.476984 100.566710 0.000000 3.878323 -0.012870 
696 10.346566 0.000000 3.802480 100.614837 -0.096118 4.255011 -0.014146 
697 10.598071 0.000000 3.558358 100.547461 -0.000000 3.852396 -0.012463 
698 10.514236 0.000000 3.558358 100.554920 -0.000000 3.844920 -0.012608 
699 10.598071 0.000000 3.476984 100.538998 -0.000000 3.872078 -0.012308 
700 10.598071 0.000000 3.639732 100.540363 -0.178480 4.130450 -0.012546 
701 11.017246 0.000000 3.314236 100.437030 -0.027079 3.818583 -0.010218 
702 11.017246 0.000000 3.151488 100.425456 -0.038443 3.642440 -0.009854 
703 11.184916 0.000000 3.314236 100.405068 -0.049777 3.839803 -0.009592 
704 10.765741 0.000000 3.395610 100.514795 0.000000 3.930357 -0.011867 
705 10.681906 0.000000 3.395610 100.517639 0.000000 3.926106 -0.011921 
706 10.765741 0.000000 3.314236 100.525380 0.000000 3.935806 -0.012084 
707 10.849576 0.000000 3.395610 100.475009 -0.045847 3.893202 -0.011039 
708 10.723823 0.000000 3.517671 100.512806 0.000000 3.929698 -0.011827 
709 10.681906 0.000000 3.517671 100.513107 0.000000 3.927449 -0.011831 
710 10.723823 0.000000 3.476984 100.513432 0.000000 3.929288 -0.011839 
711 10.765741 0.000000 3.517671 100.513077 0.000000 3.930074 -0.011832 
712 10.723823 0.000000 3.558358 100.512136 0.000000 3.930956 -0.011814 
713 8.837536 0.000000 2.825992 100.963362 -0.036577 2.885093 -0.020193 
714 8.166856 0.000000 2.825992 101.223121 -0.018087 2.695927 -0.025339 
715 9.843556 0.000000 3.151488 100.730441 0.000000 3.594202 -0.015954 
716 9.508216 0.000000 3.151488 100.709749 -0.000000 3.139946 -0.015231 
717 9.843556 0.000000 2.825992 100.718857 0.000000 3.490054 -0.015647 
718 10.346566 0.000000 3.314236 100.559926 0.000000 3.886148 -0.012740 
719 10.178896 0.000000 3.314236 100.646883 -0.000000 3.798866 -0.014423 
720 10.346566 0.000000 3.151488 100.576973 0.000000 3.737319 -0.012969 
721 10.598071 0.000000 3.395610 100.538036 -0.000000 3.882124 -0.012297 
722 10.514236 0.000000 3.395610 100.556389 -0.000000 3.848887 -0.012640 
723 10.598071 0.000000 3.314236 100.541635 -0.000000 3.888027 -0.012374 
724 10.639988 0.000000 3.517671 100.519270 -0.000000 3.911732 -0.011943 
725 10.598071 0.000000 3.517671 100.534775 -0.000000 3.878334 -0.012228 
726 10.639988 0.000000 3.476984 100.521322 -0.000000 3.909866 -0.011982 
727 10.639988 0.000000 3.558358 100.515193 -0.000000 3.917618 -0.011865 
728 10.178896 0.000000 5.429961 100.646528 -0.045446 5.806030 -0.016344 
729 9.508216 0.000000 5.429961 100.807683 -0.037975 5.838320 -0.019628 
730 10.849576 0.000000 5.429961 100.514282 -0.053359 5.787248 -0.013662 
731 10.178896 0.000000 6.080953 100.610697 -0.038450 6.324783 -0.016252 
732 10.514236 0.000000 4.453472 100.584477 -0.063609 4.927944 -0.014153 
733 10.178896 0.000000 4.453472 100.658749 -0.056525 4.932368 -0.015652 
734 10.849576 0.000000 4.453472 100.515943 -0.070939 4.937394 -0.012784 
735 10.514236 0.000000 4.778968 100.579439 -0.054990 5.249009 -0.014378 
736 10.681906 0.000000 3.965228 100.536588 -0.088926 4.478958 -0.012767 
737 10.514236 0.000000 3.965228 100.575605 -0.083861 4.452538 -0.013528 
738 10.849576 0.000000 3.965228 100.502905 -0.092886 4.485113 -0.012096 
739 10.681906 0.000000 4.127976 100.544227 -0.078100 4.626068 -0.013055 
740 10.765741 0.000000 3.721106 100.510214 -0.132756 4.225657 -0.012018 
741 10.681906 0.000000 3.721106 100.526959 -0.129050 4.222230 -0.012351 
742 10.849576 0.000000 3.721106 100.491991 -0.136905 4.238001 -0.011662 
743 10.765741 0.000000 3.802480 100.512334 -0.111216 4.317866 -0.012139 
744 10.723823 0.000000 3.599045 100.513907 0.000000 3.929315 -0.011849 
745 10.681906 0.000000 3.599045 100.511115 0.000000 3.932179 -0.011795 
746 10.765741 0.000000 3.599045 100.503388 -0.209971 4.098845 -0.011778 
747 10.723823 0.000000 3.639732 100.514248 -0.180986 4.138752 -0.012028 
748 10.702865 0.000000 3.538015 100.512335 0.000000 3.929780 -0.011817 
749 10.681906 0.000000 3.538015 100.512732 0.000000 3.927842 -0.011824 
750 10.702865 0.000000 3.517671 100.513424 0.000000 3.927768 -0.011838 
751 10.723823 0.000000 3.538015 100.512322 0.000000 3.930781 -0.011818 
752 10.702865 0.000000 3.558358 100.512271 0.000000 3.930157 -0.011816 
753 10.933411 0.000000 3.558358 100.467291 -0.131762 4.078826 -0.011033 
754 10.933411 0.000000 3.476984 100.463952 -0.012459 3.985955 -0.010889 
755 11.017246 0.000000 3.558358 100.451601 -0.136456 4.084136 -0.010722 
756 10.933411 0.000000 3.639732 100.471907 -0.201945 4.162112 -0.011197 
757 10.807658 0.000000 3.517671 100.513921 0.000000 3.929259 -0.011849 
758 10.807658 0.000000 3.476984 100.513921 0.000000 3.929259 -0.011849 
759 10.849576 0.000000 3.517671 100.483058 0.078340 4.022469 -0.011303 
760 10.807658 0.000000 3.558358 100.492743 -0.112743 4.058841 -0.011528 
761 10.744782 0.000000 3.538015 100.512698 0.000000 3.930495 -0.011825 
762 10.744782 0.000000 3.517671 100.512520 0.000000 3.930591 -0.011822 
763 10.765741 0.000000 3.538015 100.513036 0.000000 3.930114 -0.011832 
764 10.744782 0.000000 3.558358 100.512595 0.000000 3.930604 -0.011823 
765 10.598071 0.000000 3.721106 100.544434 -0.125707 4.218109 -0.012699 
766 10.514236 0.000000 3.721106 100.563153 -0.124701 4.209038 -0.013068 
767 10.598071 0.000000 3.802480 100.548416 -0.105132 4.302429 -0.012851 
768 10.639988 0.000000 3.599045 100.529377 -0.324321 4.089956 -0.012299 
769 10.598071 0.000000 3.599045 100.538663 -0.260225 4.087557 -0.012480 
770 10.639988 0.000000 3.639732 100.531182 -0.180479 4.132907 -0.012363 
771 10.702865 0.000000 3.578702 100.511938 0.000000 3.931140 -0.011810 
772 10.681906 0.000000 3.578702 100.512176 0.000000 3.929358 -0.011814 
773 10.723823 0.000000 3.578702 100.512488 0.000000 3.930717 -0.011821 
774 10.702865 0.000000 3.599045 100.513117 0.000000 3.929934 -0.011833 
775 10.713344 0.000000 3.548186 100.513571 0.000000 3.929317 -0.011842 
776 10.702865 0.000000 3.548186 100.512770 0.000000 3.930002 -0.011826 
777 10.713344 0.000000 3.538015 100.512440 0.000000 3.929734 -0.011819 
778 10.723823 0.000000 3.548186 100.513123 0.000000 3.930040 -0.011833 
779 10.713344 0.000000 3.558358 100.512079 0.000000 3.931010 -0.011813 
780 -14.636266 0.000000 -60.320242 99.425790 0.001918 10.440542 0.000551 
781 -36.098028 0.000000 -60.320242 99.434675 0.001179 10.451636 0.000351 
782 -14.636266 0.000000 -81.151989 99.436598 0.001634 10.443874 0.000329 
783 71.210780 0.000000 -60.320242 99.447011 0.005134 10.398847 0.000216 
784 71.210780 0.000000 -81.151989 99.446406 0.003638 10.422266 0.000179 
785 92.672542 0.000000 -60.320242 99.450890 0.005280 10.401558 0.000133 
786 -14.636266 0.000000 64.670242 99.481214 -0.002337 10.437949 -0.000546 
787 -36.098028 0.000000 64.670242 99.471758 -0.001522 10.449876 -0.000383 
788 -14.636266 0.000000 85.501989 99.469697 -0.001977 10.442142 -0.000326 
789 -3.905385 0.000000 -29.072621 99.339698 0.003631 10.395230 0.002356 
790 -14.636266 0.000000 -29.072621 99.376560 0.002204 10.444525 0.001521 
791 -3.905385 0.000000 -39.488495 99.387368 0.003162 10.412540 0.001373 
792 71.210780 0.000000 64.670242 99.468766 -0.006457 10.375903 -0.000169 
793 92.672542 0.000000 64.670242 99.465895 -0.007037 10.369386 -0.000099 
794 71.210780 0.000000 85.501989 99.463856 -0.004486 10.412216 -0.000147 
795 39.018138 0.000000 -29.072621 99.434234 0.010591 10.235642 0.000806 
796 39.018138 0.000000 -39.488495 99.430714 0.007422 10.328630 0.000685 
797 49.749019 0.000000 -29.072621 99.448650 0.010898 10.247190 0.000496 
798 -3.905385 0.000000 33.422621 99.567581 -0.004420 10.388168 -0.002162 
799 -14.636266 0.000000 33.422621 99.532398 -0.001530 10.436048 -0.001561 
800 -3.905385 0.000000 43.838495 99.521049 -0.003781 10.407601 -0.001276 
801 1.460055 0.000000 -13.448810 98.975842 0.006432 10.160784 0.010054 
802 -3.905385 0.000000 -13.448810 99.106825 0.003764 10.397673 0.006973 
803 1.460055 0.000000 -18.656747 99.179736 0.005842 10.259467 0.005812 
804 39.018138 0.000000 33.422621 99.513335 -0.012432 10.167962 -0.000629 
805 49.749019 0.000000 33.422621 99.502863 -0.013562 10.145602 -0.000375 
806 39.018138 0.000000 43.838495 99.496061 -0.008692 10.297767 -0.000551 
807 22.921817 0.000000 -13.448810 99.398188 0.022588 9.621744 0.002742 
808 22.921817 0.000000 -18.656747 99.379192 0.015353 9.958813 0.002460 
809 28.287257 0.000000 -13.448810 99.446934 0.023309 9.667259 0.001685 
810 1.460055 0.000000 17.798810 99.874408 -0.007857 10.169288 -0.007831 
811 -3.905385 0.000000 17.798810 99.776778 -0.005276 10.360903 -0.006275 
812 1.460055 0.000000 23.006747 99.711432 -0.006971 10.260152 -0.004764 
813 4.142775 0.000000 -5.636905 97.642268 0.009276 9.038469 0.038429 
814 1.460055 0.000000 -5.636905 97.868976 0.005930 10.058529 0.032049 
815 4.142775 0.000000 -8.240874 98.379609 0.009754 9.536749 0.023050 
816 22.921817 0.000000 17.798810 99.653669 -0.023122 9.527322 -0.002162 
817 28.287257 0.000000 17.798810 99.618945 -0.025257 9.468622 -0.001359 
818 22.921817 0.000000 23.006747 99.604298 -0.016511 9.907613 -0.001918 
819 4.142775 0.000000 9.986905 100.740386 -0.010549 9.385527 -0.023671 
820 1.460055 0.000000 9.986905 100.621947 -0.007163 9.953039 -0.022384 
821 4.142775 0.000000 12.590874 100.304638 -0.010501 9.705470 -0.015522 
822 5.484135 0.000000 -1.730953 95.122734 0.006442 4.692090 0.092965 
823 4.142775 0.000000 -1.730953 93.473910 0.004609 7.010299 0.121348 
824 5.484135 0.000000 -3.032937 96.430829 0.009202 6.735463 0.065573 
825 14.873656 0.000000 9.986905 99.979534 -0.038092 8.151948 -0.006236 
826 17.556376 0.000000 9.986905 99.892005 -0.038848 8.073513 -0.004360 
827 14.873656 0.000000 12.590874 99.902856 -0.028416 8.886614 -0.005955 
828 33.652697 0.000000 -13.448810 99.472576 0.023702 9.714864 0.001083 
829 33.652697 0.000000 -18.656747 99.440460 0.016909 9.988010 0.001183 
830 39.018138 0.000000 -13.448810 99.485981 0.023184 9.758191 0.000732 
831 20.239096 0.000000 -5.636905 99.519517 0.052988 8.069717 0.003074 
832 20.239096 0.000000 -8.240874 99.428741 0.036805 8.825853 0.003603 
833 22.921817 0.000000 -5.636905 99.563660 0.052483 8.196753 0.001989 
834 25.604537 0.000000 -5.636905 99.587332 0.052887 8.309610 0.001331 
835 25.604537 0.000000 -8.240874 99.505724 0.038575 8.962677 0.001828 
836 28.287257 0.000000 -5.636905 99.599478 0.051383 8.412145 0.000918 
837 16.215016 0.000000 -1.730953 99.711750 0.130979 5.343323 0.002900 
838 16.215016 0.000000 -3.032937 99.563330 0.090385 6.434677 0.004573 
839 17.556376 0.000000 -1.730953 99.761989 0.133676 5.530489 0.001694 
840 11.520256 0.000000 -1.079961 99.315993 0.121148 3.852815 0.012147 
841 11.520256 0.000000 -1.730953 99.213466 0.088748 4.648806 0.013507 
842 12.190936 0.000000 -1.079961 99.443674 0.143865 3.976148 0.009513 
843 9.843556 0.000000 -0.103472 98.968980 0.011895 1.938310 0.020138 
844 9.843556 0.000000 -0.428968 98.925341 0.028781 2.501351 0.020752 
845 33.652697 0.000000 7.382937 99.921532 -0.088126 6.110346 -0.002166 
846 39.018138 0.000000 7.382937 99.954029 -0.100562 5.740881 -0.002378 
847 33.652697 0.000000 12.590874 99.693211 -0.042621 8.442506 -0.001001 
848 33.652697 0.000000 17.798810 99.601317 -0.027105 9.410752 -0.000899 
849 39.018138 0.000000 17.798810 99.594188 -0.028637 9.347640 -0.000638 
850 33.652697 0.000000 23.006747 99.561401 -0.017898 9.838824 -0.000928 
851 25.604537 0.000000 4.778968 100.067950 -0.192809 4.739039 -0.003609 
852 28.287257 0.000000 4.778968 100.067613 -0.332242 4.680556 -0.003555 
853 25.604537 0.000000 7.382937 99.899445 -0.075498 6.580677 -0.002321 
854 20.239096 0.000000 9.986905 99.840068 -0.047277 7.992652 -0.003192 
855 22.921817 0.000000 9.986905 99.804767 -0.048932 7.911656 -0.002359 
856 20.239096 0.000000 12.590874 99.771303 -0.033212 8.747300 -0.003083 
857 13.532296 0.000000 6.080953 100.176668 -0.063254 6.232726 -0.007422 
858 14.873656 0.000000 6.080953 100.092664 -0.072362 6.216738 -0.005719 
859 13.532296 0.000000 7.382937 100.136904 -0.052090 7.043225 -0.007701 
860 12.861616 0.000000 0.222024 99.784638 0.461045 2.300828 0.003752 
861 12.861616 0.000000 -0.428968 99.655652 0.237455 3.255171 0.005810 
862 11.184916 0.000000 -0.103472 99.484088 0.231448 2.358864 0.009730 
863 11.184916 0.000000 -0.428968 99.392138 0.167790 2.867815 0.011295 
864 11.520256 0.000000 -0.103472 99.549660 0.268875 2.475917 0.008366 
865 10.346566 0.000000 0.384772 99.388129 -0.011204 0.856746 0.012127 
866 10.178896 0.000000 0.384772 99.245250 -0.042976 0.733720 0.014984 
867 10.346566 0.000000 0.222024 99.308858 0.032778 1.330041 0.013598 
868 11.017246 0.000000 0.384772 99.661048 0.471268 1.448308 0.006536 
869 11.017246 0.000000 0.222024 99.576099 0.325717 1.722491 0.008153 
870 11.184916 0.000000 0.384772 99.671926 0.535749 1.546690 0.006283 
871 7.496176 0.000000 -1.079961 97.780803 0.008710 2.892325 0.043055 
872 6.825495 0.000000 -1.079961 97.103369 0.004416 2.745477 0.056340 
873 7.496176 0.000000 -1.730953 97.613818 0.009124 4.057951 0.045508 
874 8.502196 0.000000 -0.103472 98.784795 0.000399 1.614872 0.023896 
875 8.166856 0.000000 -0.103472 98.738064 0.006897 1.380808 0.024889 
876 8.502196 0.000000 -0.428968 98.614663 0.007628 2.172258 0.027043 
877 9.675886 0.000000 0.384772 98.915919 -0.047888 0.682454 0.021517 
878 9.675886 0.000000 0.222024 98.916273 -0.025260 1.160783 0.021422 
879 9.843556 0.000000 0.384772 99.015441 -0.053224 0.734519 0.019540 
880 10.011226 0.000000 0.384772 99.124819 -0.052967 0.716852 0.017375 
881 10.011226 0.000000 0.222024 99.094239 -0.018814 1.205638 0.017888 
882 10.430401 0.000000 0.628894 99.679163 -0.176425 -0.241424 0.006398 
883 10.346566 0.000000 0.628894 99.527965 -0.170844 -0.292840 0.009407 
884 10.430401 0.000000 0.547520 99.600501 -0.081528 0.219883 0.007969 
885 5.484135 0.000000 3.476984 104.365147 -0.007630 4.182907 -0.090958 
886 4.142775 0.000000 3.476984 106.204986 -0.004472 6.689205 -0.132424 
887 5.484135 0.000000 4.778968 102.984065 -0.010514 6.364237 -0.064622 
888 5.484135 0.000000 6.080953 102.208862 -0.012005 7.491383 -0.050277 
889 4.142775 0.000000 6.080953 102.549001 -0.009162 8.406527 -0.058697 
890 5.484135 0.000000 7.382937 101.502802 -0.013133 8.245503 -0.037081 
891 7.496176 0.000000 2.825992 101.620195 -0.011575 2.498181 -0.033291 
892 6.825495 0.000000 2.825992 102.313553 -0.010704 2.262143 -0.047318 
893 7.496176 0.000000 3.476984 101.782459 -0.018541 3.563124 -0.037237 
894 7.496176 0.000000 4.127976 101.799598 -0.019265 4.508082 -0.038348 
895 6.825495 0.000000 4.127976 102.299609 -0.016001 4.626410 -0.048661 
896 7.496176 0.000000 4.778968 101.742243 -0.020925 5.303235 -0.037961 
897 10.262731 0.000000 0.954390 100.102041 -0.000000 0.429819 -0.002060 
898 10.178896 0.000000 0.954390 100.176860 0.000000 0.434532 -0.003559 
899 10.262731 0.000000 1.035764 100.109747 -0.000000 0.579438 -0.002230 
900 10.702865 0.000000 0.771298 99.050036 -0.352705 0.546379 0.018867 
901 10.702865 0.000000 0.750955 99.767766 -0.480619 0.000000 0.004616 
902 10.723823 0.000000 0.771298 99.120595 -0.366532 0.549224 0.017467 
903 10.472318 0.000000 0.750955 99.786240 -0.229450 0.000000 0.004265 
904 10.430401 0.000000 0.750955 99.785046 -0.185791 0.000000 0.004291 
905 10.472318 0.000000 0.710268 99.785695 -0.226106 0.000000 0.004276 
906 10.095061 0.000000 0.954390 100.254692 0.000000 0.464410 -0.005122 
907 10.011226 0.000000 0.954390 100.316054 0.000000 0.478380 -0.006354 
908 10.095061 0.000000 1.035764 100.247513 0.000000 0.603127 -0.004993 
909 9.759721 0.000000 0.954390 100.528432 0.000000 0.303098 -0.010606 
910 9.843556 0.000000 0.954390 100.448127 -0.000000 0.296425 -0.008991 
911 9.759721 0.000000 1.035764 100.490973 0.000000 0.493783 -0.009868 
912 9.424381 0.000000 0.628894 98.774355 -0.064612 -0.381642 0.024348 
913 9.424381 0.000000 0.547520 98.786314 -0.050979 0.057475 0.024126 
914 9.508216 0.000000 0.628894 98.807843 -0.073383 -0.409787 0.023684 
915 9.382463 0.000000 0.750955 99.973644 -0.008018 0.020939 0.000527 
916 9.382463 0.000000 0.710268 99.746220 -0.009506 0.000000 0.005069 
917 9.424381 0.000000 0.750955 99.939074 -0.009576 0.021828 0.001218 
918 9.466298 0.000000 0.832329 100.337573 -0.006747 0.103444 -0.006764 
919 9.466298 0.000000 0.791642 100.187770 -0.009273 0.075227 -0.003760 
920 9.466298 0.000000 0.873016 100.445253 -0.004519 0.145773 -0.008927 
921 8.669866 0.000000 0.384772 99.091119 -0.008154 0.616971 0.018057 
922 8.502196 0.000000 0.384772 99.147386 -0.006491 0.439080 0.016960 
923 8.669866 0.000000 0.222024 98.968105 -0.005067 1.032831 0.020425 
924 9.214793 0.000000 0.750955 99.884950 -0.003938 0.006120 0.002300 
925 9.172876 0.000000 0.750955 99.739003 -0.004130 0.000000 0.005213 
926 9.214793 0.000000 0.710268 99.743867 -0.004218 0.000000 0.005116 
927 9.130958 0.000000 0.750955 99.840087 -0.002790 0.003160 0.003196 
928 9.130958 0.000000 0.710268 99.734795 -0.003633 0.000000 0.005297 
929 9.026164 0.000000 0.771298 99.951674 -0.000050 0.089296 0.000965 
930 9.026164 0.000000 0.750955 99.825682 -0.000071 0.033741 0.003483 
931 9.047123 0.000000 0.771298 99.891262 -0.000432 0.039684 0.002173 
932 11.520256 0.000000 5.429961 100.402680 -0.057197 5.774274 -0.011404 
933 12.190936 0.000000 5.429961 100.316729 -0.064598 5.766665 -0.009670 
934 11.520256 0.000000 6.080953 100.385284 -0.053995 6.275786 -0.011659 
935 9.843556 0.000000 4.453472 100.755200 -0.050509 4.894915 -0.017557 
936 9.508216 0.000000 4.453472 100.846975 -0.045850 4.896030 -0.019409 
937 9.843556 0.000000 4.778968 100.738704 -0.049064 5.241336 -0.017576 
938 12.861616 0.000000 2.825992 100.168941 -0.098614 3.493444 -0.004603 
939 13.532296 0.000000 2.825992 100.141877 -0.080896 3.545917 -0.004098 
940 12.861616 0.000000 3.476984 100.210598 -0.089611 4.137231 -0.005929 
941 14.202976 0.000000 2.825992 100.127464 -0.108372 3.585463 -0.003838 
942 14.873656 0.000000 2.825992 100.125179 -0.132284 3.607772 -0.003808 
943 14.202976 0.000000 3.476984 100.141384 -0.091462 4.194755 -0.004590 
944 12.861616 0.000000 4.127976 100.236151 -0.117455 4.717968 -0.006956 
945 13.532296 0.000000 4.127976 100.183065 -0.125852 4.752706 -0.005925 
946 12.861616 0.000000 4.778968 100.245460 -0.085684 5.265831 -0.007689 
947 11.184916 0.000000 4.453472 100.451577 -0.076839 4.953449 -0.011506 
948 11.520256 0.000000 4.453472 100.398304 -0.083768 4.972108 -0.010455 
949 11.184916 0.000000 4.778968 100.456554 -0.065316 5.239687 -0.011898 
950 10.346566 0.000000 3.965228 100.634707 -0.078810 4.400295 -0.014671 
951 10.178896 0.000000 3.965228 100.661827 -0.071326 4.416535 -0.015231 
952 10.346566 0.000000 4.127976 100.618030 -0.068200 4.610374 -0.014525 
953 11.017246 0.000000 3.965228 100.471333 -0.097714 4.491484 -0.011467 
954 11.184916 0.000000 3.965228 100.440143 -0.101760 4.510035 -0.010857 
955 11.017246 0.000000 4.127976 100.475511 -0.085647 4.655041 -0.011701 
956 18.897736 0.000000 -1.730953 99.794858 0.130380 5.703052 0.000844 
957 18.897736 0.000000 -3.032937 99.665877 0.089237 6.682847 0.002204 
958 20.239096 0.000000 -1.730953 99.814875 0.128210 5.844814 0.000281 
959 21.580457 0.000000 -1.730953 99.819940 0.121987 5.992844 0.000005 
960 21.580457 0.000000 -3.032937 99.703488 0.085870 6.915385 0.001138 
961 22.921817 0.000000 -1.730953 99.825175 0.118043 6.133047 -0.000269 
962 15.544336 0.000000 0.222024 100.032361 0.444644 2.878159 -0.001495 
963 15.544336 0.000000 -0.428968 99.885965 0.244790 3.759071 0.000860 
964 16.215016 0.000000 0.222024 100.066351 0.436984 3.062569 -0.002284 
965 16.885696 0.000000 0.222024 100.083358 0.428443 3.244545 -0.002739 
966 16.885696 0.000000 -0.428968 99.944839 0.242006 4.037767 -0.000533 
967 17.556376 0.000000 0.222024 100.092889 0.416479 3.414282 -0.003042 
968 12.861616 0.000000 -1.079961 99.538604 0.157103 4.103350 0.007520 
969 12.861616 0.000000 -1.730953 99.435471 0.118260 4.851066 0.008904 
970 13.532296 0.000000 -1.079961 99.609457 0.163816 4.224220 0.006009 
971 21.580457 0.000000 3.476984 100.146276 -0.106986 3.889016 -0.004441 
972 22.921817 0.000000 3.476984 100.148313 -0.145293 3.895930 -0.004488 
973 21.580457 0.000000 4.778968 100.054658 -0.128751 5.026471 -0.003622 
974 15.544336 0.000000 2.825992 100.130096 -0.117043 3.599948 -0.003901 
975 16.215016 0.000000 2.825992 100.136954 -0.125433 3.580378 -0.004024 
976 15.544336 0.000000 3.476984 100.119696 -0.105756 4.197105 -0.004158 
977 16.885696 0.000000 2.825992 100.143517 -0.105856 3.567163 -0.004146 
978 16.885696 0.000000 3.476984 100.114084 -0.106429 4.174525 -0.004027 
979 18.227056 0.000000 0.222024 100.089304 0.404786 3.567916 -0.003076 
980 18.227056 0.000000 -0.428968 99.966969 0.234643 4.292362 -0.001187 
981 18.897736 0.000000 0.222024 100.074588 0.390126 3.706226 -0.002881 
982 19.568416 0.000000 0.222024 100.062696 0.368954 3.805045 -0.002716 
983 19.568416 0.000000 -0.428968 99.967947 0.223992 4.509814 -0.001398 
984 20.239096 0.000000 0.222024 100.063594 0.342899 3.896069 -0.002802 
985 19.568416 0.000000 2.825992 100.173595 -0.136564 3.407266 -0.004638 
986 20.239096 0.000000 2.825992 100.179702 -0.118035 3.368048 -0.004733 
987 19.568416 0.000000 3.476984 100.125997 -0.104616 4.040408 -0.004155 
988 10.933411 0.000000 3.721106 100.476420 -0.141142 4.245433 -0.011355 
989 11.017246 0.000000 3.721106 100.460615 -0.144921 4.251425 -0.011043 
990 10.933411 0.000000 3.802480 100.479994 -0.117651 4.325258 -0.011495 
991 10.807658 0.000000 3.599045 100.495247 -0.204451 4.101634 -0.011616 
992 10.849576 0.000000 3.599045 100.486895 -0.290344 4.104839 -0.011455 
993 10.807658 0.000000 3.639732 100.497442 -0.190314 4.144005 -0.011694 
994 8.837536 0.000000 5.429961 101.021402 -0.034029 5.854981 -0.023961 
995 8.166856 0.000000 5.429961 101.279152 -0.029193 5.931288 -0.029265 
996 8.837536 0.000000 6.080953 100.932670 -0.027566 6.424280 -0.022868 
997 10.933411 0.000000 3.395610 100.458712 -0.068066 3.899531 -0.010716 
998 10.933411 0.000000 3.314236 100.454438 -0.015272 3.811588 -0.010562 
999 11.017246 0.000000 3.395610 100.441411 -0.084928 3.913455 -0.010380 
1000 10.744782 0.000000 3.578702 100.513347 0.000000 3.929772 -0.011838 
1001 10.765741 0.000000 3.578702 100.513921 0.000000 3.929258 -0.011849 
1002 10.744782 0.000000 3.599045 100.507616 -0.227873 4.097557 -0.011862 
1003 25.604537 0.000000 9.986905 99.786656 -0.051691 7.832073 -0.001872 
1004 28.287257 0.000000 9.986905 99.779458 -0.053419 7.736057 -0.001579 
1005 25.604537 0.000000 12.590874 99.714345 -0.038283 8.638819 -0.001758 
1006 16.215016 0.000000 6.080953 100.039220 -0.076049 6.199318 -0.004628 
1007 17.556376 0.000000 6.080953 100.006284 -0.081697 6.161068 -0.003922 
1008 16.215016 0.000000 7.382937 99.998540 -0.061275 6.972795 -0.004833 
1009 10.262731 0.000000 0.628894 99.412968 -0.159808 -0.372836 0.011690 
1010 10.178896 0.000000 0.628894 99.323147 -0.147646 -0.399590 0.013473 
1011 10.262731 0.000000 0.547520 99.383187 -0.108571 0.066871 0.012297 
1012 10.388483 0.000000 0.750955 99.805080 -0.141968 0.023759 0.003893 
1013 10.346566 0.000000 0.750955 99.783069 -0.134580 0.000000 0.004332 
1014 10.388483 0.000000 0.710268 99.784668 -0.148146 0.000000 0.004300 
1015 10.095061 0.000000 0.628894 99.245779 -0.135592 -0.391274 0.015010 
1016 10.011226 0.000000 0.628894 99.173815 -0.124175 -0.412834 0.016437 
1017 10.095061 0.000000 0.547520 99.225051 -0.105620 0.043425 0.015438 
1018 9.927391 0.000000 0.954390 100.377854 0.000000 0.386068 -0.007586 
1019 9.927391 0.000000 1.035764 100.373950 0.000000 0.532029 -0.007521 
1020 9.592051 0.000000 0.628894 98.842943 -0.082681 -0.424591 0.022989 
1021 9.592051 0.000000 0.547520 98.858169 -0.065654 0.006534 0.022706 
1022 9.675886 0.000000 0.628894 98.890191 -0.092983 -0.447369 0.022052 
1023 9.759721 0.000000 0.628894 98.953823 -0.090655 -0.448968 0.020793 
1024 9.759721 0.000000 0.547520 98.960314 -0.080036 0.000410 0.020685 
1025 9.843556 0.000000 0.628894 99.028696 -0.101190 -0.418288 0.019313 
1026 9.466298 0.000000 0.750955 100.055999 -0.011857 0.054268 -0.001121 
1027 9.466298 0.000000 0.710268 99.751438 -0.014554 0.000000 0.004965 
1028 9.508216 0.000000 0.750955 99.927655 -0.015669 0.033445 0.001446 
1029 9.068082 0.000000 0.771298 99.895923 -0.000592 0.039154 0.002080 
1030 9.068082 0.000000 0.750955 99.807295 -0.000603 0.008646 0.003850 
1031 9.089041 0.000000 0.771298 100.066348 -0.001326 0.045031 -0.001328 
1032 14.202976 0.000000 4.127976 100.146731 -0.132454 4.766293 -0.005210 
1033 14.873656 0.000000 4.127976 100.123420 -0.138370 4.764792 -0.004742 
1034 14.202976 0.000000 4.778968 100.146993 -0.096909 5.288092 -0.005739 
1035 14.202976 0.000000 -1.079961 99.672484 0.167363 4.336418 0.004656 
1036 14.202976 0.000000 -1.730953 99.577501 0.124253 5.043844 0.005887 
1037 14.873656 0.000000 -1.079961 99.726083 0.169451 4.442019 0.003495 
1038 18.897736 0.000000 6.080953 99.988087 -0.078758 6.106890 -0.003492 
1039 20.239096 0.000000 6.080953 99.983249 -0.085395 6.050467 -0.003327 
1040 18.897736 0.000000 7.382937 99.943165 -0.064208 6.883770 -0.003603 
1041 15.544336 0.000000 4.127976 100.106671 -0.142669 4.761687 -0.004404 
1042 16.215016 0.000000 4.127976 100.095920 -0.150418 4.748315 -0.004176 
1043 15.544336 0.000000 4.778968 100.094037 -0.104520 5.278568 -0.004669 
1044 7.496176 0.000000 5.429961 101.606484 -0.021626 6.021799 -0.036014 
1045 6.825495 0.000000 5.429961 101.928403 -0.022003 6.230063 -0.042821 
1046 7.496176 0.000000 6.080953 101.413656 -0.025037 6.647410 -0.032892 
1047 15.544336 0.000000 -1.079961 99.770532 0.171339 4.555244 0.002506 
1048 15.544336 0.000000 -1.730953 99.675467 0.133147 5.243053 0.003729 
1049 16.215016 0.000000 -1.079961 99.806401 0.171079 4.670762 0.001684 
1050 12.861616 0.000000 5.429961 100.239844 -0.069465 5.786452 -0.008151 
1051 13.532296 0.000000 5.429961 100.183539 -0.072515 5.782072 -0.007018 
1052 12.861616 0.000000 6.080953 100.230752 -0.058433 6.249531 -0.008526 
1053 14.202976 0.000000 5.429961 100.139804 -0.078567 5.780967 -0.006141 
1054 14.873656 0.000000 5.429961 100.105144 -0.081858 5.774020 -0.005439 
1055 14.202976 0.000000 6.080953 100.130812 -0.066320 6.224949 -0.006493 
1056 9.927391 0.000000 0.628894 99.104651 -0.113053 -0.413382 0.017808 
1057 9.927391 0.000000 0.547520 99.089887 -0.094320 0.037234 0.018118 
1058 9.550133 0.000000 0.750955 99.933174 -0.018108 0.028354 0.001336 
1059 9.550133 0.000000 0.710268 98.808721 -0.068279 -0.407923 0.023667 
1060 9.592051 0.000000 0.750955 99.751279 -0.025391 0.000000 0.004968 
1061 21.580457 0.000000 6.080953 99.977096 -0.084635 5.978303 -0.003117 
1062 22.921817 0.000000 6.080953 99.976106 -0.091553 5.913327 -0.003020 
1063 21.580457 0.000000 7.382937 99.918673 -0.070346 6.773117 -0.002962 
1064 16.885696 0.000000 4.127976 100.088440 -0.155536 4.739174 -0.004018 
1065 17.556376 0.000000 4.127976 100.084200 -0.162258 4.712443 -0.003908 
1066 16.885696 0.000000 4.778968 100.063580 -0.110249 5.258992 -0.004039 
1067 18.227056 0.000000 4.127976 100.084034 -0.169187 4.683513 -0.003878 
1068 18.897736 0.000000 4.127976 100.083244 -0.178137 4.655674 -0.003836 
1069 18.227056 0.000000 4.778968 100.051994 -0.114606 5.212925 -0.003759 
1070 16.885696 0.000000 -1.079961 99.833357 0.170227 4.783131 0.001039 
1071 16.885696 0.000000 -1.730953 99.739941 0.131298 5.437449 0.002236 
1072 17.556376 0.000000 -1.079961 99.851927 0.169207 4.889681 0.000566 
1073 18.227056 0.000000 -1.079961 99.864942 0.170143 4.994380 0.000202 
1074 18.227056 0.000000 -1.730953 99.778261 0.130699 5.619524 0.001270 
1075 18.897736 0.000000 -1.079961 99.873424 0.165345 5.094157 -0.000068 
1076 15.544336 0.000000 5.429961 100.077128 -0.086035 5.768622 -0.004872 
1077 16.215016 0.000000 5.429961 100.057702 -0.087937 5.751828 -0.004464 
1078 15.544336 0.000000 6.080953 100.061167 -0.071680 6.212659 -0.005084 
1079 16.885696 0.000000 5.429961 100.043088 -0.089458 5.736364 -0.004153 
1080 17.556376 0.000000 5.429961 100.031760 -0.092547 5.717377 -0.003905 
1081 16.885696 0.000000 6.080953 100.021288 -0.078321 6.175290 -0.004240 
1082 18.227056 0.000000 5.429961 100.021983 -0.094905 5.698492 -0.003688 
1083 18.897736 0.000000 5.429961 100.015320 -0.096336 5.671936 -0.003524 
1084 18.227056 0.000000 6.080953 99.994395 -0.081470 6.141359 -0.003660 
1 1 12 10 11 
2 11 10 14 6 
3 6 14 19 20 
4 20 19 22 4 
5 10 25 23 24 
6 24 23 27 14 
7 14 27 35 36 
8 36 35 38 19 
9 23 41 39 40 
10 40 39 43 27 
11 27 43 51 52 
12 52 51 54 35 
13 39 57 55 56 
14 56 55 59 43 
15 43 59 67 68 
16 68 67 70 51 
17 55 73 71 72 
18 72 71 75 59 
19 15 84 83 33 
20 84 17 85 83 
21 83 85 8 86 
22 33 83 86 18 
23 88 33 89 87 
24 87 89 18 90 
25 7 114 112 113 
26 114 16 115 112 
27 112 115 15 32 
28 113 112 32 13 
29 13 118 116 117 
30 118 32 119 116 
31 116 119 31 48 
32 117 116 48 26 
33 26 122 120 121 
34 122 48 123 120 
35 120 123 47 64 
36 121 120 64 42 
37 42 126 124 125 
38 126 64 127 124 
39 124 127 63 80 
40 125 124 80 58 
41 80 130 128 129 
42 130 63 131 128 
43 18 86 137 45 
44 86 8 138 137 
45 137 138 29 139 
46 45 137 139 28 
47 90 18 141 140 
48 140 141 45 142 
49 154 81 155 153 
50 153 155 106 156 
51 161 163 107 164 
52 162 161 164 82 
53 156 106 171 170 
54 170 171 66 172 
55 163 170 172 107 
56 174 153 175 173 
57 173 175 156 176 
58 177 179 163 180 
59 178 177 180 161 
60 176 156 187 186 
61 186 187 170 188 
62 179 186 188 163 
63 168 190 189 184 
64 190 173 191 189 
65 189 191 176 192 
66 184 189 192 103 
67 193 195 179 196 
68 194 193 196 177 
69 199 184 200 197 
70 197 200 103 201 
71 58 204 202 203 
72 204 80 129 202 
73 103 192 221 195 
74 192 176 222 221 
75 221 222 186 223 
76 195 221 223 179 
77 185 201 224 225 
78 201 103 226 224 
79 224 226 195 227 
80 225 224 227 193 
81 230 197 231 228 
82 228 231 201 232 
83 229 228 232 185 
84 59 75 233 234 
85 234 233 235 67 
86 239 162 82 241 
87 240 239 241 111 
88 242 178 161 244 
89 243 242 244 162 
90 245 194 177 247 
91 246 245 247 178 
92 169 220 248 249 
93 220 185 225 248 
94 248 225 193 250 
95 249 248 250 194 
96 217 253 251 252 
97 251 229 185 254 
98 252 251 254 220 
99 129 257 255 256 
100 257 128 258 255 
101 255 258 105 134 
102 256 255 134 79 
103 134 261 259 260 
104 261 105 262 259 
105 259 262 135 167 
106 260 259 167 132 
107 167 265 263 264 
108 265 135 266 263 
109 263 266 168 183 
110 264 263 183 165 
111 183 269 267 268 
112 269 168 270 267 
113 267 270 184 199 
114 268 267 199 181 
115 181 273 271 272 
116 273 199 274 271 
117 271 274 197 230 
118 198 277 275 276 
119 277 230 278 275 
120 275 278 228 279 
121 276 275 279 229 
122 165 282 280 281 
123 282 183 268 280 
124 280 268 181 219 
125 281 280 219 182 
126 219 285 283 284 
127 285 181 272 283 
128 284 283 253 217 
129 253 288 286 287 
130 286 276 229 289 
131 287 286 289 251 
132 283 292 290 291 
133 292 272 293 290 
134 290 293 198 288 
135 291 290 288 253 
136 288 296 294 295 
137 296 198 297 294 
138 294 297 276 298 
139 295 294 298 286 
140 305 217 252 303 
141 303 252 220 306 
142 304 303 306 169 
143 216 302 307 308 
144 302 169 249 307 
145 307 249 194 309 
146 308 307 309 245 
147 299 312 310 311 
148 312 218 304 310 
149 310 304 169 313 
150 311 310 313 302 
151 182 316 314 315 
152 316 219 284 314 
153 314 284 217 305 
154 315 314 305 218 
155 218 319 317 318 
156 319 305 320 317 
157 317 320 303 321 
158 318 317 321 304 
159 214 328 326 327 
160 328 213 300 326 
161 326 300 216 329 
162 327 326 329 136 
163 300 332 330 331 
164 332 299 311 330 
165 330 311 302 333 
166 331 330 333 216 
167 334 246 178 336 
168 335 334 336 242 
169 322 339 337 338 
170 339 214 327 337 
171 337 327 136 340 
172 338 337 340 325 
173 323 351 349 350 
174 351 322 338 349 
175 349 338 325 352 
176 350 349 352 212 
177 353 243 162 355 
178 354 353 355 239 
179 356 335 242 358 
180 357 356 358 243 
181 345 361 359 360 
182 361 323 350 359 
183 359 350 212 362 
184 360 359 362 348 
185 369 345 360 367 
186 367 360 348 370 
187 371 357 243 373 
188 372 371 373 353 
189 104 370 378 379 
190 370 348 380 378 
191 378 380 356 381 
192 379 378 381 357 
193 368 384 382 383 
194 384 367 385 382 
195 382 385 370 386 
196 383 382 386 104 
197 71 389 387 388 
198 389 74 109 387 
199 387 109 5 390 
200 388 387 390 75 
201 74 393 391 392 
202 393 110 206 391 
203 391 206 108 394 
204 392 391 394 109 
205 206 397 395 396 
206 396 395 398 108 
207 109 394 407 408 
208 394 108 240 407 
209 407 240 111 409 
210 408 407 409 5 
211 108 398 410 411 
212 410 354 239 412 
213 411 410 412 240 
214 413 372 353 415 
215 414 413 415 354 
216 344 406 416 417 
217 406 366 418 416 
218 416 418 371 419 
219 417 416 419 372 
220 403 422 420 421 
221 420 423 366 424 
222 421 420 424 406 
223 202 427 425 426 
224 427 129 256 425 
225 425 256 79 207 
226 426 425 207 110 
227 207 430 428 429 
228 430 79 431 428 
229 428 431 133 343 
230 429 428 343 205 
231 343 434 432 433 
232 434 133 435 432 
233 432 435 210 365 
234 433 432 365 341 
235 341 438 436 437 
236 438 365 439 436 
237 436 439 363 405 
238 437 436 405 364 
239 405 442 440 441 
240 442 363 443 440 
241 440 443 375 422 
242 441 440 422 403 
243 366 377 444 418 
244 377 104 379 444 
245 444 379 357 445 
246 418 444 445 371 
247 375 447 446 423 
248 447 374 448 446 
249 446 448 377 449 
250 423 446 449 366 
251 422 452 450 451 
252 452 375 453 450 
253 450 453 423 454 
254 451 450 454 420 
255 404 461 459 460 
256 461 403 421 459 
257 459 421 406 462 
258 460 459 462 344 
259 402 458 463 464 
260 458 344 417 463 
261 463 417 372 465 
262 464 463 465 413 
263 455 468 466 467 
264 468 404 460 466 
265 466 460 344 469 
266 467 466 469 458 
267 395 472 470 471 
268 472 342 400 470 
269 470 400 208 473 
270 471 470 473 398 
271 400 476 474 475 
272 475 474 477 208 
273 478 467 458 481 
274 479 478 481 402 
275 205 484 482 483 
276 484 343 433 482 
277 482 433 341 401 
278 483 482 401 342 
279 401 487 485 486 
280 487 341 437 485 
281 485 437 364 457 
282 486 485 457 399 
283 399 490 488 489 
284 490 457 491 488 
285 480 494 492 493 
286 494 455 495 492 
287 492 495 467 496 
288 493 492 496 478 
289 398 473 497 498 
290 473 208 414 497 
291 497 414 354 499 
292 498 497 499 410 
293 208 477 500 501 
294 477 402 464 500 
295 500 464 413 502 
296 501 500 502 414 
297 474 505 503 504 
298 503 479 402 506 
299 504 503 506 477 
300 456 509 507 508 
301 509 480 493 507 
302 507 493 478 510 
303 508 507 510 479 
304 342 513 511 512 
305 513 401 486 511 
306 511 486 399 476 
307 512 511 476 400 
308 476 516 514 515 
309 516 399 489 514 
310 515 514 505 474 
311 505 519 517 518 
312 517 508 479 520 
313 518 517 520 503 
314 514 523 521 522 
315 523 489 524 521 
316 521 524 456 519 
317 522 521 519 505 
318 519 527 525 526 
319 527 456 528 525 
320 525 528 508 529 
321 526 525 529 517 
322 21 46 530 531 
323 46 28 532 530 
324 530 532 30 533 
325 531 530 533 9 
326 37 62 534 535 
327 62 44 536 534 
328 534 536 46 537 
329 535 534 537 21 
330 53 78 538 539 
331 78 60 540 538 
332 538 540 62 541 
333 539 538 541 37 
334 69 102 542 543 
335 102 76 544 542 
336 542 544 78 545 
337 543 542 545 53 
338 546 548 76 549 
339 547 546 549 102 
340 82 164 555 556 
341 164 107 557 555 
342 562 159 563 561 
343 561 563 101 564 
344 107 172 570 557 
345 172 66 571 570 
346 570 571 159 562 
347 555 574 572 573 
348 574 557 575 572 
349 577 562 578 576 
350 576 578 561 579 
351 106 586 585 171 
352 586 149 587 585 
353 585 587 152 588 
354 171 585 588 66 
355 598 151 599 597 
356 597 599 98 600 
357 587 597 600 152 
358 64 602 601 127 
359 602 47 603 601 
360 601 603 65 96 
361 127 601 96 63 
362 63 605 604 131 
363 605 96 606 604 
364 150 609 607 608 
365 609 95 610 607 
366 607 610 151 598 
367 608 607 598 149 
368 149 613 611 612 
369 613 598 614 611 
370 611 614 597 615 
371 612 611 615 587 
372 151 623 622 599 
373 623 593 624 622 
374 622 624 596 625 
375 599 622 625 98 
376 593 631 630 624 
377 631 595 632 630 
378 630 632 50 633 
379 624 630 633 596 
380 634 635 616 636 
381 595 638 637 632 
382 638 626 639 637 
383 632 637 640 50 
384 49 642 641 93 
385 642 87 643 641 
386 641 643 90 644 
387 93 641 644 34 
388 91 646 645 591 
389 646 93 647 645 
390 645 647 34 648 
391 591 645 648 94 
392 589 650 649 628 
393 650 591 651 649 
394 649 651 94 652 
395 628 649 652 592 
396 626 654 653 639 
397 654 628 655 653 
398 653 655 592 656 
399 639 653 656 629 
400 50 640 657 658 
401 640 629 659 657 
402 657 659 634 660 
403 658 657 660 620 
404 637 663 661 662 
405 663 639 664 661 
406 661 664 629 665 
407 662 661 665 640 
408 557 667 666 575 
409 667 570 668 666 
410 666 668 562 577 
411 572 671 669 670 
412 671 575 672 669 
413 674 577 675 673 
414 673 675 576 676 
415 682 547 102 684 
416 683 682 684 69 
417 236 687 685 686 
418 687 158 551 685 
419 685 551 99 688 
420 686 685 688 238 
421 158 691 689 690 
422 691 552 566 689 
423 689 566 550 692 
424 690 689 692 551 
425 552 695 693 694 
426 695 567 581 693 
427 693 581 565 696 
428 694 693 696 566 
429 567 699 697 698 
430 698 697 700 581 
431 575 702 701 672 
432 702 666 703 701 
433 701 703 577 674 
434 669 706 704 705 
435 706 672 707 704 
436 704 707 157 679 
437 705 704 679 582 
438 582 710 708 709 
439 710 679 711 708 
440 111 241 713 714 
441 241 82 556 713 
442 713 556 158 687 
443 714 713 687 236 
444 556 717 715 716 
445 717 555 573 715 
446 715 573 552 691 
447 716 715 691 158 
448 573 720 718 719 
449 720 572 670 718 
450 718 670 567 695 
451 719 718 695 552 
452 670 723 721 722 
453 723 669 705 721 
454 721 705 582 699 
455 722 721 699 567 
456 699 726 724 725 
457 726 582 709 724 
458 724 709 678 727 
459 725 724 727 697 
460 99 554 728 729 
461 554 160 730 728 
462 728 730 546 731 
463 729 728 731 547 
464 550 569 732 733 
465 569 553 734 732 
466 732 734 160 735 
467 733 732 735 554 
468 565 584 736 737 
469 584 568 738 736 
470 736 738 553 739 
471 737 736 739 569 
472 580 681 740 741 
473 681 583 742 740 
474 740 742 568 743 
475 741 740 743 584 
476 744 746 681 747 
477 745 744 747 580 
478 709 750 748 749 
479 750 708 751 748 
480 749 748 752 678 
481 157 754 753 680 
482 754 674 755 753 
483 753 755 673 756 
484 680 753 756 583 
485 679 758 757 711 
486 758 157 759 757 
487 757 759 680 760 
488 711 757 760 677 
489 708 762 761 751 
490 762 711 763 761 
491 761 763 677 764 
492 751 761 764 712 
493 581 700 765 766 
494 700 580 741 765 
495 765 741 584 767 
496 766 765 767 565 
497 697 727 768 769 
498 727 678 745 768 
499 768 745 580 770 
500 769 768 770 700 
501 678 752 771 772 
502 752 712 773 771 
503 771 773 744 774 
504 772 771 774 745 
505 748 777 775 776 
506 777 751 778 775 
507 775 778 712 779 
508 776 775 779 752 
509 12 782 780 781 
510 782 7 113 780 
511 780 113 13 25 
512 781 780 25 10 
513 16 784 783 115 
514 784 2 785 783 
515 783 785 17 84 
516 115 783 84 15 
517 19 38 786 787 
518 38 21 531 786 
519 786 531 9 788 
520 787 786 788 22 
521 25 791 789 790 
522 791 13 117 789 
523 789 117 26 41 
524 790 789 41 23 
525 28 139 792 532 
526 139 29 793 792 
527 792 793 3 794 
528 532 792 794 30 
529 32 796 795 119 
530 796 15 797 795 
531 795 797 33 88 
532 119 795 88 31 
533 35 54 798 799 
534 54 37 535 798 
535 798 535 21 800 
536 799 798 800 38 
537 41 803 801 802 
538 803 26 121 801 
539 801 121 42 57 
540 802 801 57 39 
541 44 142 804 536 
542 142 45 805 804 
543 804 805 28 806 
544 536 804 806 46 
545 48 808 807 123 
546 808 31 809 807 
547 807 809 49 92 
548 123 807 92 47 
549 51 70 810 811 
550 70 53 539 810 
551 810 539 37 812 
552 811 810 812 54 
553 57 815 813 814 
554 815 42 125 813 
555 813 125 58 73 
556 814 813 73 55 
557 60 145 816 540 
558 145 61 817 816 
559 816 817 44 818 
560 540 816 818 62 
561 67 235 819 820 
562 235 69 543 819 
563 819 543 53 821 
564 820 819 821 70 
565 73 824 822 823 
566 824 58 203 822 
567 822 203 74 389 
568 823 822 389 71 
569 76 148 825 544 
570 148 77 826 825 
571 825 826 60 827 
572 544 825 827 78 
573 31 829 828 809 
574 829 88 830 828 
575 828 830 87 642 
576 809 828 642 49 
577 47 832 831 603 
578 832 92 833 831 
579 831 833 91 590 
580 603 831 590 65 
581 92 835 834 833 
582 835 49 836 834 
583 834 836 93 646 
584 833 834 646 91 
585 96 838 837 606 
586 838 65 839 837 
587 128 841 840 258 
588 841 131 842 840 
589 840 842 81 154 
590 258 840 154 105 
591 79 844 843 431 
592 844 134 260 843 
593 843 260 132 211 
594 431 843 211 133 
595 34 644 845 144 
596 644 90 846 845 
597 845 846 140 847 
598 144 845 847 61 
599 61 847 848 817 
600 847 140 849 848 
601 848 849 142 850 
602 817 848 850 44 
603 94 648 851 617 
604 648 34 852 851 
605 851 852 144 853 
606 617 851 853 143 
607 77 618 854 826 
608 618 143 855 854 
609 854 855 145 856 
610 826 854 856 60 
611 857 858 148 859 
612 548 857 859 76 
613 81 861 860 155 
614 861 150 608 860 
615 860 608 149 586 
616 155 860 586 106 
617 105 863 862 262 
618 863 154 864 862 
619 862 864 153 174 
620 262 862 174 135 
621 132 867 865 866 
622 867 167 264 865 
623 865 264 165 215 
624 866 865 215 166 
625 135 869 868 266 
626 869 174 870 868 
627 868 870 173 190 
628 266 868 190 168 
629 203 873 871 872 
630 873 202 426 871 
631 871 426 110 393 
632 872 871 393 74 
633 110 876 874 875 
634 876 207 429 874 
635 874 429 205 397 
636 875 874 397 206 
637 133 878 877 435 
638 878 211 879 877 
639 877 879 209 347 
640 435 877 347 210 
641 211 881 880 879 
642 881 132 866 880 
643 880 866 166 324 
644 879 880 324 209 
645 215 884 882 883 
646 884 165 281 882 
647 882 281 182 301 
648 883 882 301 213 
649 75 390 885 886 
650 390 5 237 885 
651 885 237 100 887 
652 886 885 887 233 
653 233 887 888 889 
654 887 100 683 888 
655 888 683 69 890 
656 889 888 890 235 
657 5 409 891 892 
658 409 111 714 891 
659 891 714 236 893 
660 892 891 893 237 
661 237 893 894 895 
662 893 236 686 894 
663 894 686 238 896 
664 895 894 896 100 
665 136 329 897 898 
666 329 216 308 897 
667 897 308 245 899 
668 898 897 899 246 
669 272 901 900 293 
670 901 271 902 900 
671 900 902 230 277 
672 293 900 277 198 
673 301 905 903 904 
674 905 182 315 903 
675 903 315 218 312 
676 904 903 312 299 
677 325 340 906 907 
678 340 136 898 906 
679 906 898 246 908 
680 907 906 908 334 
681 348 362 909 380 
682 362 212 910 909 
683 909 910 335 911 
684 380 909 911 356 
685 365 913 912 439 
686 913 210 914 912 
687 912 914 346 376 
688 439 912 376 363 
689 363 916 915 443 
690 916 376 917 915 
691 915 917 374 447 
692 443 915 447 375 
693 374 919 918 448 
694 919 368 383 918 
695 918 383 104 920 
696 448 918 920 377 
697 397 923 921 922 
698 923 205 483 921 
699 921 483 342 472 
700 922 921 472 395 
701 364 926 924 925 
702 926 405 441 924 
703 924 441 403 461 
704 925 924 461 404 
705 457 928 927 491 
706 928 364 925 927 
707 927 925 404 468 
708 491 927 468 455 
709 489 930 929 524 
710 930 488 931 929 
711 929 931 480 509 
712 524 929 509 456 
713 160 564 932 730 
714 564 101 933 932 
715 932 933 548 934 
716 730 932 934 546 
717 551 692 935 936 
718 692 550 733 935 
719 935 733 554 937 
720 936 935 937 99 
721 66 588 938 571 
722 588 152 939 938 
723 938 939 558 940 
724 571 938 940 159 
725 152 600 941 939 
726 600 98 942 941 
727 941 942 559 943 
728 939 941 943 558 
729 159 940 944 563 
730 940 558 945 944 
731 944 945 560 946 
732 563 944 946 101 
733 553 579 947 734 
734 579 561 948 947 
735 947 948 564 949 
736 734 947 949 160 
737 566 696 950 951 
738 696 565 737 950 
739 950 737 569 952 
740 951 950 952 550 
741 568 676 953 738 
742 676 576 954 953 
743 953 954 579 955 
744 738 953 955 553 
745 65 957 956 839 
746 957 590 958 956 
747 956 958 589 627 
748 590 960 959 958 
749 960 91 961 959 
750 959 961 591 650 
751 958 959 650 589 
752 95 963 962 610 
753 963 594 964 962 
754 962 964 593 623 
755 610 962 623 151 
756 594 966 965 964 
757 966 97 967 965 
758 965 967 595 631 
759 964 965 631 593 
760 131 969 968 842 
761 969 604 970 968 
762 968 970 150 861 
763 842 968 861 81 
764 592 652 971 635 
765 652 94 972 971 
766 971 972 617 973 
767 635 971 973 616 
768 98 625 974 942 
769 625 596 975 974 
770 974 975 619 976 
771 942 974 976 559 
772 596 633 977 975 
773 633 50 658 977 
774 977 658 620 978 
775 975 977 978 619 
776 97 980 979 967 
777 980 627 981 979 
778 979 981 626 638 
779 967 979 638 595 
780 627 983 982 981 
781 983 589 984 982 
782 982 984 628 654 
783 981 982 654 626 
784 629 656 985 659 
785 656 592 986 985 
786 985 986 635 987 
787 659 985 987 634 
788 583 756 988 742 
789 756 673 989 988 
790 988 989 676 990 
791 742 988 990 568 
792 677 760 991 746 
793 760 680 992 991 
794 991 992 583 993 
795 746 991 993 681 
796 238 688 994 995 
797 688 99 729 994 
798 994 729 547 996 
799 995 994 996 682 
800 672 998 997 707 
801 998 701 999 997 
802 997 999 674 754 
803 707 997 754 157 
804 712 764 1000 773 
805 764 677 1001 1000 
806 1000 1001 746 1002 
807 773 1000 1002 744 
808 143 853 1003 855 
809 853 144 1004 1003 
810 1003 1004 61 1005 
811 855 1003 1005 145 
812 1006 1007 77 1008 
813 858 1006 1008 148 
814 166 1011 1009 1010 
815 1011 215 883 1009 
816 1009 883 213 328 
817 1010 1009 328 214 
818 213 1014 1012 1013 
819 1014 301 904 1012 
820 1012 904 299 332 
821 1013 1012 332 300 
822 324 1017 1015 1016 
823 1017 166 1010 1015 
824 1015 1010 214 339 
825 1016 1015 339 322 
826 212 352 1018 910 
827 352 325 907 1018 
828 1018 907 334 1019 
829 910 1018 1019 335 
830 210 1021 1020 914 
831 1021 347 1022 1020 
832 1020 1022 345 369 
833 914 1020 369 346 
834 347 1024 1023 1022 
835 1024 209 1025 1023 
836 1023 1025 323 361 
837 1022 1023 361 345 
838 376 1027 1026 917 
839 1027 346 1028 1026 
840 1026 1028 368 919 
841 917 1026 919 374 
842 488 1030 1029 931 
843 1030 491 1031 1029 
844 1029 1031 455 494 
845 931 1029 494 480 
846 558 943 1032 945 
847 943 559 1033 1032 
848 1032 1033 146 1034 
849 945 1032 1034 560 
850 604 1036 1035 970 
851 1036 606 1037 1035 
852 1035 1037 95 609 
853 970 1035 609 150 
854 636 616 1039 1038 
855 1038 1039 618 1040 
856 1007 1038 1040 77 
857 559 976 1041 1033 
858 976 619 1042 1041 
859 1041 1042 621 1043 
860 1033 1041 1043 146 
861 100 896 1044 1045 
862 896 238 995 1044 
863 1044 995 682 1046 
864 1045 1044 1046 683 
865 606 1048 1047 1037 
866 1048 837 1049 1047 
867 1047 1049 594 963 
868 1037 1047 963 95 
869 101 946 1050 933 
870 946 560 1051 1050 
871 1050 1051 857 1052 
872 933 1050 1052 548 
873 560 1034 1053 1051 
874 1034 146 1054 1053 
875 1053 1054 858 1055 
876 1051 1053 1055 857 
877 209 1057 1056 1025 
878 1057 324 1016 1056 
879 1056 1016 322 351 
880 1025 1056 351 323 
881 346 1059 1058 1028 
882 1059 369 1060 1058 
883 1058 1060 367 384 
884 1028 1058 384 368 
885 616 973 1061 1039 
886 973 617 1062 1061 
887 1061 1062 143 1063 
888 1039 1061 1063 618 
889 619 978 1064 1042 
890 978 620 1065 1064 
891 1064 1065 147 1066 
892 1042 1064 1066 621 
893 620 660 1067 1065 
894 660 634 1068 1067 
895 1067 1068 636 1069 
896 1065 1067 1069 147 
897 837 1071 1070 1049 
898 1071 839 1072 1070 
899 1070 1072 97 966 
900 1049 1070 966 594 
901 839 1074 1073 1072 
902 1074 956 1075 1073 
903 1073 1075 627 980 
904 1072 1073 980 97 
905 146 1043 1076 1054 
906 1043 621 1077 1076 
907 1076 1077 1006 1078 
908 1054 1076 1078 858 
909 621 1066 1079 1077 
910 1066 147 1080 1079 
911 1079 1080 1007 1081 
912 1077 1079 1081 1006 
913 147 1069 1082 1080 
914 1069 636 1083 1082 
915 1082 1083 1038 1084 
916 1080 1082 1084 1007 
