2 0.000000 100.000000 407.315828
880 742 
1 -79.021551 0.000000 -81.151989 99.935348 -0.002077 3.490718 0.000074 
2 92.672542 0.000000 -81.151989 99.936284 -0.013959 3.468634 0.000071 
3 92.672542 0.000000 85.501989 99.943143 0.014744 3.466711 -0.000065 
4 -79.021551 0.000000 85.501989 99.942978 0.002317 3.490546 -0.000078 
5 6.825495 0.000000 2.175000 101.311046 0.018202 -3.255427 -0.027453 
6 -79.021551 0.000000 2.175000 99.939405 0.000187 3.495196 -0.000010 
7 6.825495 0.000000 -81.151989 99.928190 -0.007904 3.478441 0.000226 
8 92.672542 0.000000 2.175000 100.072532 -1.019713 -0.333423 -0.001566 
9 6.825495 0.000000 85.501989 99.950131 0.008183 3.478344 -0.000213 
10 -36.098028 0.000000 -39.488495 99.923202 -0.003927 3.492957 0.000315 
11 -79.021551 0.000000 -39.488495 99.935467 -0.001358 3.493193 0.000070 
12 -36.098028 0.000000 -81.151989 99.931140 -0.004103 3.487861 0.000160 
13 6.825495 0.000000 -39.488495 99.895076 -0.015360 3.440154 0.000914 
14 -36.098028 0.000000 2.175000 99.941123 0.000463 3.512467 -0.000057 
15 49.749019 0.000000 -39.488495 99.928703 -0.028307 3.403930 0.000267 
16 49.749019 0.000000 -81.151989 99.932237 -0.011854 3.470226 0.000151 
17 92.672542 0.000000 -39.488495 99.938494 -0.030598 3.409989 0.000067 
18 49.749019 0.000000 2.175000 100.124944 1.995691 -1.838036 -0.003237 
19 -36.098028 0.000000 43.838495 99.955355 0.004438 3.491878 -0.000327 
20 -79.021551 0.000000 43.838495 99.943086 0.001678 3.492953 -0.000082 
21 6.825495 0.000000 43.838495 99.981416 0.015438 3.442676 -0.000814 
22 -36.098028 0.000000 85.501989 99.947122 0.004393 3.487587 -0.000159 
23 -14.636266 0.000000 -18.656747 99.867421 -0.006954 3.502039 0.001423 
24 -36.098028 0.000000 -18.656747 99.923515 -0.002458 3.503810 0.000301 
25 -14.636266 0.000000 -39.488495 99.905416 -0.007782 3.480075 0.000680 
26 6.825495 0.000000 -18.656747 99.765541 -0.028555 3.268995 0.003615 
27 -14.636266 0.000000 2.175000 99.955008 0.001241 3.592444 -0.000391 
28 49.749019 0.000000 43.838495 99.954297 0.028578 3.401272 -0.000243 
29 92.672542 0.000000 43.838495 99.945366 0.033018 3.395313 -0.000061 
30 49.749019 0.000000 85.501989 99.946776 0.012242 3.469664 -0.000140 
31 28.287257 0.000000 -18.656747 99.903896 -0.058271 3.153561 0.000926 
32 28.287257 0.000000 -39.488495 99.912981 -0.023744 3.408956 0.000577 
33 49.749019 0.000000 -18.656747 99.937783 -0.063454 3.178578 0.000233 
34 28.287257 0.000000 2.175000 100.079191 0.757253 -0.521119 -0.001669 
35 -14.636266 0.000000 23.006747 100.009410 0.008160 3.494304 -0.001409 
36 -36.098028 0.000000 23.006747 99.956598 0.003216 3.501992 -0.000359 
37 6.825495 0.000000 23.006747 100.090846 0.027401 3.302773 -0.002909 
38 -14.636266 0.000000 43.838495 99.971700 0.008298 3.478969 -0.000644 
39 -3.905385 0.000000 -8.240874 99.597813 -0.010777 3.533563 0.006779 
40 -14.636266 0.000000 -8.240874 99.867468 -0.003977 3.554367 0.001386 
41 -3.905385 0.000000 -18.656747 99.789876 -0.013686 3.438665 0.003016 
42 6.825495 0.000000 -8.240874 99.340815 -0.044040 2.579185 0.012475 
43 -3.905385 0.000000 2.175000 100.096799 0.002906 3.999256 -0.003536 
44 28.287257 0.000000 23.006747 99.991709 0.053627 3.177214 -0.000844 
45 49.749019 0.000000 23.006747 99.961522 0.062801 3.160071 -0.000230 
46 28.287257 0.000000 43.838495 99.967695 0.023455 3.411545 -0.000518 
47 17.556376 0.000000 -8.240874 99.836323 -0.121132 2.350166 0.002717 
48 17.556376 0.000000 -18.656747 99.846703 -0.047324 3.163834 0.002062 
49 28.287257 0.000000 -8.240874 99.937018 -0.137319 2.439982 0.000662 
50 17.556376 0.000000 2.175000 100.094653 0.615611 -0.349468 -0.001944 
51 -3.905385 0.000000 12.590874 100.240730 0.013802 3.473672 -0.006027 
52 -14.636266 0.000000 12.590874 100.021498 0.005959 3.538199 -0.001682 
53 6.825495 0.000000 12.590874 100.395236 0.042487 2.845110 -0.008730 
54 -3.905385 0.000000 23.006747 100.070793 0.014887 3.434941 -0.002596 
55 1.460055 0.000000 -3.032937 98.155494 -0.010900 3.627059 0.035234 
56 -3.905385 0.000000 -3.032937 99.589506 -0.005091 3.817021 0.006736 
57 1.460055 0.000000 -8.240874 99.289945 -0.020520 3.201893 0.013125 
58 6.825495 0.000000 -3.032937 98.503834 -0.043506 0.488640 0.029675 
59 1.460055 0.000000 2.175000 102.182058 0.005581 5.968900 -0.047680 
60 17.556376 0.000000 12.590874 100.092527 0.092604 2.580041 -0.002518 
61 28.287257 0.000000 12.590874 100.007358 0.113442 2.556932 -0.000802 
62 17.556376 0.000000 23.006747 100.036583 0.042964 3.206680 -0.001760 
63 12.190936 0.000000 -3.032937 99.770012 -0.223262 0.774900 0.004529 
64 12.190936 0.000000 -8.240874 99.669263 -0.087734 2.345612 0.006053 
65 17.556376 0.000000 -3.032937 99.930546 -0.315409 0.982998 0.001282 
66 12.190936 0.000000 2.175000 100.025165 0.505316 -0.515765 -0.000556 
67 1.460055 0.000000 7.382937 101.059428 0.019973 3.208929 -0.022331 
68 -3.905385 0.000000 7.382937 100.348410 0.009981 3.652631 -0.008315 
69 6.825495 0.000000 7.382937 100.942545 0.052352 1.823331 -0.019272 
70 1.460055 0.000000 12.590874 100.418069 0.023705 3.229205 -0.009422 
71 4.142775 0.000000 -0.428968 92.725804 0.000681 0.117729 0.140191 
72 1.460055 0.000000 -0.428968 97.747845 -0.002107 5.735595 0.041246 
73 4.142775 0.000000 -3.032937 97.522066 -0.019120 1.912484 0.048579 
74 6.825495 0.000000 -0.428968 98.492774 -0.007707 -3.235920 0.028870 
75 4.142775 0.000000 2.175000 107.793112 0.004253 -0.194313 -0.161939 
76 12.190936 0.000000 7.382937 100.278417 0.130776 1.555595 -0.005820 
77 17.556376 0.000000 7.382937 100.097022 0.183678 1.596479 -0.002200 
78 12.190936 0.000000 12.590874 100.215105 0.068442 2.635944 -0.005002 
79 9.508216 0.000000 -0.428968 100.454186 -0.082899 -1.515808 -0.009335 
80 9.508216 0.000000 -3.032937 99.467626 -0.108526 0.510513 0.010592 
81 12.190936 0.000000 -0.428968 99.939479 -0.816566 -0.808411 0.001078 
82 9.508216 0.000000 2.175000 99.512705 -0.000000 -1.399775 0.009526 
83 71.210780 0.000000 -18.656747 99.944593 -0.063108 3.201752 0.000082 
84 71.210780 0.000000 -39.488495 99.935609 -0.030055 3.406517 0.000127 
85 92.672542 0.000000 -18.656747 99.946315 -0.061677 3.220911 0.000036 
86 71.210780 0.000000 2.175000 100.175557 -2.819516 -3.281498 -0.005386 
87 39.018138 0.000000 -8.240874 99.957807 -0.136348 2.507028 0.000213 
88 39.018138 0.000000 -18.656747 99.927715 -0.062249 3.165189 0.000443 
89 49.749019 0.000000 -8.240874 99.963911 -0.132808 2.564507 0.000062 
90 39.018138 0.000000 2.175000 100.093693 1.119089 -0.945494 -0.002089 
91 22.921817 0.000000 -3.032937 99.977242 -0.320567 1.118258 0.000320 
92 22.921817 0.000000 -8.240874 99.907475 -0.134290 2.397971 0.001273 
93 28.287257 0.000000 -3.032937 99.996207 -0.313182 1.216657 -0.000082 
94 22.921817 0.000000 2.175000 100.074036 0.658067 -0.403951 -0.001541 
95 14.873656 0.000000 -0.428968 99.988530 -0.924928 -0.703096 0.000094 
96 14.873656 0.000000 -3.032937 99.871501 -0.289430 0.893023 0.002480 
97 17.556376 0.000000 -0.428968 100.039941 -0.963007 -0.528429 -0.000920 
98 14.873656 0.000000 2.175000 100.077811 0.638566 -0.354333 -0.001610 
99 9.508216 0.000000 4.778968 100.491273 0.124821 0.354594 -0.009864 
100 6.825495 0.000000 4.778968 101.462579 0.048942 0.329408 -0.029477 
101 12.190936 0.000000 4.778968 100.203622 0.246389 0.588688 -0.004117 
102 9.508216 0.000000 7.382937 100.523640 0.088803 1.582813 -0.010752 
103 10.849576 0.000000 0.873016 100.398231 2.864112 -9.540519 -0.017903 
104 9.508216 0.000000 0.873016 97.755164 0.015643 -0.405582 0.044376 
105 10.849576 0.000000 -0.428968 100.038426 -0.463765 -0.898951 -0.000871 
106 12.190936 0.000000 0.873016 99.814559 4.412170 -7.377356 -0.003684 
107 10.849576 0.000000 2.175000 99.896055 0.147837 -0.657939 0.002032 
108 8.166856 0.000000 0.873016 99.757919 -0.005848 -5.075905 0.002259 
109 6.825495 0.000000 0.873016 99.766586 -0.012070 -6.058109 0.000993 
110 8.166856 0.000000 -0.428968 99.718093 -0.023400 -2.658886 0.004923 
111 8.166856 0.000000 2.175000 100.136329 0.049677 -2.453622 -0.003331 
112 28.287257 0.000000 -60.320242 99.923945 -0.014254 3.457698 0.000325 
113 6.825495 0.000000 -60.320242 99.919627 -0.010444 3.468902 0.000403 
114 28.287257 0.000000 -81.151989 99.929673 -0.010058 3.473364 0.000200 
115 49.749019 0.000000 -60.320242 99.929993 -0.017059 3.452768 0.000207 
116 17.556376 0.000000 -29.072621 99.880687 -0.028199 3.355306 0.001259 
117 6.825495 0.000000 -29.072621 99.859940 -0.020028 3.397642 0.001645 
118 17.556376 0.000000 -39.488495 99.902288 -0.019881 3.420378 0.000783 
119 28.287257 0.000000 -29.072621 99.905659 -0.034444 3.338892 0.000771 
120 12.190936 0.000000 -13.448810 99.740384 -0.053303 2.950397 0.004315 
121 6.825495 0.000000 -13.448810 99.640215 -0.035625 3.084737 0.006231 
122 12.190936 0.000000 -18.656747 99.802885 -0.038240 3.198916 0.002915 
123 17.556376 0.000000 -13.448810 99.829683 -0.069659 2.914173 0.002554 
124 9.508216 0.000000 -5.636905 99.427784 -0.080866 1.728843 0.011112 
125 6.825495 0.000000 -5.636905 99.029091 -0.048190 1.949287 0.018944 
126 9.508216 0.000000 -8.240874 99.516698 -0.064838 2.405713 0.009064 
127 12.190936 0.000000 -5.636905 99.672409 -0.128925 1.721674 0.006243 
128 10.849576 0.000000 -1.730953 99.843441 -0.240554 -0.035243 0.003123 
129 9.508216 0.000000 -1.730953 99.695154 -0.121104 -0.423687 0.006068 
130 10.849576 0.000000 -3.032937 99.666560 -0.166189 0.660848 0.006611 
131 12.190936 0.000000 -1.730953 99.861108 -0.360948 0.100269 0.002762 
132 10.178896 0.000000 0.222024 100.386397 -0.087182 -1.456720 -0.007956 
133 9.508216 0.000000 0.222024 101.392780 0.029580 -2.041900 -0.028467 
134 10.178896 0.000000 -0.428968 100.240653 -0.209207 -1.022358 -0.004928 
135 10.849576 0.000000 0.222024 99.859615 -0.974532 -1.970867 0.002322 
136 10.178896 0.000000 0.873016 99.671236 0.066103 -0.188442 0.006560 
137 71.210780 0.000000 23.006747 99.955126 0.067151 3.142586 -0.000091 
138 92.672542 0.000000 23.006747 99.953726 0.070491 3.120859 -0.000049 
139 71.210780 0.000000 43.838495 99.948041 0.031339 3.397842 -0.000116 
140 39.018138 0.000000 12.590874 99.987050 0.122033 2.525719 -0.000380 
141 49.749019 0.000000 12.590874 99.980621 0.127726 2.487240 -0.000233 
142 39.018138 0.000000 23.006747 99.970852 0.059365 3.167462 -0.000421 
143 22.921817 0.000000 7.382937 100.044973 0.203787 1.600115 -0.001160 
144 28.287257 0.000000 7.382937 100.027258 0.214792 1.574473 -0.000798 
145 22.921817 0.000000 12.590874 100.034858 0.105930 2.567742 -0.001358 
146 14.873656 0.000000 4.778968 100.128787 0.314872 0.712435 -0.002638 
147 17.556376 0.000000 4.778968 100.090426 0.337584 0.755213 -0.001878 
148 14.873656 0.000000 7.382937 100.157591 0.163022 1.581018 -0.003407 
149 13.532296 0.000000 0.873016 99.915981 4.205176 -5.732758 -0.003375 
150 13.532296 0.000000 -0.428968 99.950072 -0.898051 -0.764328 0.000859 
151 14.873656 0.000000 0.873016 99.965374 3.687743 -5.005081 -0.003173 
152 13.532296 0.000000 2.175000 100.059897 0.578869 -0.439999 -0.001251 
153 11.520256 0.000000 0.222024 99.928145 -1.618622 -2.194969 0.000693 
154 11.520256 0.000000 -0.428968 99.965694 -0.700239 -0.855793 0.000564 
155 12.190936 0.000000 0.222024 99.932066 -1.759088 -2.262015 0.000537 
156 11.520256 0.000000 0.873016 99.797024 4.600263 -7.647539 -0.003909 
157 10.849576 0.000000 3.476984 100.125587 0.238114 -0.125812 -0.002521 
158 9.508216 0.000000 3.476984 100.260087 0.219034 -0.523905 -0.005241 
159 12.190936 0.000000 3.476984 100.123224 0.566459 0.126577 -0.002500 
160 10.849576 0.000000 4.778968 100.296812 0.188029 0.491350 -0.005973 
161 10.178896 0.000000 1.524008 99.399769 0.000000 -0.883275 0.011891 
162 9.508216 0.000000 1.524008 98.646362 0.000000 -1.484197 0.026669 
163 10.849576 0.000000 1.524008 99.939724 0.365789 -1.017650 0.001088 
164 10.178896 0.000000 2.175000 99.648578 0.000000 -0.887466 0.006937 
165 10.514236 0.000000 0.547520 99.156695 -0.066069 -2.355141 0.016240 
166 10.178896 0.000000 0.547520 100.269572 0.201018 -1.742394 -0.005706 
167 10.514236 0.000000 0.222024 99.982266 -0.400735 -1.605610 0.000081 
168 10.849576 0.000000 0.547520 99.295133 -2.214180 -4.530079 0.011505 
169 10.514236 0.000000 0.873016 101.426758 0.206698 -0.328802 -0.028754 
170 11.520256 0.000000 1.524008 99.967167 0.920284 -1.108141 0.000449 
171 12.190936 0.000000 1.524008 99.986866 1.086382 -1.083055 0.000027 
172 11.520256 0.000000 2.175000 99.980146 0.393257 -0.546241 0.000352 
173 11.184916 0.000000 0.547520 99.791280 -3.262561 -4.817360 0.000785 
174 11.184916 0.000000 0.222024 99.909798 -1.413975 -2.137150 0.001147 
175 11.520256 0.000000 0.547520 99.839535 -3.553429 -4.969181 -0.000525 
176 11.184916 0.000000 0.873016 99.746511 4.653853 -8.054366 -0.003590 
177 10.514236 0.000000 1.198512 100.147046 -0.000000 -1.045962 -0.003052 
178 10.178896 0.000000 1.198512 99.456025 -0.000000 -0.649127 0.010808 
179 10.849576 0.000000 1.198512 100.215340 1.004732 -1.826919 -0.004746 
180 10.514236 0.000000 1.524008 99.717973 -0.000000 -0.934095 0.005545 
181 10.681906 0.000000 0.710268 99.647870 1.542721 0.000000 0.006792 
182 10.514236 0.000000 0.710268 99.894899 0.920242 0.000000 0.002016 
183 10.681906 0.000000 0.547520 98.803165 -0.927023 -3.566651 0.022435 
184 10.849576 0.000000 0.710268 98.903429 -3.133514 -9.892108 0.011044 
185 10.681906 0.000000 0.873016 104.784338 0.493245 -3.325352 -0.099106 
186 11.184916 0.000000 1.198512 99.996236 1.758871 -1.989427 -0.000630 
187 11.520256 0.000000 1.198512 99.957466 1.550737 -2.209822 0.000122 
188 11.184916 0.000000 1.524008 99.957788 0.719578 -1.077780 0.000676 
189 11.017246 0.000000 0.710268 99.501830 -3.660806 -9.990815 -0.001383 
190 11.017246 0.000000 0.547520 99.665778 -2.934382 -4.756481 0.003550 
191 11.184916 0.000000 0.710268 99.576485 -3.637672 -10.320914 -0.003523 
192 11.017246 0.000000 0.873016 99.835065 4.304256 -8.172807 -0.005236 
193 10.681906 0.000000 1.035764 101.225971 0.000000 -2.515755 -0.025303 
194 10.514236 0.000000 1.035764 100.821186 -0.000000 -1.136135 -0.016620 
195 10.849576 0.000000 1.035764 100.516973 1.963339 -3.461990 -0.011950 
196 10.681906 0.000000 1.198512 100.287809 0.000000 -1.494833 -0.005988 
197 10.765741 0.000000 0.791642 102.315435 1.031406 -2.371249 -0.047513 
198 10.681906 0.000000 0.791642 104.028288 0.909759 -2.266956 -0.082785 
199 10.765741 0.000000 0.710268 97.239158 -1.761883 -9.480057 0.045157 
200 10.849576 0.000000 0.791642 99.402401 -0.026251 -13.782924 -0.007081 
201 10.765741 0.000000 0.873016 108.139094 0.000000 -7.054602 -0.174383 
202 8.166856 0.000000 -1.730953 99.210427 -0.057829 -0.823155 0.015661 
203 6.825495 0.000000 -1.730953 98.342721 -0.030890 -0.868412 0.032795 
204 8.166856 0.000000 -3.032937 99.068318 -0.068123 0.380707 0.018532 
205 8.837536 0.000000 0.222024 101.149868 0.010183 -3.937206 -0.024680 
206 8.166856 0.000000 0.222024 99.960543 0.001940 -4.272926 -0.001037 
207 8.837536 0.000000 -0.428968 100.254214 -0.040958 -2.229324 -0.005588 
208 8.837536 0.000000 0.873016 98.447322 -0.000000 -7.393702 0.025346 
209 9.843556 0.000000 0.547520 101.085262 0.156824 -1.717938 -0.022121 
210 9.508216 0.000000 0.547520 102.092399 0.093323 -2.177310 -0.042761 
211 9.843556 0.000000 0.222024 100.891903 0.013529 -1.541992 -0.018155 
212 9.843556 0.000000 0.873016 99.030936 0.033567 0.007502 0.019287 
213 10.346566 0.000000 0.710268 99.917617 0.433126 0.000000 0.001628 
214 10.178896 0.000000 0.710268 99.912691 0.263613 0.000000 0.001738 
215 10.346566 0.000000 0.547520 99.780700 0.167899 -1.849522 0.004036 
216 10.346566 0.000000 0.873016 100.202310 0.090170 -0.166783 -0.004054 
217 10.598071 0.000000 0.791642 101.379519 0.844015 -0.161136 -0.027855 
218 10.514236 0.000000 0.791642 100.729966 0.518338 -0.037385 -0.014680 
219 10.598071 0.000000 0.710268 99.711894 1.431217 0.000000 0.005549 
220 10.598071 0.000000 0.873016 102.824677 0.436564 -0.962579 -0.057403 
221 11.017246 0.000000 1.035764 100.094749 2.668061 -3.665553 -0.003951 
222 11.184916 0.000000 1.035764 99.959426 3.042410 -3.633866 -0.001435 
223 11.017246 0.000000 1.198512 100.075009 1.493034 -1.965220 -0.002110 
224 10.765741 0.000000 0.954390 102.468758 0.000000 -4.140562 -0.051699 
225 10.681906 0.000000 0.954390 102.324232 0.000000 -3.507372 -0.048255 
226 10.849576 0.000000 0.954390 100.606888 3.511370 -5.539893 -0.016477 
227 10.765741 0.000000 1.035764 100.998986 0.000000 -2.474181 -0.020692 
228 10.723823 0.000000 0.832329 104.867440 0.682192 -3.751130 -0.101172 
229 10.681906 0.000000 0.832329 104.836490 0.695991 -2.981072 -0.100006 
230 10.723823 0.000000 0.791642 102.684859 1.064688 -2.090626 -0.054968 
231 10.765741 0.000000 0.832329 104.713108 0.656520 -3.944096 -0.098082 
232 10.723823 0.000000 0.873016 105.034785 0.398026 -4.173979 -0.104989 
233 4.142775 0.000000 4.778968 102.605591 0.023140 1.806275 -0.053117 
234 1.460055 0.000000 4.778968 101.828449 0.013976 3.644742 -0.038232 
235 4.142775 0.000000 7.382937 101.281942 0.031100 2.480365 -0.026418 
236 8.166856 0.000000 3.476984 100.712944 0.075082 -0.907964 -0.014393 
237 6.825495 0.000000 3.476984 101.605209 0.040054 -1.023371 -0.032467 
238 8.166856 0.000000 4.778968 100.920871 0.077956 0.199524 -0.018507 
239 8.837536 0.000000 1.524008 98.860844 0.055057 -3.030629 0.021735 
240 8.166856 0.000000 1.524008 99.762842 0.022925 -3.574729 0.003460 
241 8.837536 0.000000 2.175000 99.694884 0.104835 -2.005168 0.005690 
242 9.843556 0.000000 1.198512 98.764264 -0.000000 -0.739030 0.024507 
243 9.508216 0.000000 1.198512 97.949203 0.000000 -1.204154 0.040450 
244 9.843556 0.000000 1.524008 99.026329 0.000000 -1.059207 0.019266 
245 10.346566 0.000000 1.035764 100.032001 -0.000000 -0.599202 -0.000676 
246 10.178896 0.000000 1.035764 99.545587 0.000000 -0.471568 0.009045 
247 10.346566 0.000000 1.198512 99.823628 -0.000000 -0.780886 0.003463 
248 10.598071 0.000000 0.954390 102.083435 -0.000000 -2.078242 -0.042535 
249 10.514236 0.000000 0.954390 101.338442 -0.000000 -1.103800 -0.027070 
250 10.598071 0.000000 1.035764 101.132368 -0.000000 -1.719002 -0.023071 
251 10.639988 0.000000 0.832329 103.602577 0.751716 -1.564657 -0.073651 
252 10.598071 0.000000 0.832329 102.216165 0.770277 -0.486124 -0.044897 
253 10.639988 0.000000 0.791642 102.607061 0.958741 -0.896982 -0.052993 
254 10.639988 0.000000 0.873016 103.595784 0.564186 -1.975955 -0.073631 
255 10.178896 0.000000 -1.079961 99.997614 -0.199724 -0.628317 0.000004 
256 9.508216 0.000000 -1.079961 99.976060 -0.117495 -0.919482 0.000393 
257 10.178896 0.000000 -1.730953 99.810853 -0.175133 -0.179294 0.003773 
258 10.849576 0.000000 -1.079961 99.956618 -0.314965 -0.441595 0.000838 
259 10.514236 0.000000 -0.103472 100.138312 -0.369667 -1.165153 -0.002918 
260 10.178896 0.000000 -0.103472 100.352479 -0.184868 -1.229470 -0.007217 
261 10.514236 0.000000 -0.428968 100.122876 -0.326605 -0.932926 -0.002557 
262 10.849576 0.000000 -0.103472 100.015419 -0.622677 -1.228618 -0.000498 
263 10.681906 0.000000 0.384772 99.585780 -0.814051 -2.539279 0.007556 
264 10.514236 0.000000 0.384772 99.725221 -0.343932 -2.109478 0.005031 
265 10.681906 0.000000 0.222024 99.879611 -0.674354 -1.788988 0.002041 
266 10.849576 0.000000 0.384772 99.657360 -1.359388 -2.920556 0.005803 
267 10.765741 0.000000 0.628894 98.340512 -1.891242 -5.586965 0.029435 
268 10.681906 0.000000 0.628894 97.746569 -0.653487 -4.235767 0.042724 
269 10.765741 0.000000 0.547520 99.000485 -1.604828 -4.176141 0.017889 
270 10.849576 0.000000 0.628894 99.049110 -2.867564 -6.112335 0.014369 
271 10.723823 0.000000 0.750955 99.647330 1.522351 0.000000 0.006809 
272 10.681906 0.000000 0.750955 100.366526 1.447502 -0.353819 -0.007566 
273 10.723823 0.000000 0.710268 99.642800 1.333041 0.000000 0.006954 
274 10.765741 0.000000 0.750955 99.643016 1.332406 0.000000 0.006949 
275 10.702865 0.000000 0.811985 103.627536 0.830002 -3.233440 -0.074981 
276 10.681906 0.000000 0.811985 104.196584 0.868294 -2.403266 -0.086346 
277 10.702865 0.000000 0.791642 103.322931 0.857809 -3.207971 -0.068665 
278 10.723823 0.000000 0.811985 103.498322 0.915470 -2.554617 -0.071927 
279 10.702865 0.000000 0.832329 105.153776 0.643957 -3.747287 -0.107177 
280 10.598071 0.000000 0.628894 98.013901 0.110511 -2.721437 0.038586 
281 10.514236 0.000000 0.628894 98.670300 0.364679 -1.862413 0.026057 
282 10.598071 0.000000 0.547520 98.877272 -0.383571 -2.880746 0.021484 
283 10.639988 0.000000 0.750955 99.673676 1.517342 0.000000 0.006286 
284 10.598071 0.000000 0.750955 99.722035 1.464599 0.000000 0.005337 
285 10.639988 0.000000 0.710268 99.666088 1.657641 0.000000 0.006392 
286 10.660947 0.000000 0.811985 103.416468 0.929975 -1.619557 -0.069845 
287 10.639988 0.000000 0.811985 102.850583 0.936165 -1.176504 -0.058050 
288 10.660947 0.000000 0.791642 103.176247 1.000879 -1.498403 -0.064858 
289 10.660947 0.000000 0.832329 104.121082 0.729755 -2.111027 -0.084619 
290 10.660947 0.000000 0.771298 101.975328 1.115940 -1.212208 -0.040168 
291 10.639988 0.000000 0.771298 101.644545 1.165387 -0.810313 -0.033363 
292 10.660947 0.000000 0.750955 100.170733 1.431881 -0.181887 -0.003626 
293 10.681906 0.000000 0.771298 102.118739 1.138035 -1.448625 -0.043163 
294 10.671426 0.000000 0.801814 103.995106 0.962486 -2.098762 -0.082031 
295 10.660947 0.000000 0.801814 104.016437 0.942591 -1.984103 -0.082424 
296 10.671426 0.000000 0.791642 103.276378 1.008809 -1.806079 -0.067029 
297 10.681906 0.000000 0.801814 104.419054 0.861150 -2.474436 -0.091020 
298 10.671426 0.000000 0.811985 103.514637 0.945547 -1.967214 -0.072004 
299 10.430401 0.000000 0.791642 100.363624 0.321832 -0.048808 -0.007296 
300 10.346566 0.000000 0.791642 100.128985 0.237008 -0.029276 -0.002587 
301 10.430401 0.000000 0.710268 99.913444 0.586520 0.000000 0.001696 
302 10.430401 0.000000 0.873016 100.651452 0.140406 -0.207009 -0.013078 
303 10.556153 0.000000 0.832329 101.509683 0.609235 -0.114301 -0.030460 
304 10.514236 0.000000 0.832329 101.103402 0.439281 -0.060339 -0.022209 
305 10.556153 0.000000 0.791642 101.049868 0.678936 -0.040956 -0.021154 
306 10.556153 0.000000 0.873016 101.878707 0.322463 -0.433233 -0.037956 
307 10.430401 0.000000 0.954390 100.618499 -0.000000 -0.683466 -0.012455 
308 10.346566 0.000000 0.954390 100.178587 -0.000000 -0.451311 -0.003595 
309 10.430401 0.000000 1.035764 100.398203 -0.000000 -0.784042 -0.008041 
310 10.472318 0.000000 0.832329 100.619681 0.385871 -0.049907 -0.012447 
311 10.430401 0.000000 0.832329 100.423960 0.326153 -0.050622 -0.008508 
312 10.472318 0.000000 0.791642 100.519892 0.404138 -0.055195 -0.010442 
313 10.472318 0.000000 0.873016 100.873891 0.191648 -0.224791 -0.017563 
314 10.556153 0.000000 0.750955 99.791891 1.206246 0.000000 0.004012 
315 10.514236 0.000000 0.750955 99.873539 0.914639 0.000000 0.002444 
316 10.556153 0.000000 0.710268 99.830946 1.115113 0.000000 0.003254 
317 10.535195 0.000000 0.811985 100.977478 0.530298 -0.036217 -0.019673 
318 10.514236 0.000000 0.811985 100.764495 0.508393 -0.038797 -0.015374 
319 10.535195 0.000000 0.791642 100.884488 0.592408 -0.029820 -0.017803 
320 10.556153 0.000000 0.811985 101.166250 0.624113 -0.052067 -0.023500 
321 10.535195 0.000000 0.832329 101.162718 0.501528 -0.054807 -0.023415 
322 10.011226 0.000000 0.710268 99.907286 0.200770 0.000000 0.001849 
323 9.843556 0.000000 0.710268 99.899496 0.140460 0.000000 0.002007 
324 10.011226 0.000000 0.547520 100.670457 0.184751 -1.707653 -0.013749 
325 10.011226 0.000000 0.873016 99.368983 0.031631 -0.135116 0.012579 
326 10.262731 0.000000 0.791642 99.931901 0.177989 -0.053088 0.001358 
327 10.178896 0.000000 0.791642 99.748390 0.154664 -0.095753 0.005023 
328 10.262731 0.000000 0.710268 99.913451 0.307025 0.000000 0.001721 
329 10.262731 0.000000 0.873016 99.905888 0.081517 -0.152546 0.001878 
330 10.388483 0.000000 0.832329 100.268633 0.251523 -0.044623 -0.005386 
331 10.346566 0.000000 0.832329 100.121399 0.216221 -0.039649 -0.002434 
332 10.388483 0.000000 0.791642 100.208599 0.279593 -0.036384 -0.004184 
333 10.388483 0.000000 0.873016 100.438032 0.099428 -0.205164 -0.008785 
334 10.011226 0.000000 1.035764 99.107710 0.000000 -0.357045 0.017753 
335 9.843556 0.000000 1.035764 98.654147 -0.000000 -0.471190 0.026714 
336 10.011226 0.000000 1.198512 99.115446 0.000000 -0.585729 0.017579 
337 10.095061 0.000000 0.791642 99.667755 0.132712 -0.113232 0.006631 
338 10.011226 0.000000 0.791642 99.705349 0.132404 -0.054316 0.005882 
339 10.095061 0.000000 0.710268 99.911665 0.229564 0.000000 0.001761 
340 10.095061 0.000000 0.873016 99.488292 0.035493 -0.211578 0.010203 
341 9.172876 0.000000 0.547520 103.399324 0.025998 -3.718648 -0.070525 
342 8.837536 0.000000 0.547520 101.783096 0.012524 -6.433841 -0.040119 
343 9.172876 0.000000 0.222024 101.650104 0.021750 -2.975962 -0.034160 
344 9.172876 0.000000 0.873016 95.893889 0.011486 -0.806514 0.080371 
345 9.675886 0.000000 0.710268 99.889612 0.106486 0.000000 0.002205 
346 9.508216 0.000000 0.710268 99.878436 0.088234 0.000000 0.002429 
347 9.675886 0.000000 0.547520 101.556620 0.125705 -1.902015 -0.031738 
348 9.675886 0.000000 0.873016 98.300909 0.019814 -0.032752 0.033693 
349 9.927391 0.000000 0.791642 99.637858 0.112531 0.008956 0.007228 
350 9.843556 0.000000 0.791642 99.502207 0.094300 0.051865 0.009930 
351 9.927391 0.000000 0.710268 99.902376 0.169411 0.000000 0.001949 
352 9.927391 0.000000 0.873016 99.248724 0.037121 -0.039544 0.014969 
353 9.172876 0.000000 1.198512 97.279246 0.000000 -2.522569 0.053038 
354 8.837536 0.000000 1.198512 97.719852 -0.000000 -4.101885 0.043401 
355 9.172876 0.000000 1.524008 98.471343 0.000000 -2.353690 0.029785 
356 9.675886 0.000000 1.035764 98.156714 0.000000 -0.581513 0.036492 
357 9.508216 0.000000 1.035764 97.555239 0.000000 -0.881722 0.048220 
358 9.675886 0.000000 1.198512 98.373422 0.000000 -0.875132 0.032190 
359 9.759721 0.000000 0.791642 99.312498 0.071352 0.090280 0.013701 
360 9.675886 0.000000 0.791642 99.108658 0.063795 0.073398 0.017746 
361 9.759721 0.000000 0.710268 99.896324 0.120204 0.000000 0.002071 
362 9.759721 0.000000 0.873016 98.647465 0.022234 0.021072 0.026868 
363 9.340546 0.000000 0.710268 99.864084 0.061830 0.000000 0.002716 
364 9.172876 0.000000 0.710268 99.851884 0.040653 0.000000 0.002960 
365 9.340546 0.000000 0.547520 102.732660 0.061464 -2.644722 -0.056100 
366 9.340546 0.000000 0.873016 97.438087 0.017229 -0.255236 0.050575 
367 9.592051 0.000000 0.791642 98.863718 0.057819 -0.004873 0.022596 
368 9.508216 0.000000 0.791642 98.736759 0.052267 -0.208526 0.025101 
369 9.592051 0.000000 0.710268 99.882473 0.096893 0.000000 0.002348 
370 9.592051 0.000000 0.873016 97.944998 0.017563 -0.196558 0.040674 
371 9.340546 0.000000 1.035764 96.835355 0.000000 -1.313222 0.062119 
372 9.172876 0.000000 1.035764 95.979844 0.000000 -2.350953 0.078234 
373 9.340546 0.000000 1.198512 97.536368 0.000000 -1.671344 0.048386 
374 9.424381 0.000000 0.791642 98.822771 0.046645 -0.142812 0.023404 
375 9.340546 0.000000 0.791642 98.381651 0.034859 0.038123 0.032105 
376 9.424381 0.000000 0.710268 99.874366 0.077772 0.000000 0.002511 
377 9.424381 0.000000 0.873016 97.881410 0.020138 -0.345900 0.041911 
378 9.592051 0.000000 0.954390 97.770364 0.000000 -0.487487 0.044072 
379 9.508216 0.000000 0.954390 97.439924 0.000000 -0.679709 0.050500 
380 9.675886 0.000000 0.954390 98.067728 0.000000 -0.355886 0.038259 
381 9.592051 0.000000 1.035764 97.864574 0.000000 -0.715690 0.042201 
382 9.550133 0.000000 0.832329 98.300131 0.035297 -0.134142 0.033706 
383 9.508216 0.000000 0.832329 98.644046 0.047148 -0.206248 0.026931 
384 9.550133 0.000000 0.791642 98.853386 0.055085 -0.017746 0.022800 
385 9.592051 0.000000 0.832329 98.740472 0.052004 -0.026190 0.025032 
386 9.550133 0.000000 0.873016 98.031641 0.024115 -0.242013 0.038974 
387 5.484135 0.000000 0.873016 99.897817 -0.015625 -12.697481 -0.014080 
388 4.142775 0.000000 0.873016 100.259919 0.003628 -2.806121 -0.005993 
389 5.484135 0.000000 -0.428968 95.804654 -0.000739 -3.418569 0.080978 
390 5.484135 0.000000 2.175000 104.122575 0.007725 -3.714483 -0.085531 
391 7.496176 0.000000 0.222024 99.458298 0.005247 -4.372277 0.008893 
392 6.825495 0.000000 0.222024 98.957306 0.009441 -4.921340 0.018323 
393 7.496176 0.000000 -0.428968 99.163934 -0.012742 -2.924612 0.015796 
394 7.496176 0.000000 0.873016 99.790813 -0.009842 -5.274382 0.001397 
395 8.502196 0.000000 0.547520 100.266617 0.006078 -6.059444 -0.009011 
396 8.166856 0.000000 0.547520 99.871247 0.031787 -5.725217 -0.000705 
397 8.502196 0.000000 0.222024 100.415460 0.004442 -4.253150 -0.010135 
398 8.502196 0.000000 0.873016 99.640636 -0.003719 -5.469915 0.004182 
399 9.005206 0.000000 0.710268 99.838041 0.010547 0.000000 0.003237 
400 8.837536 0.000000 0.710268 101.321125 -0.006038 -7.671925 -0.032483 
401 9.005206 0.000000 0.547520 103.212722 0.027799 -5.495158 -0.068306 
402 9.005206 0.000000 0.873016 95.117368 0.005512 -3.924681 0.093728 
403 9.256711 0.000000 0.791642 97.974310 0.029325 -0.115286 0.040102 
404 9.172876 0.000000 0.791642 97.783180 0.025136 -0.076750 0.043844 
405 9.256711 0.000000 0.710268 99.857261 0.050750 0.000000 0.002852 
406 9.256711 0.000000 0.873016 97.179146 0.018089 -0.367673 0.055608 
407 7.496176 0.000000 1.524008 100.238164 0.011034 -3.894754 -0.006286 
408 6.825495 0.000000 1.524008 100.714062 0.004421 -4.601420 -0.016450 
409 7.496176 0.000000 2.175000 100.656132 0.029409 -2.819750 -0.013961 
410 8.502196 0.000000 1.198512 99.244915 0.011658 -4.358882 0.013145 
411 8.166856 0.000000 1.198512 99.681757 0.007885 -4.285522 0.004518 
412 8.502196 0.000000 1.524008 99.372668 0.032011 -3.424377 0.011335 
413 9.005206 0.000000 1.035764 96.148930 0.000000 -4.454690 0.073554 
414 8.837536 0.000000 1.035764 97.573095 -0.000000 -5.457611 0.044971 
415 9.005206 0.000000 1.198512 97.508893 -0.000000 -3.528147 0.047957 
416 9.256711 0.000000 0.954390 95.975672 0.000000 -1.371989 0.078679 
417 9.172876 0.000000 0.954390 95.334646 0.000000 -2.016101 0.090724 
418 9.340546 0.000000 0.954390 96.557435 0.000000 -0.975283 0.067571 
419 9.256711 0.000000 1.035764 96.438037 0.000000 -1.719889 0.069675 
420 9.298628 0.000000 0.832329 97.644414 0.024950 -0.113453 0.046555 
421 9.256711 0.000000 0.832329 97.908715 0.027977 -0.117638 0.041387 
422 9.298628 0.000000 0.791642 98.510697 0.033916 0.046830 0.029564 
423 9.340546 0.000000 0.832329 98.237002 0.031563 -0.014888 0.034949 
424 9.298628 0.000000 0.873016 96.938661 0.013108 -0.330601 0.060279 
425 8.837536 0.000000 -1.079961 99.775870 -0.071282 -1.330908 0.004300 
426 8.166856 0.000000 -1.079961 99.420790 -0.046139 -1.592778 0.011297 
427 8.837536 0.000000 -1.730953 99.508766 -0.082620 -0.625519 0.009761 
428 9.172876 0.000000 -0.103472 100.871103 -0.021809 -2.335694 -0.018044 
429 8.837536 0.000000 -0.103472 100.624045 -0.017006 -2.886606 -0.013353 
430 9.172876 0.000000 -0.428968 100.429949 -0.055638 -1.868007 -0.008967 
431 9.508216 0.000000 -0.103472 100.840069 -0.038317 -1.777385 -0.017188 
432 9.340546 0.000000 0.384772 102.108166 0.064382 -2.683699 -0.043328 
433 9.172876 0.000000 0.384772 102.311970 0.048728 -3.434230 -0.047954 
434 9.340546 0.000000 0.222024 101.590818 0.027611 -2.432367 -0.032661 
435 9.508216 0.000000 0.384772 101.742703 0.077078 -2.225056 -0.035653 
436 9.256711 0.000000 0.628894 103.596237 0.071615 -2.292169 -0.073744 
437 9.172876 0.000000 0.628894 104.217974 0.053127 -2.995831 -0.087036 
438 9.256711 0.000000 0.547520 103.092515 0.044199 -3.086704 -0.063760 
439 9.340546 0.000000 0.628894 103.045821 0.090985 -1.884732 -0.062200 
440 9.298628 0.000000 0.750955 99.356216 0.050345 -0.007100 0.012834 
441 9.256711 0.000000 0.750955 99.857453 0.050624 0.000000 0.002849 
442 9.298628 0.000000 0.710268 99.860640 0.057447 0.000000 0.002785 
443 9.340546 0.000000 0.750955 99.864098 0.061848 0.000000 0.002716 
444 9.424381 0.000000 0.954390 97.116101 0.000000 -0.792780 0.056783 
445 9.424381 0.000000 1.035764 97.222948 0.000000 -1.059352 0.054658 
446 9.382463 0.000000 0.832329 98.232628 0.030997 -0.136174 0.035033 
447 9.382463 0.000000 0.791642 98.882240 0.043761 -0.108937 0.022229 
448 9.424381 0.000000 0.832329 98.583177 0.040559 -0.182374 0.028132 
449 9.382463 0.000000 0.873016 97.524822 0.017609 -0.287758 0.048883 
450 9.319587 0.000000 0.811985 98.280149 0.032854 0.060264 0.034101 
451 9.298628 0.000000 0.811985 98.336701 0.032296 0.027616 0.032989 
452 9.319587 0.000000 0.791642 98.290011 0.033103 0.066636 0.033907 
453 9.340546 0.000000 0.811985 98.396986 0.034873 0.023143 0.031803 
454 9.319587 0.000000 0.832329 98.290945 0.032519 -0.058309 0.033889 
455 9.089041 0.000000 0.791642 97.347529 0.016130 -0.405240 0.052329 
456 9.005206 0.000000 0.791642 98.045224 0.011615 -1.358790 0.038529 
457 9.089041 0.000000 0.710268 99.842569 0.025417 0.000000 0.003146 
458 9.089041 0.000000 0.873016 94.914872 0.009028 -1.503289 0.098891 
459 9.214793 0.000000 0.832329 97.212731 0.021544 -0.129204 0.054967 
460 9.172876 0.000000 0.832329 97.488162 0.024034 -0.168385 0.049603 
461 9.214793 0.000000 0.791642 97.933864 0.027058 -0.109289 0.040895 
462 9.214793 0.000000 0.873016 96.466971 0.013361 -0.489230 0.069388 
463 9.089041 0.000000 0.954390 94.940851 0.000000 -3.336137 0.097511 
464 9.005206 0.000000 0.954390 95.205809 0.000000 -5.029408 0.091056 
465 9.089041 0.000000 1.035764 95.821784 0.000000 -3.355177 0.080693 
466 9.130958 0.000000 0.832329 97.222331 0.020385 -0.270140 0.054774 
467 9.089041 0.000000 0.832329 96.875544 0.015973 -0.647050 0.061471 
468 9.130958 0.000000 0.791642 97.559922 0.020870 -0.184190 0.048203 
469 9.130958 0.000000 0.873016 95.528640 0.009869 -0.899502 0.087347 
470 8.669866 0.000000 0.710268 100.283953 -0.007962 -6.406637 -0.009792 
471 8.502196 0.000000 0.710268 100.004292 -0.009647 -5.914113 -0.003584 
472 8.669866 0.000000 0.547520 100.760001 0.007243 -6.280140 -0.019202 
473 8.669866 0.000000 0.873016 99.427180 -0.005110 -5.998465 0.007825 
474 8.921371 0.000000 0.791642 97.074340 0.002636 -6.974886 0.052792 
475 8.837536 0.000000 0.791642 98.728741 -0.000000 -7.927869 0.018978 
476 8.921371 0.000000 0.710268 103.268886 -0.001876 -8.501360 -0.073674 
477 8.921371 0.000000 0.873016 96.454193 0.000000 -8.179763 0.062968 
478 9.047123 0.000000 0.832329 96.902315 0.012483 -1.262081 0.060835 
479 9.005206 0.000000 0.832329 96.659736 0.009842 -2.282969 0.065168 
480 9.047123 0.000000 0.791642 96.635498 0.012497 -0.865692 0.066083 
481 9.047123 0.000000 0.873016 95.205648 0.007241 -2.346338 0.093038 
482 9.005206 0.000000 0.384772 102.103846 0.033706 -4.303956 -0.044372 
483 8.837536 0.000000 0.384772 101.485960 0.023010 -4.894107 -0.032335 
484 9.005206 0.000000 0.222024 101.495784 0.015381 -3.524388 -0.031382 
485 9.089041 0.000000 0.628894 104.660430 0.034440 -4.210061 -0.097153 
486 9.005206 0.000000 0.628894 104.322713 0.016831 -5.828883 -0.091720 
487 9.089041 0.000000 0.547520 103.505939 0.007598 -4.570011 -0.073436 
488 9.047123 0.000000 0.750955 99.235935 0.016784 -0.269377 0.015216 
489 9.005206 0.000000 0.750955 98.597195 0.011809 -0.861927 0.027785 
490 9.047123 0.000000 0.710268 99.840389 0.018017 0.000000 0.003190 
491 9.089041 0.000000 0.750955 99.246277 0.023788 -0.096734 0.015017 
492 9.068082 0.000000 0.811985 96.891324 0.014157 -0.730335 0.061154 
493 9.047123 0.000000 0.811985 96.697267 0.012543 -0.962078 0.064871 
494 9.068082 0.000000 0.791642 97.126359 0.014693 -0.502642 0.056622 
495 9.089041 0.000000 0.811985 97.143371 0.016091 -0.457794 0.056296 
496 9.068082 0.000000 0.832329 96.898851 0.012774 -1.010097 0.060959 
497 8.669866 0.000000 1.035764 98.887261 0.001343 -5.142054 0.019487 
498 8.502196 0.000000 1.035764 99.354963 0.003300 -4.920517 0.010438 
499 8.669866 0.000000 1.198512 98.809655 0.012686 -4.320148 0.021799 
500 8.921371 0.000000 0.954390 96.767734 -0.000000 -6.035140 0.059958 
501 8.837536 0.000000 0.954390 97.830294 -0.000000 -6.280040 0.038979 
502 8.921371 0.000000 1.035764 97.018784 -0.000000 -5.145484 0.056088 
503 8.963288 0.000000 0.832329 96.374249 0.005396 -4.946190 0.068754 
504 8.921371 0.000000 0.832329 97.143864 0.002497 -6.909567 0.051533 
505 8.963288 0.000000 0.791642 94.738376 0.005237 -5.022824 0.099941 
506 8.963288 0.000000 0.873016 95.886068 0.003115 -5.635652 0.077410 
507 9.026164 0.000000 0.811985 96.524011 0.010119 -1.294171 0.068144 
508 9.005206 0.000000 0.811985 97.566069 0.010955 -1.691220 0.047800 
509 9.026164 0.000000 0.791642 96.528209 0.010285 -0.934131 0.068143 
510 9.026164 0.000000 0.832329 96.221420 0.009909 -2.110494 0.073698 
511 8.921371 0.000000 0.628894 103.025554 0.003450 -6.879544 -0.066159 
512 8.837536 0.000000 0.628894 101.783974 -0.003161 -6.989319 -0.040883 
513 8.921371 0.000000 0.547520 102.537409 0.018449 -6.163540 -0.055191 
514 8.963288 0.000000 0.750955 98.821596 0.009835 -1.478114 0.023211 
515 8.921371 0.000000 0.750955 98.807381 0.005668 -3.295317 0.022624 
516 8.963288 0.000000 0.710268 99.837733 0.008632 0.000000 0.003243 
517 8.984247 0.000000 0.811985 95.073169 0.007191 -3.841377 0.094634 
518 8.963288 0.000000 0.811985 94.955491 0.004941 -5.239047 0.095601 
519 8.984247 0.000000 0.791642 94.745933 0.007453 -3.651818 0.100987 
520 8.984247 0.000000 0.832329 96.317408 0.007499 -3.448424 0.071107 
521 8.984247 0.000000 0.771298 98.327983 0.010670 -1.472542 0.032944 
522 8.963288 0.000000 0.771298 97.564481 0.007358 -3.387464 0.046970 
523 8.984247 0.000000 0.750955 99.204747 0.012219 -0.641452 0.015801 
524 9.005206 0.000000 0.771298 98.639135 0.013021 -0.831432 0.026963 
525 8.994726 0.000000 0.801814 94.057928 0.006522 -3.775641 0.113885 
526 8.984247 0.000000 0.801814 93.965935 0.006438 -4.360577 0.115139 
527 8.994726 0.000000 0.791642 94.650271 0.006962 -3.523100 0.102891 
528 9.005206 0.000000 0.801814 93.659848 0.006824 -3.963261 0.121213 
529 8.994726 0.000000 0.811985 95.676798 0.008051 -2.985857 0.083703 
530 28.287257 0.000000 64.670242 99.955090 0.014470 3.457911 -0.000298 
531 6.825495 0.000000 64.670242 99.958465 0.010701 3.469148 -0.000373 
532 49.749019 0.000000 64.670242 99.949928 0.017454 3.451800 -0.000190 
533 28.287257 0.000000 85.501989 99.948974 0.010354 3.473200 -0.000186 
534 17.556376 0.000000 33.422621 99.998006 0.027103 3.366638 -0.001094 
535 6.825495 0.000000 33.422621 100.012654 0.019789 3.405737 -0.001413 
536 28.287257 0.000000 33.422621 99.978361 0.033158 3.346648 -0.000687 
537 17.556376 0.000000 43.838495 99.976178 0.019672 3.423982 -0.000696 
538 12.190936 0.000000 17.798810 100.127214 0.047155 3.059815 -0.003482 
539 6.825495 0.000000 17.798810 100.186291 0.033638 3.167407 -0.004733 
540 17.556376 0.000000 17.798810 100.065427 0.059481 3.007864 -0.002214 
541 12.190936 0.000000 23.006747 100.067260 0.035499 3.243704 -0.002398 
542 9.508216 0.000000 9.986905 100.417969 0.068220 2.299077 -0.008906 
543 6.825495 0.000000 9.986905 100.601741 0.046824 2.494411 -0.012693 
544 12.190936 0.000000 9.986905 100.261772 0.091389 2.222084 -0.005737 
545 9.508216 0.000000 12.590874 100.306541 0.055344 2.711361 -0.006876 
546 10.849576 0.000000 6.080953 100.368418 0.135775 1.081849 -0.007501 
547 9.508216 0.000000 6.080953 100.546803 0.103475 1.042627 -0.011076 
548 12.190936 0.000000 6.080953 100.258076 0.168613 1.129091 -0.005299 
549 10.849576 0.000000 7.382937 100.377692 0.110010 1.555221 -0.007811 
550 10.178896 0.000000 4.127976 100.288449 0.203035 0.071269 -0.005782 
551 9.508216 0.000000 4.127976 100.405679 0.147257 -0.058096 -0.008133 
552 10.178896 0.000000 3.476984 100.143080 0.000000 -0.338557 -0.002875 
553 10.849576 0.000000 4.127976 100.224132 0.256423 0.176564 -0.004497 
554 10.178896 0.000000 4.778968 100.372605 0.157881 0.437581 -0.007488 
555 10.178896 0.000000 2.825992 100.044772 0.000000 -0.459280 -0.000917 
556 9.508216 0.000000 2.825992 100.003505 -0.000000 -0.920376 -0.000155 
557 10.849576 0.000000 2.825992 99.997317 0.056620 -0.403557 0.000037 
558 13.532296 0.000000 3.476984 100.110983 0.601867 0.295723 -0.002266 
559 14.873656 0.000000 3.476984 100.104164 0.618435 0.422583 -0.002140 
560 13.532296 0.000000 4.778968 100.160370 0.290461 0.666839 -0.003263 
561 11.520256 0.000000 4.127976 100.194191 0.301483 0.253988 -0.003903 
562 11.520256 0.000000 3.476984 100.121674 0.533284 0.013513 -0.002463 
563 12.190936 0.000000 4.127976 100.167465 0.340158 0.334238 -0.003375 
564 11.520256 0.000000 4.778968 100.245174 0.220771 0.540930 -0.004944 
565 10.514236 0.000000 3.802480 100.195163 0.320487 -0.032763 -0.003917 
566 10.178896 0.000000 3.802480 100.228047 0.277497 -0.112930 -0.004575 
567 10.514236 0.000000 3.476984 100.126168 -0.000000 -0.244690 -0.002531 
568 10.849576 0.000000 3.802480 100.178680 0.360844 0.018040 -0.003590 
569 10.514236 0.000000 4.127976 100.245522 0.230327 0.136907 -0.004924 
570 11.520256 0.000000 2.825992 100.044047 0.150357 -0.274159 -0.000891 
571 12.190936 0.000000 2.825992 100.069529 0.211154 -0.199047 -0.001399 
572 10.514236 0.000000 3.151488 100.093376 -0.000000 -0.303602 -0.001878 
573 10.178896 0.000000 3.151488 100.103057 -0.000000 -0.417434 -0.002080 
574 10.514236 0.000000 2.825992 100.076623 -0.000000 -0.356390 -0.001546 
575 10.849576 0.000000 3.151488 100.063133 0.084250 -0.272420 -0.001271 
576 11.184916 0.000000 3.802480 100.166846 0.390316 0.063964 -0.003355 
577 11.184916 0.000000 3.476984 100.122361 0.508449 -0.057681 -0.002475 
578 11.520256 0.000000 3.802480 100.157372 0.417781 0.101862 -0.003168 
579 11.184916 0.000000 4.127976 100.205966 0.281238 0.213467 -0.004136 
580 10.681906 0.000000 3.639732 100.158265 0.633720 -0.084561 -0.003209 
581 10.514236 0.000000 3.639732 100.166450 0.550153 -0.117130 -0.003363 
582 10.681906 0.000000 3.476984 100.119830 0.000000 -0.172431 -0.002401 
583 10.849576 0.000000 3.639732 100.152168 0.599436 -0.055291 -0.003082 
584 10.681906 0.000000 3.802480 100.187140 0.342742 -0.007802 -0.003758 
585 20.239096 0.000000 -0.428968 100.044332 -0.951722 -0.373503 -0.000991 
586 20.239096 0.000000 -3.032937 99.961953 -0.322453 1.052904 0.000640 
587 22.921817 0.000000 -0.428968 100.046056 -0.895333 -0.254172 -0.001008 
588 20.239096 0.000000 2.175000 100.076294 0.621476 -0.343699 -0.001577 
589 16.215016 0.000000 0.873016 100.032395 3.458533 -4.486202 -0.003857 
590 16.215016 0.000000 -0.428968 100.023463 -0.943624 -0.609327 -0.000595 
591 17.556376 0.000000 0.873016 100.055857 3.528642 -4.067027 -0.004017 
592 16.215016 0.000000 2.175000 100.092580 0.625990 -0.347348 -0.001904 
593 14.202976 0.000000 1.524008 100.044578 1.152172 -1.040091 -0.001133 
594 13.532296 0.000000 1.524008 100.031023 1.155438 -1.056738 -0.000866 
595 14.202976 0.000000 0.873016 99.951941 3.776380 -5.329500 -0.003306 
596 14.873656 0.000000 1.524008 100.061711 1.138578 -1.014776 -0.001467 
597 14.202976 0.000000 2.175000 100.070537 0.644340 -0.385511 -0.001468 
598 14.873656 0.000000 -5.636905 99.800344 -0.152842 1.766403 0.003675 
599 14.873656 0.000000 -8.240874 99.772830 -0.107165 2.340063 0.003989 
600 17.556376 0.000000 -5.636905 99.868686 -0.177500 1.823101 0.002289 
601 13.532296 0.000000 -1.730953 99.893022 -0.425138 0.191982 0.002117 
602 13.532296 0.000000 -3.032937 99.827845 -0.264876 0.836298 0.003363 
603 14.873656 0.000000 -1.730953 99.926978 -0.454782 0.258875 0.001433 
604 14.202976 0.000000 0.222024 99.971469 -1.778986 -2.426662 -0.000335 
605 13.532296 0.000000 0.222024 99.956006 -1.786224 -2.384770 -0.000008 
606 14.202976 0.000000 -0.428968 99.967108 -0.913856 -0.733316 0.000520 
607 14.873656 0.000000 0.222024 100.017237 -1.730599 -2.479092 -0.001259 
608 20.239096 0.000000 4.778968 100.067465 0.349406 0.755785 -0.001419 
609 22.921817 0.000000 4.778968 100.055712 0.362804 0.752166 -0.001184 
610 20.239096 0.000000 7.382937 100.064530 0.198258 1.600844 -0.001551 
611 16.215016 0.000000 3.476984 100.097380 0.619346 0.516903 -0.002014 
612 17.556376 0.000000 3.476984 100.091075 0.606448 0.559723 -0.001890 
613 16.215016 0.000000 4.778968 100.111777 0.327145 0.728379 -0.002301 
614 15.544336 0.000000 1.524008 100.079377 1.121212 -1.001418 -0.001814 
615 15.544336 0.000000 0.873016 99.999630 3.599672 -4.693644 -0.003491 
616 16.215016 0.000000 1.524008 100.092326 1.103615 -0.989246 -0.002067 
617 15.544336 0.000000 2.175000 100.086466 0.632196 -0.348535 -0.001782 
618 14.538316 0.000000 1.198512 100.029748 1.926289 -1.870785 -0.001316 
619 14.202976 0.000000 1.198512 100.019877 1.943456 -1.897455 -0.001135 
620 14.538316 0.000000 0.873016 99.957614 3.719769 -5.178280 -0.003218 
621 14.873656 0.000000 1.198512 100.040498 1.909112 -1.821116 -0.001506 
622 14.538316 0.000000 1.524008 100.053470 1.146076 -1.038307 -0.001309 
623 18.897736 0.000000 0.873016 100.129572 3.199809 -3.547110 -0.004875 
624 18.897736 0.000000 -0.428968 100.040104 -0.970252 -0.444435 -0.000916 
625 20.239096 0.000000 0.873016 100.193606 3.610212 -4.149488 -0.006901 
626 18.897736 0.000000 2.175000 100.082914 0.614832 -0.345541 -0.001709 
627 16.885696 0.000000 1.524008 100.098341 1.087913 -0.969659 -0.002180 
628 16.885696 0.000000 0.873016 100.047856 3.436574 -4.361549 -0.004041 
629 17.556376 0.000000 1.524008 100.100847 1.076128 -0.981902 -0.002230 
630 16.885696 0.000000 2.175000 100.093946 0.620314 -0.333458 -0.001929 
631 18.897736 0.000000 3.476984 100.071847 0.588051 0.607586 -0.001509 
632 20.239096 0.000000 3.476984 100.057305 0.225347 0.629996 -0.001191 
633 18.897736 0.000000 4.778968 100.078875 0.343722 0.760179 -0.001648 
634 18.227056 0.000000 1.524008 100.098625 1.068988 -0.989874 -0.002186 
635 18.227056 0.000000 0.873016 100.069649 3.371890 -3.705475 -0.003903 
636 18.897736 0.000000 1.524008 100.093297 1.069135 -0.980514 -0.002077 
637 18.227056 0.000000 2.175000 100.091935 0.613540 -0.357230 -0.001890 
638 12.861616 0.000000 0.222024 99.939586 -1.786483 -2.324974 0.000348 
639 12.861616 0.000000 -0.428968 99.939312 -0.870208 -0.795039 0.001074 
640 12.861616 0.000000 0.873016 99.724092 4.806209 -6.953289 -0.001634 
641 -14.636266 0.000000 -60.320242 99.921833 -0.006801 3.481592 0.000351 
642 -36.098028 0.000000 -60.320242 99.927630 -0.004251 3.488856 0.000230 
643 -14.636266 0.000000 -81.151989 99.928889 -0.005800 3.483915 0.000208 
644 71.210780 0.000000 -60.320242 99.934229 -0.018698 3.451884 0.000123 
645 71.210780 0.000000 -81.151989 99.934588 -0.013131 3.468907 0.000104 
646 92.672542 0.000000 -60.320242 99.936657 -0.019560 3.452475 0.000074 
647 -14.636266 0.000000 64.670242 99.956141 0.007153 3.481238 -0.000335 
648 -36.098028 0.000000 64.670242 99.950652 0.004617 3.488349 -0.000230 
649 -14.636266 0.000000 85.501989 99.949322 0.006091 3.483700 -0.000200 
650 -3.905385 0.000000 -29.072621 99.865289 -0.012713 3.451020 0.001501 
651 -14.636266 0.000000 -29.072621 99.889492 -0.007865 3.483355 0.000996 
652 -3.905385 0.000000 -39.488495 99.896646 -0.011102 3.462875 0.000867 
653 71.210780 0.000000 64.670242 99.946148 0.019456 3.449222 -0.000113 
654 92.672542 0.000000 64.670242 99.943924 0.020771 3.448005 -0.000068 
655 71.210780 0.000000 85.501989 99.944686 0.013691 3.467714 -0.000097 
656 39.018138 0.000000 -29.072621 99.921564 -0.038093 3.337296 0.000454 
657 39.018138 0.000000 -39.488495 99.922222 -0.026515 3.404551 0.000396 
658 49.749019 0.000000 -29.072621 99.930495 -0.039989 3.340184 0.000274 
659 -3.905385 0.000000 33.422621 100.007204 0.013212 3.451524 -0.001335 
660 -14.636266 0.000000 33.422621 99.986844 0.008612 3.480452 -0.000948 
661 -3.905385 0.000000 43.838495 99.979502 0.011468 3.463182 -0.000789 
662 1.460055 0.000000 -13.448810 99.626606 -0.021529 3.295130 0.006368 
663 -3.905385 0.000000 -13.448810 99.713167 -0.013235 3.449917 0.004538 
664 1.460055 0.000000 -18.656747 99.760473 -0.019982 3.360896 0.003655 
665 39.018138 0.000000 33.422621 99.964923 0.037301 3.338170 -0.000413 
666 49.749019 0.000000 33.422621 99.956984 0.040027 3.334113 -0.000252 
667 39.018138 0.000000 43.838495 99.959955 0.026411 3.404771 -0.000359 
668 22.921817 0.000000 -13.448810 99.883097 -0.079072 2.916117 0.001486 
669 22.921817 0.000000 -18.656747 99.880965 -0.053955 3.152906 0.001385 
670 28.287257 0.000000 -13.448810 99.912260 -0.083738 2.929446 0.000895 
671 1.460055 0.000000 17.798810 100.190825 0.023015 3.318259 -0.004921 
672 -3.905385 0.000000 17.798810 100.134439 0.015000 3.435421 -0.003871 
673 1.460055 0.000000 23.006747 100.092247 0.020315 3.374121 -0.002984 
674 4.142775 0.000000 -5.636905 98.749157 -0.027859 2.552025 0.024209 
675 1.460055 0.000000 -5.636905 98.907609 -0.017459 3.222913 0.020690 
676 4.142775 0.000000 -8.240874 99.237917 -0.030195 2.881057 0.014353 
677 22.921817 0.000000 17.798810 100.023553 0.068333 2.987190 -0.001364 
678 28.287257 0.000000 17.798810 99.998689 0.074141 2.977599 -0.000861 
679 22.921817 0.000000 23.006747 100.010485 0.049153 3.187244 -0.001226 
680 4.142775 0.000000 9.986905 100.708069 0.032764 2.827272 -0.015011 
681 1.460055 0.000000 9.986905 100.646218 0.022676 3.180598 -0.013978 
682 4.142775 0.000000 12.590874 100.440545 0.031379 3.029892 -0.009748 
683 5.484135 0.000000 -1.730953 96.924639 -0.017238 -0.400232 0.060545 
684 4.142775 0.000000 -1.730953 95.901202 -0.010879 1.309567 0.080124 
685 5.484135 0.000000 -3.032937 97.907178 -0.027416 1.003857 0.041318 
686 14.873656 0.000000 9.986905 100.159642 0.111514 2.199695 -0.003680 
687 17.556376 0.000000 9.986905 100.098081 0.125859 2.194058 -0.002446 
688 14.873656 0.000000 12.590874 100.145910 0.082337 2.595552 -0.003595 
689 20.239096 0.000000 -5.636905 99.908356 -0.187568 1.861089 0.001482 
690 20.239096 0.000000 -8.240874 99.878897 -0.129245 2.375071 0.001855 
691 22.921817 0.000000 -5.636905 99.934103 -0.192610 1.904756 0.000951 
692 16.215016 0.000000 -1.730953 99.956588 -0.471012 0.328359 0.000835 
693 16.215016 0.000000 -3.032937 99.902429 -0.306053 0.940129 0.001853 
694 17.556376 0.000000 -1.730953 99.973556 -0.479404 0.394833 0.000490 
695 8.166856 0.000000 6.080953 100.837893 0.074252 1.065848 -0.016942 
696 6.825495 0.000000 6.080953 101.253363 0.052710 1.204470 -0.025370 
697 8.166856 0.000000 7.382937 100.717145 0.068610 1.656851 -0.014669 
698 11.520256 0.000000 -1.079961 99.925063 -0.428488 -0.330732 0.001469 
699 11.520256 0.000000 -1.730953 99.851471 -0.306264 0.044101 0.002959 
700 12.190936 0.000000 -1.079961 99.908486 -0.507415 -0.294300 0.001795 
701 9.843556 0.000000 -0.103472 100.631303 -0.086067 -1.356918 -0.012851 
702 9.843556 0.000000 -0.428968 100.370229 -0.130853 -1.215530 -0.007568 
703 20.239096 0.000000 9.986905 100.061943 0.135084 2.188997 -0.001720 
704 22.921817 0.000000 9.986905 100.040137 0.140026 2.181131 -0.001281 
705 20.239096 0.000000 12.590874 100.058983 0.098283 2.569624 -0.001841 
706 13.532296 0.000000 6.080953 100.189003 0.191829 1.161079 -0.003922 
707 14.873656 0.000000 6.080953 100.148264 0.215572 1.182994 -0.003112 
708 13.532296 0.000000 7.382937 100.207162 0.148577 1.567940 -0.004396 
709 12.861616 0.000000 1.524008 100.012193 1.140118 -1.070094 -0.000488 
710 12.861616 0.000000 2.175000 100.046931 0.555193 -0.472959 -0.000992 
711 11.184916 0.000000 -0.103472 99.974555 -0.846450 -1.278330 0.000274 
712 11.184916 0.000000 -0.428968 99.984871 -0.595840 -0.863900 0.000192 
713 11.520256 0.000000 -0.103472 99.958753 -0.996213 -1.284692 0.000560 
714 10.346566 0.000000 0.384772 100.021127 -0.083726 -1.818114 -0.000754 
715 10.178896 0.000000 0.384772 100.344923 0.031940 -1.725973 -0.007208 
716 10.346566 0.000000 0.222024 100.165248 -0.205374 -1.480598 -0.003531 
717 11.017246 0.000000 0.384772 99.778482 -1.771673 -3.115135 0.003141 
718 11.017246 0.000000 0.222024 99.882780 -1.231593 -2.089124 0.001755 
719 11.184916 0.000000 0.384772 99.852065 -2.018492 -3.201134 0.001524 
720 7.496176 0.000000 -1.079961 98.936590 -0.029219 -1.805535 0.020829 
721 6.825495 0.000000 -1.079961 98.336224 -0.020279 -1.899965 0.032638 
722 7.496176 0.000000 -1.730953 98.814091 -0.042718 -0.909191 0.023495 
723 8.502196 0.000000 -0.103472 100.239931 -0.014819 -3.181542 -0.005817 
724 8.166856 0.000000 -0.103472 99.876057 -0.010898 -3.371645 0.001341 
725 8.502196 0.000000 -0.428968 100.002431 -0.030266 -2.484702 -0.000666 
726 9.675886 0.000000 0.384772 101.361506 0.089519 -1.935242 -0.027791 
727 9.675886 0.000000 0.222024 101.147820 0.026625 -1.758371 -0.023397 
728 9.843556 0.000000 0.384772 101.003941 0.092445 -1.734317 -0.020481 
729 10.011226 0.000000 0.384772 100.670568 0.076524 -1.686189 -0.013741 
730 10.011226 0.000000 0.222024 100.635255 -0.019476 -1.462830 -0.012959 
731 10.430401 0.000000 0.628894 99.228853 0.416910 -1.463179 0.015132 
732 10.346566 0.000000 0.628894 99.650946 0.404211 -1.279317 0.006789 
733 10.430401 0.000000 0.547520 99.481431 0.095497 -2.029471 0.009932 
734 5.484135 0.000000 3.476984 103.124721 0.023565 -0.616064 -0.063509 
735 4.142775 0.000000 3.476984 104.321683 0.015241 1.167175 -0.088438 
736 5.484135 0.000000 4.778968 102.143938 0.033299 0.847630 -0.043410 
737 5.484135 0.000000 6.080953 101.632642 0.037909 1.597136 -0.033175 
738 4.142775 0.000000 6.080953 101.878192 0.028293 2.202334 -0.038402 
739 5.484135 0.000000 7.382937 101.177379 0.039529 2.098400 -0.024127 
740 8.837536 0.000000 2.825992 100.168588 0.116752 -1.320578 -0.003550 
741 8.166856 0.000000 2.825992 100.500216 0.066683 -1.638083 -0.010298 
742 8.837536 0.000000 3.476984 100.426388 0.112825 -0.714488 -0.008598 
743 8.837536 0.000000 4.127976 100.590754 0.106440 -0.201855 -0.011855 
744 8.166856 0.000000 4.127976 100.860249 0.078298 -0.321479 -0.017290 
745 8.837536 0.000000 4.778968 100.661861 0.097843 0.274487 -0.013290 
746 10.262731 0.000000 0.954390 99.873435 -0.000000 -0.389457 0.002515 
747 10.178896 0.000000 0.954390 99.608346 0.000000 -0.358023 0.007805 
748 10.262731 0.000000 1.035764 99.775772 -0.000000 -0.542205 0.004450 
749 10.702865 0.000000 0.771298 102.227440 1.145317 -1.718758 -0.045472 
750 10.702865 0.000000 0.750955 99.651657 1.558386 0.000000 0.006712 
751 10.723823 0.000000 0.771298 101.958763 1.192032 -1.737277 -0.040003 
752 10.472318 0.000000 0.750955 99.905002 0.744332 0.000000 0.001844 
753 10.430401 0.000000 0.750955 99.912775 0.599204 0.000000 0.001708 
754 10.472318 0.000000 0.710268 99.908677 0.727013 0.000000 0.001773 
755 10.095061 0.000000 0.954390 99.366914 0.000000 -0.315917 0.012612 
756 10.011226 0.000000 0.954390 99.169383 0.000000 -0.253637 0.016537 
757 10.095061 0.000000 1.035764 99.312581 0.000000 -0.403971 0.013685 
758 9.759721 0.000000 0.954390 98.374968 0.000000 -0.309326 0.032227 
759 9.843556 0.000000 0.954390 98.682550 -0.000000 -0.290671 0.026167 
760 9.759721 0.000000 1.035764 98.413691 0.000000 -0.520855 0.031447 
761 9.424381 0.000000 0.628894 102.597753 0.109595 -1.664331 -0.052908 
762 9.424381 0.000000 0.547520 102.391656 0.077048 -2.358929 -0.048962 
763 9.508216 0.000000 0.628894 102.248779 0.128968 -1.533090 -0.045718 
764 9.382463 0.000000 0.750955 99.179637 0.051172 -0.063267 0.016339 
765 9.382463 0.000000 0.710268 99.867496 0.066172 0.000000 0.002648 
766 9.424381 0.000000 0.750955 99.310947 0.056517 -0.074896 0.013733 
767 9.466298 0.000000 0.832329 98.222847 0.032977 -0.270384 0.035220 
768 9.466298 0.000000 0.791642 98.669705 0.046223 -0.213310 0.026424 
769 9.466298 0.000000 0.873016 97.899836 0.021898 -0.336610 0.041551 
770 8.669866 0.000000 0.384772 100.857107 0.016944 -5.032754 -0.019748 
771 8.502196 0.000000 0.384772 100.416264 0.014325 -5.014640 -0.010857 
772 8.669866 0.000000 0.222024 100.758577 0.006499 -4.141258 -0.016944 
773 9.214793 0.000000 0.750955 99.228583 0.038789 -0.028127 0.015369 
774 9.172876 0.000000 0.750955 99.851181 0.040746 0.000000 0.002974 
775 9.214793 0.000000 0.710268 99.854472 0.043583 0.000000 0.002908 
776 9.130958 0.000000 0.750955 99.316418 0.030328 -0.043917 0.013625 
777 9.130958 0.000000 0.710268 99.846991 0.035306 0.000000 0.003058 
778 9.026164 0.000000 0.771298 98.347933 0.013056 -0.805301 0.032704 
779 9.026164 0.000000 0.750955 99.172691 0.014516 -0.297282 0.016469 
780 9.047123 0.000000 0.771298 98.785414 0.015862 -0.348239 0.024132 
781 12.861616 0.000000 2.825992 100.084061 0.244613 -0.133255 -0.001690 
782 13.532296 0.000000 2.825992 100.086659 0.262279 -0.077907 -0.001741 
783 12.861616 0.000000 3.476984 100.116854 0.585236 0.220208 -0.002378 
784 14.202976 0.000000 2.825992 100.089681 0.267261 -0.022556 -0.001802 
785 14.873656 0.000000 2.825992 100.091092 0.286475 0.032531 -0.001831 
786 14.202976 0.000000 3.476984 100.106589 0.607849 0.359016 -0.002183 
787 12.861616 0.000000 4.127976 100.148615 0.367648 0.375356 -0.003002 
788 13.532296 0.000000 4.127976 100.137500 0.389914 0.407612 -0.002784 
789 12.861616 0.000000 4.778968 100.182816 0.268717 0.618091 -0.003705 
790 11.184916 0.000000 3.151488 100.072997 0.139735 -0.210114 -0.001467 
791 11.184916 0.000000 2.825992 100.021498 0.101714 -0.340127 -0.000443 
792 11.520256 0.000000 3.151488 100.082687 0.181068 -0.152691 -0.001660 
793 18.897736 0.000000 -1.730953 99.988164 -0.483485 0.443236 0.000194 
794 18.897736 0.000000 -3.032937 99.949261 -0.320201 1.022896 0.000900 
795 20.239096 0.000000 -1.730953 99.997225 -0.482658 0.485257 0.000009 
796 15.544336 0.000000 0.222024 100.065829 -1.739039 -2.397242 -0.002194 
797 15.544336 0.000000 -0.428968 100.009071 -0.934863 -0.665549 -0.000313 
798 16.215016 0.000000 0.222024 100.088079 -1.750626 -2.271512 -0.002585 
799 16.885696 0.000000 0.222024 100.093635 -1.797162 -2.140461 -0.002655 
800 16.885696 0.000000 -0.428968 100.034660 -0.954273 -0.571661 -0.000817 
801 17.556376 0.000000 0.222024 100.087910 -1.882402 -2.040576 -0.002530 
802 12.861616 0.000000 -1.079961 99.908842 -0.558397 -0.246803 0.001785 
803 12.861616 0.000000 -1.730953 99.874756 -0.399941 0.153530 0.002485 
804 13.532296 0.000000 -1.079961 99.923085 -0.584831 -0.203649 0.001499 
805 15.544336 0.000000 2.825992 100.093883 0.307499 0.072088 -0.001889 
806 16.215016 0.000000 2.825992 100.094156 0.332332 0.098352 -0.001896 
807 15.544336 0.000000 3.476984 100.099830 0.619103 0.471705 -0.002058 
808 16.885696 0.000000 2.825992 100.093100 0.356006 0.119466 -0.001877 
809 17.556376 0.000000 2.825992 100.092191 0.377348 0.110028 -0.001860 
810 16.885696 0.000000 3.476984 100.094663 0.614599 0.542176 -0.001961 
811 18.227056 0.000000 0.222024 100.075938 -1.983439 -2.007200 -0.002316 
812 18.227056 0.000000 -0.428968 100.038997 -0.969309 -0.484718 -0.000898 
813 18.897736 0.000000 0.222024 100.084290 -2.042712 -1.997338 -0.002503 
814 18.227056 0.000000 2.825992 100.086260 0.392451 0.106270 -0.001742 
815 18.897736 0.000000 2.825992 100.077386 0.408116 0.110067 -0.001566 
816 18.227056 0.000000 3.476984 100.081597 0.598348 0.592196 -0.001703 
817 16.215016 0.000000 6.080953 100.118352 0.230541 1.203481 -0.002519 
818 17.556376 0.000000 6.080953 100.096660 0.236775 1.212992 -0.002087 
819 16.215016 0.000000 7.382937 100.122639 0.171991 1.589354 -0.002710 
820 10.262731 0.000000 0.628894 99.978441 0.372444 -1.231585 0.000266 
821 10.178896 0.000000 0.628894 100.243516 0.337670 -1.209233 -0.005034 
822 10.262731 0.000000 0.547520 100.040274 0.195529 -1.790773 -0.001130 
823 7.496176 0.000000 2.825992 100.954756 0.043721 -1.870462 -0.019536 
824 6.825495 0.000000 2.825992 101.583435 0.029667 -2.061422 -0.032344 
825 7.496176 0.000000 3.476984 101.115263 0.054656 -1.031454 -0.022536 
826 7.496176 0.000000 4.127976 101.174169 0.059401 -0.345403 -0.023634 
827 6.825495 0.000000 4.127976 101.585766 0.046068 -0.295490 -0.031976 
828 7.496176 0.000000 4.778968 101.184439 0.061729 0.215227 -0.023834 
829 10.388483 0.000000 0.750955 100.005044 0.459009 -0.010937 -0.000122 
830 10.346566 0.000000 0.750955 99.916472 0.436631 0.000000 0.001651 
831 10.388483 0.000000 0.710268 99.916521 0.479848 0.000000 0.001646 
832 10.095061 0.000000 0.628894 100.464016 0.304257 -1.173403 -0.009449 
833 10.011226 0.000000 0.628894 100.661062 0.273002 -1.159470 -0.013407 
834 10.095061 0.000000 0.547520 100.475151 0.195625 -1.707494 -0.009821 
835 9.927391 0.000000 0.954390 98.942400 0.000000 -0.259281 0.021033 
836 9.927391 0.000000 1.035764 98.891719 0.000000 -0.417689 0.022025 
837 9.592051 0.000000 0.628894 101.943929 0.149680 -1.391053 -0.039452 
838 9.592051 0.000000 0.547520 101.816425 0.109421 -2.023627 -0.037069 
839 9.675886 0.000000 0.628894 101.650835 0.171306 -1.280440 -0.033456 
840 9.759721 0.000000 0.628894 101.371439 0.194838 -1.182066 -0.027760 
841 9.759721 0.000000 0.547520 101.312822 0.141438 -1.807247 -0.026757 
842 9.843556 0.000000 0.628894 101.110778 0.218921 -1.116812 -0.022468 
843 9.466298 0.000000 0.750955 99.030189 0.057855 -0.158350 0.019299 
844 9.466298 0.000000 0.710268 99.874366 0.077772 0.000000 0.002511 
845 9.508216 0.000000 0.750955 99.391829 0.071893 -0.095787 0.012125 
846 9.068082 0.000000 0.771298 98.762550 0.016723 -0.343400 0.024584 
847 9.068082 0.000000 0.750955 99.380006 0.017543 -0.074670 0.012361 
848 9.089041 0.000000 0.771298 97.904585 0.018969 -0.390118 0.041454 
849 14.202976 0.000000 4.127976 100.126123 0.405383 0.439102 -0.002560 
850 14.873656 0.000000 4.127976 100.117852 0.416127 0.459453 -0.002397 
851 14.202976 0.000000 4.778968 100.144401 0.300805 0.693261 -0.002947 
852 14.202976 0.000000 -1.079961 99.938612 -0.602079 -0.160262 0.001189 
853 14.202976 0.000000 -1.730953 99.911200 -0.442696 0.225077 0.001751 
854 14.873656 0.000000 -1.079961 99.956838 -0.613799 -0.126688 0.000824 
855 18.897736 0.000000 6.080953 100.077240 0.243177 1.209821 -0.001698 
856 20.239096 0.000000 6.080953 100.063880 0.250415 1.214998 -0.001432 
857 18.897736 0.000000 7.382937 100.077873 0.192518 1.603767 -0.001819 
858 15.544336 0.000000 4.127976 100.110222 0.424035 0.477095 -0.002246 
859 16.215016 0.000000 4.127976 100.104036 0.432978 0.490736 -0.002125 
860 15.544336 0.000000 4.778968 100.121157 0.320467 0.718599 -0.002487 
861 15.544336 0.000000 -1.079961 99.973452 -0.623211 -0.100491 0.000491 
862 15.544336 0.000000 -1.730953 99.943906 -0.463988 0.302374 0.001091 
863 16.215016 0.000000 -1.079961 99.986916 -0.630587 -0.057712 0.000222 
864 9.927391 0.000000 0.628894 100.872672 0.244868 -1.124324 -0.017662 
865 9.927391 0.000000 0.547520 100.871793 0.170905 -1.697450 -0.017803 
866 9.550133 0.000000 0.750955 99.414178 0.076424 -0.047452 0.011681 
867 9.550133 0.000000 0.710268 102.232846 0.167605 -0.810797 -0.045224 
868 9.592051 0.000000 0.750955 99.885430 0.100866 0.000000 0.002289 
869 16.885696 0.000000 4.127976 100.098707 0.435952 0.485940 -0.002018 
870 17.556376 0.000000 4.127976 100.090266 0.439388 0.496950 -0.001850 
871 16.885696 0.000000 4.778968 100.100537 0.331050 0.740376 -0.002078 
872 18.227056 0.000000 4.127976 100.082549 0.443114 0.508846 -0.001697 
873 18.897736 0.000000 4.127976 100.078330 0.446632 0.512112 -0.001613 
874 18.227056 0.000000 4.778968 100.084337 0.338883 0.757346 -0.001756 
875 16.885696 0.000000 -1.079961 99.998074 -0.636297 -0.021742 -0.000002 
876 16.885696 0.000000 -1.730953 99.967023 -0.472639 0.360277 0.000624 
877 17.556376 0.000000 -1.079961 100.003933 -0.638561 0.011018 -0.000119 
878 18.227056 0.000000 -1.079961 100.006898 -0.643774 0.052057 -0.000180 
879 18.227056 0.000000 -1.730953 99.980876 -0.482402 0.422284 0.000341 
880 18.897736 0.000000 -1.079961 100.010817 -0.644298 0.080356 -0.000259 
1 1 12 10 11 
2 11 10 14 6 
3 6 14 19 20 
4 20 19 22 4 
5 10 25 23 24 
6 24 23 27 14 
7 14 27 35 36 
8 36 35 38 19 
9 23 41 39 40 
10 40 39 43 27 
11 27 43 51 52 
12 52 51 54 35 
13 39 57 55 56 
14 56 55 59 43 
15 43 59 67 68 
16 68 67 70 51 
17 55 73 71 72 
18 72 71 75 59 
19 15 84 83 33 
20 84 17 85 83 
21 83 85 8 86 
22 33 83 86 18 
23 31 88 87 49 
24 88 33 89 87 
25 87 89 18 90 
26 49 87 90 34 
27 92 49 93 91 
28 91 93 34 94 
29 7 114 112 113 
30 114 16 115 112 
31 112 115 15 32 
32 113 112 32 13 
33 13 118 116 117 
34 118 32 119 116 
35 116 119 31 48 
36 117 116 48 26 
37 26 122 120 121 
38 122 48 123 120 
39 120 123 47 64 
40 121 120 64 42 
41 42 126 124 125 
42 126 64 127 124 
43 124 127 63 80 
44 125 124 80 58 
45 80 130 128 129 
46 130 63 131 128 
47 18 86 137 45 
48 86 8 138 137 
49 137 138 29 139 
50 45 137 139 28 
51 34 90 140 61 
52 90 18 141 140 
53 140 141 45 142 
54 61 140 142 44 
55 94 34 144 143 
56 143 144 61 145 
57 154 81 155 153 
58 153 155 106 156 
59 161 163 107 164 
60 162 161 164 82 
61 156 106 171 170 
62 170 171 66 172 
63 163 170 172 107 
64 174 153 175 173 
65 173 175 156 176 
66 177 179 163 180 
67 178 177 180 161 
68 176 156 187 186 
69 186 187 170 188 
70 179 186 188 163 
71 168 190 189 184 
72 190 173 191 189 
73 189 191 176 192 
74 184 189 192 103 
75 193 195 179 196 
76 194 193 196 177 
77 199 184 200 197 
78 197 200 103 201 
79 58 204 202 203 
80 204 80 129 202 
81 103 192 221 195 
82 192 176 222 221 
83 221 222 186 223 
84 195 221 223 179 
85 185 201 224 225 
86 201 103 226 224 
87 224 226 195 227 
88 225 224 227 193 
89 230 197 231 228 
90 228 231 201 232 
91 229 228 232 185 
92 59 75 233 234 
93 234 233 235 67 
94 239 162 82 241 
95 240 239 241 111 
96 242 178 161 244 
97 243 242 244 162 
98 245 194 177 247 
99 246 245 247 178 
100 169 220 248 249 
101 220 185 225 248 
102 248 225 193 250 
103 249 248 250 194 
104 217 253 251 252 
105 251 229 185 254 
106 252 251 254 220 
107 129 257 255 256 
108 257 128 258 255 
109 255 258 105 134 
110 256 255 134 79 
111 134 261 259 260 
112 261 105 262 259 
113 259 262 135 167 
114 260 259 167 132 
115 167 265 263 264 
116 265 135 266 263 
117 263 266 168 183 
118 264 263 183 165 
119 183 269 267 268 
120 269 168 270 267 
121 267 270 184 199 
122 268 267 199 181 
123 181 273 271 272 
124 273 199 274 271 
125 271 274 197 230 
126 198 277 275 276 
127 277 230 278 275 
128 275 278 228 279 
129 276 275 279 229 
130 165 282 280 281 
131 282 183 268 280 
132 280 268 181 219 
133 281 280 219 182 
134 219 285 283 284 
135 285 181 272 283 
136 284 283 253 217 
137 253 288 286 287 
138 286 276 229 289 
139 287 286 289 251 
140 283 292 290 291 
141 292 272 293 290 
142 290 293 198 288 
143 291 290 288 253 
144 288 296 294 295 
145 296 198 297 294 
146 294 297 276 298 
147 295 294 298 286 
148 305 217 252 303 
149 303 252 220 306 
150 304 303 306 169 
151 216 302 307 308 
152 302 169 249 307 
153 307 249 194 309 
154 308 307 309 245 
155 299 312 310 311 
156 312 218 304 310 
157 310 304 169 313 
158 311 310 313 302 
159 182 316 314 315 
160 316 219 284 314 
161 314 284 217 305 
162 315 314 305 218 
163 218 319 317 318 
164 319 305 320 317 
165 317 320 303 321 
166 318 317 321 304 
167 214 328 326 327 
168 328 213 300 326 
169 326 300 216 329 
170 327 326 329 136 
171 300 332 330 331 
172 332 299 311 330 
173 330 311 302 333 
174 331 330 333 216 
175 334 246 178 336 
176 335 334 336 242 
177 322 339 337 338 
178 339 214 327 337 
179 337 327 136 340 
180 338 337 340 325 
181 323 351 349 350 
182 351 322 338 349 
183 349 338 325 352 
184 350 349 352 212 
185 353 243 162 355 
186 354 353 355 239 
187 356 335 242 358 
188 357 356 358 243 
189 345 361 359 360 
190 361 323 350 359 
191 359 350 212 362 
192 360 359 362 348 
193 369 345 360 367 
194 367 360 348 370 
195 371 357 243 373 
196 372 371 373 353 
197 104 370 378 379 
198 370 348 380 378 
199 378 380 356 381 
200 379 378 381 357 
201 368 384 382 383 
202 384 367 385 382 
203 382 385 370 386 
204 383 382 386 104 
205 71 389 387 388 
206 389 74 109 387 
207 387 109 5 390 
208 388 387 390 75 
209 74 393 391 392 
210 393 110 206 391 
211 391 206 108 394 
212 392 391 394 109 
213 206 397 395 396 
214 396 395 398 108 
215 109 394 407 408 
216 394 108 240 407 
217 407 240 111 409 
218 408 407 409 5 
219 108 398 410 411 
220 410 354 239 412 
221 411 410 412 240 
222 413 372 353 415 
223 414 413 415 354 
224 344 406 416 417 
225 406 366 418 416 
226 416 418 371 419 
227 417 416 419 372 
228 403 422 420 421 
229 420 423 366 424 
230 421 420 424 406 
231 202 427 425 426 
232 427 129 256 425 
233 425 256 79 207 
234 426 425 207 110 
235 207 430 428 429 
236 430 79 431 428 
237 428 431 133 343 
238 429 428 343 205 
239 343 434 432 433 
240 434 133 435 432 
241 432 435 210 365 
242 433 432 365 341 
243 341 438 436 437 
244 438 365 439 436 
245 436 439 363 405 
246 437 436 405 364 
247 405 442 440 441 
248 442 363 443 440 
249 440 443 375 422 
250 441 440 422 403 
251 366 377 444 418 
252 377 104 379 444 
253 444 379 357 445 
254 418 444 445 371 
255 375 447 446 423 
256 447 374 448 446 
257 446 448 377 449 
258 423 446 449 366 
259 422 452 450 451 
260 452 375 453 450 
261 450 453 423 454 
262 451 450 454 420 
263 404 461 459 460 
264 461 403 421 459 
265 459 421 406 462 
266 460 459 462 344 
267 402 458 463 464 
268 458 344 417 463 
269 463 417 372 465 
270 464 463 465 413 
271 455 468 466 467 
272 468 404 460 466 
273 466 460 344 469 
274 467 466 469 458 
275 395 472 470 471 
276 472 342 400 470 
277 470 400 208 473 
278 471 470 473 398 
279 400 476 474 475 
280 475 474 477 208 
281 478 467 458 481 
282 479 478 481 402 
283 205 484 482 483 
284 484 343 433 482 
285 482 433 341 401 
286 483 482 401 342 
287 401 487 485 486 
288 487 341 437 485 
289 485 437 364 457 
290 486 485 457 399 
291 399 490 488 489 
292 490 457 491 488 
293 480 494 492 493 
294 494 455 495 492 
295 492 495 467 496 
296 493 492 496 478 
297 398 473 497 498 
298 473 208 414 497 
299 497 414 354 499 
300 498 497 499 410 
301 208 477 500 501 
302 477 402 464 500 
303 500 464 413 502 
304 501 500 502 414 
305 474 505 503 504 
306 503 479 402 506 
307 504 503 506 477 
308 456 509 507 508 
309 509 480 493 507 
310 507 493 478 510 
311 508 507 510 479 
312 342 513 511 512 
313 513 401 486 511 
314 511 486 399 476 
315 512 511 476 400 
316 476 516 514 515 
317 516 399 489 514 
318 515 514 505 474 
319 505 519 517 518 
320 517 508 479 520 
321 518 517 520 503 
322 514 523 521 522 
323 523 489 524 521 
324 521 524 456 519 
325 522 521 519 505 
326 519 527 525 526 
327 527 456 528 525 
328 525 528 508 529 
329 526 525 529 517 
330 21 46 530 531 
331 46 28 532 530 
332 530 532 30 533 
333 531 530 533 9 
334 37 62 534 535 
335 62 44 536 534 
336 534 536 46 537 
337 535 534 537 21 
338 53 78 538 539 
339 78 60 540 538 
340 538 540 62 541 
341 539 538 541 37 
342 69 102 542 543 
343 102 76 544 542 
344 542 544 78 545 
345 543 542 545 53 
346 99 160 546 547 
347 160 101 548 546 
348 546 548 76 549 
349 547 546 549 102 
350 158 552 550 551 
351 550 553 160 554 
352 551 550 554 99 
353 82 164 555 556 
354 164 107 557 555 
355 556 555 552 158 
356 562 159 563 561 
357 561 563 101 564 
358 553 561 564 160 
359 552 567 565 566 
360 565 568 553 569 
361 566 565 569 550 
362 107 172 570 557 
363 172 66 571 570 
364 570 571 159 562 
365 555 574 572 573 
366 574 557 575 572 
367 572 575 157 567 
368 573 572 567 552 
369 157 577 576 568 
370 577 562 578 576 
371 576 578 561 579 
372 568 576 579 553 
373 567 582 580 581 
374 582 157 583 580 
375 580 583 568 584 
376 581 580 584 565 
377 586 91 587 585 
378 585 587 94 588 
379 149 595 593 594 
380 593 596 98 597 
381 594 593 597 152 
382 64 599 598 127 
383 599 47 600 598 
384 598 600 65 96 
385 127 598 96 63 
386 63 602 601 131 
387 602 96 603 601 
388 150 606 604 605 
389 606 95 607 604 
390 604 607 151 595 
391 605 604 595 149 
392 588 94 609 608 
393 608 609 143 610 
394 151 615 614 596 
395 615 589 616 614 
396 614 616 592 617 
397 596 614 617 98 
398 595 620 618 619 
399 620 151 621 618 
400 618 621 596 622 
401 619 618 622 593 
402 624 585 625 623 
403 623 625 588 626 
404 589 628 627 616 
405 628 591 629 627 
406 627 629 50 630 
407 616 627 630 592 
408 626 588 632 631 
409 631 632 608 633 
410 591 635 634 629 
411 635 623 636 634 
412 634 636 626 637 
413 629 634 637 50 
414 81 639 638 155 
415 639 150 605 638 
416 638 605 149 640 
417 155 638 640 106 
418 12 643 641 642 
419 643 7 113 641 
420 641 113 13 25 
421 642 641 25 10 
422 16 645 644 115 
423 645 2 646 644 
424 644 646 17 84 
425 115 644 84 15 
426 19 38 647 648 
427 38 21 531 647 
428 647 531 9 649 
429 648 647 649 22 
430 25 652 650 651 
431 652 13 117 650 
432 650 117 26 41 
433 651 650 41 23 
434 28 139 653 532 
435 139 29 654 653 
436 653 654 3 655 
437 532 653 655 30 
438 32 657 656 119 
439 657 15 658 656 
440 656 658 33 88 
441 119 656 88 31 
442 35 54 659 660 
443 54 37 535 659 
444 659 535 21 661 
445 660 659 661 38 
446 41 664 662 663 
447 664 26 121 662 
448 662 121 42 57 
449 663 662 57 39 
450 44 142 665 536 
451 142 45 666 665 
452 665 666 28 667 
453 536 665 667 46 
454 48 669 668 123 
455 669 31 670 668 
456 668 670 49 92 
457 123 668 92 47 
458 51 70 671 672 
459 70 53 539 671 
460 671 539 37 673 
461 672 671 673 54 
462 57 676 674 675 
463 676 42 125 674 
464 674 125 58 73 
465 675 674 73 55 
466 60 145 677 540 
467 145 61 678 677 
468 677 678 44 679 
469 540 677 679 62 
470 67 235 680 681 
471 235 69 543 680 
472 680 543 53 682 
473 681 680 682 70 
474 73 685 683 684 
475 685 58 203 683 
476 683 203 74 389 
477 684 683 389 71 
478 76 148 686 544 
479 148 77 687 686 
480 686 687 60 688 
481 544 686 688 78 
482 47 690 689 600 
483 690 92 691 689 
484 689 691 91 586 
485 600 689 586 65 
486 96 693 692 603 
487 693 65 694 692 
488 100 238 695 696 
489 238 99 547 695 
490 695 547 102 697 
491 696 695 697 69 
492 128 699 698 258 
493 699 131 700 698 
494 698 700 81 154 
495 258 698 154 105 
496 79 702 701 431 
497 702 134 260 701 
498 701 260 132 211 
499 431 701 211 133 
500 77 610 703 687 
501 610 143 704 703 
502 703 704 145 705 
503 687 703 705 60 
504 101 560 706 548 
505 560 146 707 706 
506 706 707 148 708 
507 548 706 708 76 
508 106 640 709 171 
509 640 149 594 709 
510 709 594 152 710 
511 171 709 710 66 
512 105 712 711 262 
513 712 154 713 711 
514 711 713 153 174 
515 262 711 174 135 
516 132 716 714 715 
517 716 167 264 714 
518 714 264 165 215 
519 715 714 215 166 
520 135 718 717 266 
521 718 174 719 717 
522 717 719 173 190 
523 266 717 190 168 
524 203 722 720 721 
525 722 202 426 720 
526 720 426 110 393 
527 721 720 393 74 
528 110 725 723 724 
529 725 207 429 723 
530 723 429 205 397 
531 724 723 397 206 
532 133 727 726 435 
533 727 211 728 726 
534 726 728 209 347 
535 435 726 347 210 
536 211 730 729 728 
537 730 132 715 729 
538 729 715 166 324 
539 728 729 324 209 
540 215 733 731 732 
541 733 165 281 731 
542 731 281 182 301 
543 732 731 301 213 
544 75 390 734 735 
545 390 5 237 734 
546 734 237 100 736 
547 735 734 736 233 
548 233 736 737 738 
549 736 100 696 737 
550 737 696 69 739 
551 738 737 739 235 
552 111 241 740 741 
553 241 82 556 740 
554 740 556 158 742 
555 741 740 742 236 
556 236 742 743 744 
557 742 158 551 743 
558 743 551 99 745 
559 744 743 745 238 
560 136 329 746 747 
561 329 216 308 746 
562 746 308 245 748 
563 747 746 748 246 
564 272 750 749 293 
565 750 271 751 749 
566 749 751 230 277 
567 293 749 277 198 
568 301 754 752 753 
569 754 182 315 752 
570 752 315 218 312 
571 753 752 312 299 
572 325 340 755 756 
573 340 136 747 755 
574 755 747 246 757 
575 756 755 757 334 
576 348 362 758 380 
577 362 212 759 758 
578 758 759 335 760 
579 380 758 760 356 
580 365 762 761 439 
581 762 210 763 761 
582 761 763 346 376 
583 439 761 376 363 
584 363 765 764 443 
585 765 376 766 764 
586 764 766 374 447 
587 443 764 447 375 
588 374 768 767 448 
589 768 368 383 767 
590 767 383 104 769 
591 448 767 769 377 
592 397 772 770 771 
593 772 205 483 770 
594 770 483 342 472 
595 771 770 472 395 
596 364 775 773 774 
597 775 405 441 773 
598 773 441 403 461 
599 774 773 461 404 
600 457 777 776 491 
601 777 364 774 776 
602 776 774 404 468 
603 491 776 468 455 
604 489 779 778 524 
605 779 488 780 778 
606 778 780 480 509 
607 524 778 509 456 
608 66 710 781 571 
609 710 152 782 781 
610 781 782 558 783 
611 571 781 783 159 
612 152 597 784 782 
613 597 98 785 784 
614 784 785 559 786 
615 782 784 786 558 
616 159 783 787 563 
617 783 558 788 787 
618 787 788 560 789 
619 563 787 789 101 
620 557 791 790 575 
621 791 570 792 790 
622 790 792 562 577 
623 575 790 577 157 
624 65 794 793 694 
625 794 586 795 793 
626 793 795 585 624 
627 95 797 796 607 
628 797 590 798 796 
629 796 798 589 615 
630 607 796 615 151 
631 590 800 799 798 
632 800 97 801 799 
633 799 801 591 628 
634 798 799 628 589 
635 131 803 802 700 
636 803 601 804 802 
637 802 804 150 639 
638 700 802 639 81 
639 98 617 805 785 
640 617 592 806 805 
641 805 806 611 807 
642 785 805 807 559 
643 592 630 808 806 
644 630 50 809 808 
645 808 809 612 810 
646 806 808 810 611 
647 97 812 811 801 
648 812 624 813 811 
649 811 813 623 635 
650 801 811 635 591 
651 50 637 814 809 
652 637 626 815 814 
653 814 815 631 816 
654 809 814 816 612 
655 146 613 817 707 
656 613 147 818 817 
657 817 818 77 819 
658 707 817 819 148 
659 166 822 820 821 
660 822 215 732 820 
661 820 732 213 328 
662 821 820 328 214 
663 5 409 823 824 
664 409 111 741 823 
665 823 741 236 825 
666 824 823 825 237 
667 237 825 826 827 
668 825 236 744 826 
669 826 744 238 828 
670 827 826 828 100 
671 213 831 829 830 
672 831 301 753 829 
673 829 753 299 332 
674 830 829 332 300 
675 324 834 832 833 
676 834 166 821 832 
677 832 821 214 339 
678 833 832 339 322 
679 212 352 835 759 
680 352 325 756 835 
681 835 756 334 836 
682 759 835 836 335 
683 210 838 837 763 
684 838 347 839 837 
685 837 839 345 369 
686 763 837 369 346 
687 347 841 840 839 
688 841 209 842 840 
689 840 842 323 361 
690 839 840 361 345 
691 376 844 843 766 
692 844 346 845 843 
693 843 845 368 768 
694 766 843 768 374 
695 488 847 846 780 
696 847 491 848 846 
697 846 848 455 494 
698 780 846 494 480 
699 558 786 849 788 
700 786 559 850 849 
701 849 850 146 851 
702 788 849 851 560 
703 601 853 852 804 
704 853 603 854 852 
705 852 854 95 606 
706 804 852 606 150 
707 147 633 855 818 
708 633 608 856 855 
709 855 856 610 857 
710 818 855 857 77 
711 559 807 858 850 
712 807 611 859 858 
713 858 859 613 860 
714 850 858 860 146 
715 603 862 861 854 
716 862 692 863 861 
717 861 863 590 797 
718 854 861 797 95 
719 209 865 864 842 
720 865 324 833 864 
721 864 833 322 351 
722 842 864 351 323 
723 346 867 866 845 
724 867 369 868 866 
725 866 868 367 384 
726 845 866 384 368 
727 611 810 869 859 
728 810 612 870 869 
729 869 870 147 871 
730 859 869 871 613 
731 612 816 872 870 
732 816 631 873 872 
733 872 873 633 874 
734 870 872 874 147 
735 692 876 875 863 
736 876 694 877 875 
737 875 877 97 800 
738 863 875 800 590 
739 694 879 878 877 
740 879 793 880 878 
741 878 880 624 812 
742 877 878 812 97 
