2 0.000000 100.000000 407.315828
1035 871 
1 -79.021551 0.000000 -81.151989 98.473315 0.003063 17.366950 0.000140 
2 92.672542 0.000000 -81.151989 98.478139 0.021664 17.327560 0.000181 
3 92.672542 0.000000 85.501989 98.499761 -0.033711 17.292163 -0.000122 
4 -79.021551 0.000000 85.501989 98.490490 -0.005154 17.365820 -0.000195 
5 6.825495 0.000000 2.175000 102.203670 -0.052032 4.772462 -0.046837 
6 -79.021551 0.000000 2.175000 98.483063 -0.001322 17.376587 -0.000086 
7 6.825495 0.000000 -81.151989 98.459161 0.012826 17.342265 0.000504 
8 92.672542 0.000000 2.175000 98.727980 0.205692 15.943819 -0.000146 
9 6.825495 0.000000 85.501989 98.509647 -0.017366 17.335313 -0.000466 
10 -36.098028 0.000000 -39.488495 98.449045 0.005772 17.373267 0.000596 
11 -79.021551 0.000000 -39.488495 98.474011 0.001617 17.372422 0.000107 
12 -36.098028 0.000000 -81.151989 98.464666 0.006456 17.361306 0.000329 
13 6.825495 0.000000 -39.488495 98.393379 0.025105 17.267017 0.002059 
14 -36.098028 0.000000 2.175000 98.491655 -0.002748 17.415025 -0.000389 
15 49.749019 0.000000 -39.488495 98.471990 0.044274 17.214063 0.000694 
16 49.749019 0.000000 -81.151989 98.468999 0.019047 17.327346 0.000362 
17 92.672542 0.000000 -39.488495 98.491070 0.043702 17.250231 0.000194 
18 49.749019 0.000000 2.175000 99.227465 0.530812 13.062549 -0.001700 
19 -36.098028 0.000000 43.838495 98.521011 -0.009923 17.367821 -0.000803 
20 -79.021551 0.000000 43.838495 98.491084 -0.004064 17.371287 -0.000226 
21 6.825495 0.000000 43.838495 98.591449 -0.032859 17.245960 -0.001770 
22 -36.098028 0.000000 85.501989 98.500778 -0.009452 17.358504 -0.000372 
23 -14.636266 0.000000 -18.656747 98.339249 0.010128 17.397663 0.002671 
24 -36.098028 0.000000 -18.656747 98.451554 0.002831 17.397122 0.000463 
25 -14.636266 0.000000 -39.488495 98.412496 0.012269 17.347758 0.001404 
26 6.825495 0.000000 -18.656747 98.135882 0.047295 16.931763 0.008266 
27 -14.636266 0.000000 2.175000 98.543234 -0.005800 17.589993 -0.002018 
28 49.749019 0.000000 43.838495 98.552148 -0.064694 17.090417 -0.000461 
29 92.672542 0.000000 43.838495 98.560861 -0.088449 16.936579 -0.000110 
30 49.749019 0.000000 85.501989 98.504977 -0.026509 17.309523 -0.000285 
31 28.287257 0.000000 -18.656747 98.455514 0.093049 16.766047 0.002540 
32 28.287257 0.000000 -39.488495 98.436241 0.038510 17.210490 0.001410 
33 49.749019 0.000000 -18.656747 98.524236 0.091626 16.909689 0.000703 
34 28.287257 0.000000 2.175000 99.894583 2.665823 9.107750 -0.006899 
35 -14.636266 0.000000 23.006747 98.651411 -0.018379 17.368074 -0.003375 
36 -36.098028 0.000000 23.006747 98.525163 -0.007830 17.390632 -0.000964 
37 6.825495 0.000000 23.006747 98.876863 -0.058737 16.904732 -0.006241 
38 -14.636266 0.000000 43.838495 98.561422 -0.017951 17.336407 -0.001491 
39 -3.905385 0.000000 -8.240874 97.798511 0.015145 17.485029 0.012972 
40 -14.636266 0.000000 -8.240874 98.347020 0.004240 17.510800 0.002124 
41 -3.905385 0.000000 -18.656747 98.181775 0.021924 17.272082 0.006201 
42 6.825495 0.000000 -8.240874 97.288774 0.072855 15.572873 0.029237 
43 -3.905385 0.000000 2.175000 98.919224 -0.011609 18.470534 -0.012617 
44 28.287257 0.000000 23.006747 98.726090 -0.119669 16.425900 -0.001667 
45 49.749019 0.000000 23.006747 98.738206 -0.161182 15.999725 -0.000525 
46 28.287257 0.000000 43.838495 98.571532 -0.050613 17.152574 -0.001056 
47 17.556376 0.000000 -8.240874 98.415018 0.197944 15.212623 0.008302 
48 17.556376 0.000000 -18.656747 98.322730 0.077783 16.738929 0.005244 
49 28.287257 0.000000 -8.240874 98.646360 0.204142 15.689120 0.002271 
50 17.556376 0.000000 2.175000 100.371240 -1.463902 5.658952 -0.010855 
51 -3.905385 0.000000 12.590874 99.194705 -0.031583 17.306231 -0.013910 
52 -14.636266 0.000000 12.590874 98.684179 -0.014511 17.465137 -0.004360 
53 6.825495 0.000000 12.590874 99.664430 -0.090717 15.835583 -0.018377 
54 -3.905385 0.000000 23.006747 98.799954 -0.032410 17.230206 -0.005831 
55 1.460055 0.000000 -3.032937 94.838254 0.012707 17.660301 0.069382 
56 -3.905385 0.000000 -3.032937 97.799333 0.003252 18.098012 0.010775 
57 1.460055 0.000000 -8.240874 97.171504 0.031410 16.821434 0.027474 
58 6.825495 0.000000 -3.032937 95.617536 0.069099 11.569381 0.072343 
59 1.460055 0.000000 2.175000 103.842815 -0.019302 22.750387 -0.130091 
60 17.556376 0.000000 12.590874 99.169050 -0.199955 14.805380 -0.005374 
61 28.287257 0.000000 12.590874 99.108289 -0.268428 14.119858 -0.002190 
62 17.556376 0.000000 23.006747 98.793719 -0.092013 16.612570 -0.003618 
63 12.190936 0.000000 -3.032937 98.206521 0.375582 11.361567 0.022625 
64 12.190936 0.000000 -8.240874 97.993803 0.146165 15.099591 0.016920 
65 17.556376 0.000000 -3.032937 98.908331 0.503335 12.397498 0.006319 
66 12.190936 0.000000 2.175000 100.125013 -1.083339 5.698765 -0.005867 
67 1.460055 0.000000 7.382937 101.066032 -0.046069 16.686697 -0.049279 
68 -3.905385 0.000000 7.382937 99.455042 -0.024533 17.691094 -0.020428 
69 6.825495 0.000000 7.382937 101.056035 -0.112335 13.592383 -0.039709 
70 1.460055 0.000000 12.590874 99.621088 -0.052248 16.737329 -0.020450 
71 4.142775 0.000000 -0.428968 84.897731 -0.012807 9.165078 0.270838 
72 1.460055 0.000000 -0.428968 93.730575 -0.004510 22.277445 0.071829 
73 4.142775 0.000000 -3.032937 93.734310 0.025912 14.179924 0.101281 
74 6.825495 0.000000 -0.428968 96.029871 -0.001389 5.399901 0.074910 
75 4.142775 0.000000 2.175000 114.130765 -0.019501 8.205602 -0.309316 
76 12.190936 0.000000 7.382937 99.945976 -0.270371 12.348453 -0.014176 
77 17.556376 0.000000 7.382937 99.613076 -0.397545 11.845420 -0.006324 
78 12.190936 0.000000 12.590874 99.371584 -0.148626 15.189975 -0.010547 
79 9.508216 0.000000 -0.428968 96.670155 0.123161 6.344606 0.061461 
80 9.508216 0.000000 -3.032937 97.253267 0.190116 11.194126 0.041646 
81 12.190936 0.000000 -0.428968 98.929792 1.390858 7.028597 0.016156 
82 9.508216 0.000000 2.175000 101.717299 -0.000000 5.417629 -0.037576 
83 71.210780 0.000000 -18.656747 98.527652 0.083115 17.014106 0.000282 
84 71.210780 0.000000 -39.488495 98.486271 0.044942 17.232595 0.000349 
85 92.672542 0.000000 -18.656747 98.522275 0.074923 17.086007 0.000142 
86 71.210780 0.000000 2.175000 98.885766 0.295828 15.035507 -0.000455 
87 39.018138 0.000000 -8.240874 98.660629 0.182725 16.043840 0.000864 
88 39.018138 0.000000 -18.656747 98.507578 0.094471 16.840569 0.001264 
89 49.749019 0.000000 -8.240874 98.640814 0.162512 16.299159 0.000430 
90 39.018138 0.000000 2.175000 99.551848 0.888512 11.175632 -0.003625 
91 22.921817 0.000000 -3.032937 99.022003 0.456162 13.254254 0.001876 
92 22.921817 0.000000 -8.240874 98.587611 0.213108 15.459723 0.004143 
93 28.287257 0.000000 -3.032937 98.993281 0.397398 13.906529 0.000678 
94 22.921817 0.000000 2.175000 99.734478 -5.146949 9.837137 -0.007023 
95 14.873656 0.000000 -0.428968 99.415373 1.457729 8.083924 0.004911 
96 14.873656 0.000000 -3.032937 98.699601 0.480647 11.860774 0.011748 
97 17.556376 0.000000 -0.428968 99.584256 1.342951 9.145325 -0.000246 
98 14.873656 0.000000 2.175000 100.125954 -1.282013 5.998728 -0.006284 
99 9.508216 0.000000 4.778968 100.948026 -0.260397 9.940838 -0.028939 
100 6.825495 0.000000 4.778968 102.409067 -0.110800 10.624444 -0.060051 
101 12.190936 0.000000 4.778968 100.220857 -0.507656 9.683615 -0.013825 
102 9.508216 0.000000 7.382937 100.406398 -0.179955 12.772102 -0.024460 
103 10.849576 0.000000 0.873016 96.941224 -5.401433 20.522783 0.015204 
104 9.508216 0.000000 0.873016 103.771664 -0.055843 0.473490 -0.076879 
105 10.849576 0.000000 -0.428968 98.227696 0.797097 6.285870 0.031117 
106 12.190936 0.000000 0.873016 97.802018 -0.127903 23.057255 -0.009689 
107 10.849576 0.000000 2.175000 100.631122 -0.303955 5.244044 -0.015422 
108 8.166856 0.000000 0.873016 99.567528 -0.013259 4.048871 0.006991 
109 6.825495 0.000000 0.873016 99.140654 0.006448 0.583201 0.017079 
110 8.166856 0.000000 -0.428968 96.913682 0.026365 6.909610 0.055999 
111 8.166856 0.000000 2.175000 101.558634 -0.116625 6.094416 -0.035131 
112 28.287257 0.000000 -60.320242 98.452840 0.023137 17.302357 0.000767 
113 6.825495 0.000000 -60.320242 98.442163 0.016991 17.323540 0.000904 
114 28.287257 0.000000 -81.151989 98.462951 0.016315 17.332510 0.000463 
115 49.749019 0.000000 -60.320242 98.466892 0.027219 17.295816 0.000513 
116 17.556376 0.000000 -29.072621 98.375557 0.046477 17.103673 0.002971 
117 6.825495 0.000000 -29.072621 98.326287 0.033016 17.183319 0.003667 
118 17.556376 0.000000 -39.488495 98.411110 0.032536 17.228967 0.001841 
119 28.287257 0.000000 -29.072621 98.430861 0.055661 17.081680 0.001958 
120 12.190936 0.000000 -13.448810 98.108076 0.090392 16.309421 0.010880 
121 6.825495 0.000000 -13.448810 97.891591 0.058651 16.569710 0.014268 
122 12.190936 0.000000 -18.656747 98.221484 0.063178 16.795799 0.007044 
123 17.556376 0.000000 -13.448810 98.317276 0.114852 16.268867 0.006902 
124 9.508216 0.000000 -5.636905 97.415694 0.139017 13.847368 0.031841 
125 6.825495 0.000000 -5.636905 96.664262 0.077629 14.341563 0.045033 
126 9.508216 0.000000 -8.240874 97.652215 0.107323 15.218596 0.023243 
127 12.190936 0.000000 -5.636905 98.006083 0.219762 13.793226 0.020451 
128 10.849576 0.000000 -1.730953 97.915784 0.413089 9.178498 0.032808 
129 9.508216 0.000000 -1.730953 97.146321 0.199438 9.081825 0.048007 
130 10.849576 0.000000 -3.032937 97.805651 0.280338 11.243048 0.030757 
131 12.190936 0.000000 -1.730953 98.481019 0.617277 9.483056 0.021118 
132 10.178896 0.000000 0.222024 97.581925 0.101565 3.516649 0.046539 
133 9.508216 0.000000 0.222024 95.579869 -0.086933 4.142699 0.084732 
134 10.178896 0.000000 -0.428968 97.471055 0.342587 6.048206 0.046270 
135 10.849576 0.000000 0.222024 98.973129 1.656618 5.000819 0.017657 
136 10.178896 0.000000 0.873016 100.399360 -0.165774 0.320911 -0.008016 
137 71.210780 0.000000 23.006747 98.862560 -0.214090 15.225212 -0.000566 
138 92.672542 0.000000 23.006747 99.122110 -0.306618 13.735482 -0.001395 
139 71.210780 0.000000 43.838495 98.550462 -0.076396 17.025614 -0.000207 
140 39.018138 0.000000 12.590874 99.243756 -0.340204 13.134033 -0.002194 
141 49.749019 0.000000 12.590874 99.473112 -0.450293 11.765185 -0.003352 
142 39.018138 0.000000 23.006747 98.714336 -0.140393 16.239896 -0.000827 
143 22.921817 0.000000 7.382937 99.613263 -0.483417 11.197014 -0.004841 
144 28.287257 0.000000 7.382937 99.735644 -0.598816 10.333846 -0.005435 
145 22.921817 0.000000 12.590874 99.098362 -0.236178 14.487188 -0.003042 
146 14.873656 0.000000 4.778968 99.957308 -0.669759 9.487308 -0.008192 
147 17.556376 0.000000 4.778968 99.931834 -0.781521 9.224741 -0.007208 
148 14.873656 0.000000 7.382937 99.701757 -0.341796 12.098668 -0.008694 
149 13.532296 0.000000 0.873016 99.112238 3.520543 16.242720 -0.009946 
150 13.532296 0.000000 -0.428968 99.228470 1.479573 7.582195 0.009403 
151 14.873656 0.000000 0.873016 99.722559 3.490942 13.504041 -0.013913 
152 13.532296 0.000000 2.175000 100.030626 -1.196473 5.956317 -0.004304 
153 11.520256 0.000000 0.222024 99.080270 2.693640 5.827249 0.014189 
154 11.520256 0.000000 -0.428968 98.671432 1.206028 6.689025 0.021775 
155 12.190936 0.000000 0.222024 99.247525 2.803890 6.184591 0.010382 
156 11.520256 0.000000 0.873016 98.754979 -3.763588 21.042995 -0.020952 
157 10.849576 0.000000 3.476984 100.653431 -0.117647 7.875260 -0.019315 
158 9.508216 0.000000 3.476984 101.261362 -0.445403 7.944081 -0.031717 
159 12.190936 0.000000 3.476984 100.252507 -0.343486 7.891871 -0.011296 
160 10.849576 0.000000 4.778968 100.494405 -0.384478 9.833913 -0.019598 
161 10.178896 0.000000 1.524008 101.110783 0.000000 3.055552 -0.023273 
162 9.508216 0.000000 1.524008 102.700177 0.000000 3.712145 -0.056111 
163 10.849576 0.000000 1.524008 100.165782 -0.681681 3.972070 -0.004943 
164 10.178896 0.000000 2.175000 101.108254 0.000000 5.118371 -0.024908 
165 10.514236 0.000000 0.547520 100.212398 -0.092670 3.098088 -0.005213 
166 10.178896 0.000000 0.547520 97.923455 -0.509530 1.696580 0.040786 
167 10.514236 0.000000 0.222024 98.548400 0.650627 4.151694 0.027055 
168 10.849576 0.000000 0.547520 100.127193 3.542953 7.265189 -0.009079 
169 10.514236 0.000000 0.873016 96.957539 -0.438298 0.607788 0.059867 
170 11.520256 0.000000 1.524008 99.974948 -1.858824 4.684112 -0.002039 
171 12.190936 0.000000 1.524008 99.924170 -2.265454 4.854676 -0.001354 
172 11.520256 0.000000 2.175000 100.296688 -0.731812 5.478453 -0.008997 
173 11.184916 0.000000 0.547520 99.240553 4.971977 7.670856 0.006775 
174 11.184916 0.000000 0.222024 99.016478 2.392017 5.548684 0.015923 
175 11.520256 0.000000 0.547520 99.158548 5.172598 7.526586 0.008418 
176 11.184916 0.000000 0.873016 98.173488 -4.442845 21.265443 -0.010999 
177 10.514236 0.000000 1.198512 99.490166 -0.000000 2.702523 0.009440 
178 10.178896 0.000000 1.198512 100.961357 -0.000000 1.663675 -0.019596 
179 10.849576 0.000000 1.198512 99.317567 -1.822433 4.552852 0.011197 
180 10.514236 0.000000 1.524008 100.340298 -0.000000 3.319309 -0.007919 
181 10.681906 0.000000 0.710268 98.416173 -3.237467 0.000000 0.030378 
182 10.514236 0.000000 0.710268 99.296376 -1.917352 0.000000 0.013655 
183 10.681906 0.000000 0.547520 100.988639 1.386910 5.450358 -0.023034 
184 10.849576 0.000000 0.710268 100.223445 5.287361 16.132196 -0.033294 
185 10.681906 0.000000 0.873016 89.454982 -1.059307 6.248443 0.195764 
186 11.184916 0.000000 1.198512 99.625702 -3.154075 5.331109 0.003635 
187 11.520256 0.000000 1.198512 99.716257 -4.093115 5.081857 0.001409 
188 11.184916 0.000000 1.524008 100.038210 -1.510378 4.407671 -0.002935 
189 11.017246 0.000000 0.710268 99.143103 6.280323 14.612155 -0.008231 
190 11.017246 0.000000 0.547520 99.468393 4.606193 7.613130 0.002686 
191 11.184916 0.000000 0.710268 99.001573 6.232747 13.838248 -0.003166 
192 11.017246 0.000000 0.873016 97.938644 -5.448023 20.811622 -0.005478 
193 10.681906 0.000000 1.035764 97.156915 0.000000 5.233173 0.053315 
194 10.514236 0.000000 1.035764 98.203970 -0.000000 2.385621 0.035029 
195 10.849576 0.000000 1.035764 98.379696 -3.236790 7.058724 0.026113 
196 10.681906 0.000000 1.198512 99.089533 0.000000 3.703609 0.016755 
197 10.765741 0.000000 0.791642 93.558234 -2.132403 4.462827 0.122239 
198 10.681906 0.000000 0.791642 90.496677 -1.968145 4.182689 0.178898 
199 10.765741 0.000000 0.710268 103.491300 2.740698 16.255448 -0.098220 
200 10.849576 0.000000 0.791642 98.338629 1.714602 24.515750 -0.027445 
201 10.765741 0.000000 0.873016 83.231971 0.000000 13.305584 0.289540 
202 8.166856 0.000000 -1.730953 96.470025 0.089841 9.121744 0.061032 
203 6.825495 0.000000 -1.730953 95.394229 0.041424 9.181903 0.081563 
204 8.166856 0.000000 -3.032937 96.540021 0.111668 11.256576 0.055330 
205 8.837536 0.000000 0.222024 95.983941 -0.044972 6.400096 0.074612 
206 8.166856 0.000000 0.222024 97.674155 -0.027128 5.797826 0.042614 
207 8.837536 0.000000 -0.428968 96.592182 0.049733 6.874211 0.062269 
208 8.837536 0.000000 0.873016 101.943435 -0.000000 9.316440 -0.047926 
209 9.843556 0.000000 0.547520 96.309870 -0.406109 1.633029 0.072158 
210 9.508216 0.000000 0.547520 94.605241 -0.283611 2.130397 0.104523 
211 9.843556 0.000000 0.222024 96.535030 -0.066141 3.613225 0.066793 
212 9.843556 0.000000 0.873016 101.591146 -0.101020 -0.353841 -0.032090 
213 10.346566 0.000000 0.710268 99.390970 -1.019779 0.000000 0.012040 
214 10.178896 0.000000 0.710268 99.391103 -0.668766 0.000000 0.012096 
215 10.346566 0.000000 0.547520 98.928269 -0.474505 2.099324 0.020857 
216 10.346566 0.000000 0.873016 99.439382 -0.214838 0.262553 0.011169 
217 10.598071 0.000000 0.791642 95.998731 -2.135881 0.247359 0.077962 
218 10.514236 0.000000 0.791642 98.022406 -1.164766 0.085273 0.039024 
219 10.598071 0.000000 0.710268 98.611258 -3.574726 0.000000 0.026304 
220 10.598071 0.000000 0.873016 93.698276 -1.026379 1.807131 0.121631 
221 11.017246 0.000000 1.035764 99.245520 -4.655735 5.714574 0.009599 
222 11.184916 0.000000 1.035764 99.270014 -6.872861 6.729357 0.005294 
223 11.017246 0.000000 1.198512 99.509625 -2.699091 5.045691 0.006509 
224 10.765741 0.000000 0.954390 94.423029 0.000000 8.140186 0.101803 
225 10.681906 0.000000 0.954390 94.813313 0.000000 6.943582 0.096222 
226 10.849576 0.000000 0.954390 97.498235 -5.954353 11.706011 0.032161 
227 10.765741 0.000000 1.035764 97.600967 0.000000 5.168401 0.044734 
228 10.723823 0.000000 0.832329 89.010408 -1.427171 7.015030 0.202590 
229 10.681906 0.000000 0.832329 89.136561 -1.535757 5.529798 0.202174 
230 10.723823 0.000000 0.791642 92.935668 -2.269364 3.901719 0.134259 
231 10.765741 0.000000 0.832329 89.214404 -1.340216 7.391997 0.198435 
232 10.723823 0.000000 0.873016 88.955505 -0.823896 7.881948 0.202411 
233 4.142775 0.000000 4.778968 104.364516 -0.054827 13.623686 -0.107756 
234 1.460055 0.000000 4.778968 102.770289 -0.035345 17.569804 -0.087043 
235 4.142775 0.000000 7.382937 101.577723 -0.069144 15.093941 -0.054587 
236 8.166856 0.000000 3.476984 101.769379 -0.158972 8.170552 -0.042379 
237 6.825495 0.000000 3.476984 102.797769 -0.090937 8.235866 -0.063522 
238 8.166856 0.000000 4.778968 101.603807 -0.164260 10.091363 -0.042520 
239 8.837536 0.000000 1.524008 102.445782 -0.149607 5.485580 -0.052525 
240 8.166856 0.000000 1.524008 101.039356 -0.066404 5.339108 -0.023746 
241 8.837536 0.000000 2.175000 101.859521 -0.231110 6.041738 -0.041192 
242 9.843556 0.000000 1.198512 102.352912 -0.000000 1.548979 -0.047852 
243 9.508216 0.000000 1.198512 103.683457 0.000000 2.242559 -0.075529 
244 9.843556 0.000000 1.524008 102.019384 0.000000 3.135955 -0.041779 
245 10.346566 0.000000 1.035764 99.795544 -0.000000 1.103371 0.003963 
246 10.178896 0.000000 1.035764 100.707460 0.000000 0.830586 -0.014268 
247 10.346566 0.000000 1.198512 100.237595 -0.000000 1.928437 -0.005129 
248 10.598071 0.000000 0.954390 95.535525 -0.000000 4.220754 0.085515 
249 10.514236 0.000000 0.954390 97.195188 -0.000000 2.138540 0.054852 
250 10.598071 0.000000 1.035764 97.501046 -0.000000 3.729913 0.047963 
251 10.639988 0.000000 0.832329 91.619900 -1.702314 2.859894 0.159472 
252 10.598071 0.000000 0.832329 94.517619 -1.767671 0.848385 0.106258 
253 10.639988 0.000000 0.791642 93.437957 -2.187750 1.619451 0.126194 
254 10.639988 0.000000 0.873016 91.825012 -1.276932 3.705010 0.155281 
255 10.178896 0.000000 -1.079961 97.518568 0.335492 7.754107 0.042989 
256 9.508216 0.000000 -1.079961 97.082199 0.191455 7.907116 0.051249 
257 10.178896 0.000000 -1.730953 97.537292 0.297050 9.113296 0.040334 
258 10.849576 0.000000 -1.079961 98.023211 0.541944 7.854737 0.032946 
259 10.514236 0.000000 -0.103472 98.064339 0.623074 5.142163 0.035656 
260 10.178896 0.000000 -0.103472 97.453668 0.294421 4.872788 0.047895 
261 10.514236 0.000000 -0.428968 97.893317 0.550683 6.132831 0.037898 
262 10.849576 0.000000 -0.103472 98.477089 1.065477 5.487750 0.027101 
263 10.681906 0.000000 0.384772 99.473017 1.334825 4.558380 0.008256 
264 10.514236 0.000000 0.384772 99.100877 0.518645 3.650404 0.016542 
265 10.681906 0.000000 0.222024 98.845400 1.132547 4.571584 0.020740 
266 10.849576 0.000000 0.384772 99.424109 2.285503 5.330588 0.008121 
267 10.765741 0.000000 0.628894 101.810807 2.948910 9.318173 -0.046096 
268 10.681906 0.000000 0.628894 102.936487 0.807334 6.941432 -0.064476 
269 10.765741 0.000000 0.547520 100.655702 2.543263 6.605604 -0.018167 
270 10.849576 0.000000 0.628894 100.475810 4.574093 10.102330 -0.021837 
271 10.723823 0.000000 0.750955 98.415191 -3.186674 0.000000 0.030430 
272 10.681906 0.000000 0.750955 97.143599 -3.201284 0.650537 0.055245 
273 10.723823 0.000000 0.710268 98.407427 -2.722929 0.000000 0.030856 
274 10.765741 0.000000 0.750955 98.408321 -2.720280 0.000000 0.030840 
275 10.702865 0.000000 0.811985 91.257724 -1.772507 6.068952 0.163205 
276 10.681906 0.000000 0.811985 90.213588 -1.881486 4.438516 0.183827 
277 10.702865 0.000000 0.791642 91.805021 -1.819117 6.032927 0.153213 
278 10.723823 0.000000 0.811985 91.499534 -1.951522 4.764894 0.160132 
279 10.702865 0.000000 0.832329 88.529694 -1.376214 6.996649 0.211165 
280 10.598071 0.000000 0.628894 102.409774 -0.506050 4.158878 -0.050531 
281 10.514236 0.000000 0.628894 101.123869 -0.914807 2.545837 -0.023336 
282 10.598071 0.000000 0.547520 100.795290 0.456745 4.133010 -0.017698 
283 10.639988 0.000000 0.750955 98.493290 -3.435298 0.000000 0.028727 
284 10.598071 0.000000 0.750955 98.659278 -3.397822 0.000000 0.025480 
285 10.639988 0.000000 0.710268 98.458341 -3.833837 0.000000 0.029126 
286 10.660947 0.000000 0.811985 91.816632 -2.050146 2.960734 0.155674 
287 10.639988 0.000000 0.811985 92.968384 -2.101350 2.142681 0.134787 
288 10.660947 0.000000 0.791642 92.217244 -2.202394 2.735040 0.148365 
289 10.660947 0.000000 0.832329 90.576223 -1.636017 3.884566 0.177818 
290 10.660947 0.000000 0.771298 94.374781 -2.501021 2.242524 0.108212 
291 10.639988 0.000000 0.771298 95.004616 -2.639232 1.481932 0.096496 
292 10.660947 0.000000 0.750955 97.590739 -3.214917 0.328116 0.046560 
293 10.681906 0.000000 0.771298 94.016119 -2.509993 2.690277 0.114743 
294 10.671426 0.000000 0.801814 90.631391 -2.050881 3.834251 0.176704 
295 10.660947 0.000000 0.801814 90.629308 -2.086662 3.615362 0.176890 
296 10.671426 0.000000 0.791642 91.963663 -2.191915 3.313369 0.152690 
297 10.681906 0.000000 0.801814 89.763357 -1.858836 4.567765 0.191822 
298 10.671426 0.000000 0.811985 91.548260 -2.064779 3.618507 0.160156 
299 10.430401 0.000000 0.791642 98.859128 -0.730267 0.041449 0.022634 
300 10.346566 0.000000 0.791642 99.342046 -0.562363 0.053077 0.013084 
301 10.430401 0.000000 0.710268 99.366850 -1.326810 0.000000 0.012447 
302 10.430401 0.000000 0.873016 98.526811 -0.317646 0.292116 0.029228 
303 10.556153 0.000000 0.832329 96.251752 -1.437571 0.176921 0.073350 
304 10.514236 0.000000 0.832329 97.351023 -0.971513 0.081959 0.052183 
305 10.556153 0.000000 0.791642 97.193457 -1.475613 0.053164 0.055125 
306 10.556153 0.000000 0.873016 95.836265 -0.764566 0.812192 0.081417 
307 10.430401 0.000000 0.954390 98.645315 -0.000000 1.162493 0.026775 
308 10.346566 0.000000 0.954390 99.554573 -0.000000 0.710499 0.008838 
309 10.430401 0.000000 1.035764 99.046907 -0.000000 1.479061 0.018752 
310 10.472318 0.000000 0.832329 98.372056 -0.834942 0.058861 0.032224 
311 10.430401 0.000000 0.832329 98.754277 -0.735303 0.048696 0.024705 
312 10.472318 0.000000 0.791642 98.511810 -0.888865 0.039343 0.029463 
313 10.472318 0.000000 0.873016 98.045123 -0.426832 0.339015 0.038686 
314 10.556153 0.000000 0.750955 98.910397 -2.849378 0.000000 0.020861 
315 10.514236 0.000000 0.750955 99.214883 -2.025692 0.000000 0.015230 
316 10.556153 0.000000 0.710268 99.055236 -2.502574 0.000000 0.018180 
317 10.535195 0.000000 0.811985 97.520213 -1.192038 0.059141 0.048838 
318 10.514236 0.000000 0.811985 97.961586 -1.145103 0.083589 0.040221 
319 10.535195 0.000000 0.791642 97.631694 -1.333277 0.052515 0.046627 
320 10.556153 0.000000 0.811985 97.015960 -1.369971 0.071208 0.058602 
321 10.535195 0.000000 0.832329 97.115503 -1.167736 0.077560 0.056721 
322 10.011226 0.000000 0.710268 99.387626 -0.557975 0.000000 0.012179 
323 9.843556 0.000000 0.710268 99.383550 -0.426772 0.000000 0.012273 
324 10.011226 0.000000 0.547520 97.112055 -0.465308 1.620988 0.056640 
325 10.011226 0.000000 0.873016 101.013485 -0.087907 0.331380 -0.020384 
326 10.262731 0.000000 0.791642 99.719473 -0.437622 0.107436 0.005582 
327 10.178896 0.000000 0.791642 100.021052 -0.389631 0.188715 -0.000440 
328 10.262731 0.000000 0.710268 99.385064 -0.761289 0.000000 0.012203 
329 10.262731 0.000000 0.873016 99.976706 -0.199532 0.249562 0.000456 
330 10.388483 0.000000 0.832329 99.106062 -0.581263 0.054740 0.017765 
331 10.346566 0.000000 0.832329 99.405367 -0.510662 0.071509 0.011831 
332 10.388483 0.000000 0.791642 99.168657 -0.648373 0.046510 0.016515 
333 10.388483 0.000000 0.873016 98.980185 -0.230800 0.304550 0.020278 
334 10.011226 0.000000 1.035764 101.554677 0.000000 0.781827 -0.031396 
335 9.843556 0.000000 1.035764 102.397070 -0.000000 0.584485 -0.048550 
336 10.011226 0.000000 1.198512 101.638218 0.000000 1.630808 -0.033299 
337 10.095061 0.000000 0.791642 100.184989 -0.344229 0.268389 -0.003722 
338 10.011226 0.000000 0.791642 100.018185 -0.365479 0.164608 -0.000380 
339 10.095061 0.000000 0.710268 99.396828 -0.598915 0.000000 0.011991 
340 10.095061 0.000000 0.873016 100.806935 -0.092598 0.424930 -0.016223 
341 9.172876 0.000000 0.547520 92.795478 -0.170552 4.195468 0.137137 
342 8.837536 0.000000 0.547520 95.611762 -0.088391 7.488397 0.080231 
343 9.172876 0.000000 0.222024 95.159476 -0.069120 5.331885 0.091624 
344 9.172876 0.000000 0.873016 106.062726 -0.057060 0.939071 -0.125019 
345 9.675886 0.000000 0.710268 99.384822 -0.355596 0.000000 0.012253 
346 9.508216 0.000000 0.710268 99.398460 -0.314979 0.000000 0.011985 
347 9.675886 0.000000 0.547520 95.460417 -0.344215 1.753908 0.088411 
348 9.675886 0.000000 0.873016 103.013305 -0.066166 -0.188483 -0.061178 
349 9.927391 0.000000 0.791642 100.123997 -0.328659 -0.054737 -0.002493 
350 9.843556 0.000000 0.791642 100.393636 -0.286026 -0.265911 -0.007903 
351 9.927391 0.000000 0.710268 99.378163 -0.498659 0.000000 0.012373 
352 9.927391 0.000000 0.873016 101.182536 -0.109043 -0.024955 -0.023792 
353 9.172876 0.000000 1.198512 104.543972 0.000000 4.063571 -0.094595 
354 8.837536 0.000000 1.198512 103.590907 -0.000000 5.929739 -0.076624 
355 9.172876 0.000000 1.524008 102.857404 0.000000 4.659571 -0.060136 
356 9.675886 0.000000 1.035764 103.249879 0.000000 0.854618 -0.066127 
357 9.508216 0.000000 1.035764 104.155840 0.000000 1.227229 -0.084995 
358 9.675886 0.000000 1.198512 103.022162 0.000000 1.815295 -0.061686 
359 9.759721 0.000000 0.791642 100.816246 -0.228312 -0.356956 -0.016409 
360 9.675886 0.000000 0.791642 101.219768 -0.212256 -0.273681 -0.024556 
361 9.759721 0.000000 0.710268 99.390916 -0.385334 0.000000 0.012130 
362 9.759721 0.000000 0.873016 102.380525 -0.071276 -0.391638 -0.048193 
363 9.340546 0.000000 0.710268 99.422320 -0.258683 0.000000 0.011514 
364 9.172876 0.000000 0.710268 99.452436 -0.193564 0.000000 0.010918 
365 9.340546 0.000000 0.547520 93.670336 -0.227399 2.817108 0.121788 
366 9.340546 0.000000 0.873016 103.993865 -0.072084 0.230260 -0.081478 
367 9.592051 0.000000 0.791642 101.607049 -0.198245 -0.033159 -0.032403 
368 9.508216 0.000000 0.791642 101.739005 -0.187525 0.278847 -0.035094 
369 9.592051 0.000000 0.710268 99.381263 -0.332673 0.000000 0.012325 
370 9.592051 0.000000 0.873016 103.564466 -0.060301 0.167386 -0.072563 
371 9.340546 0.000000 1.035764 105.184058 0.000000 1.907440 -0.106732 
372 9.172876 0.000000 1.035764 106.275350 0.000000 3.214992 -0.130479 
373 9.340546 0.000000 1.198512 104.276701 0.000000 2.964923 -0.088242 
374 9.424381 0.000000 0.791642 101.507052 -0.188672 0.163025 -0.030374 
375 9.340546 0.000000 0.791642 102.217724 -0.142810 -0.146434 -0.044850 
376 9.424381 0.000000 0.710268 99.415765 -0.312658 0.000000 0.011641 
377 9.424381 0.000000 0.873016 103.345344 -0.082608 0.383318 -0.068041 
378 9.592051 0.000000 0.954390 103.931003 0.000000 0.571567 -0.080198 
379 9.508216 0.000000 0.954390 104.385852 0.000000 0.814407 -0.089707 
380 9.675886 0.000000 0.954390 103.486967 0.000000 0.346520 -0.070967 
381 9.592051 0.000000 1.035764 103.701985 0.000000 1.021123 -0.075514 
382 9.550133 0.000000 0.832329 102.754795 -0.123281 0.133773 -0.055858 
383 9.508216 0.000000 0.832329 101.940771 -0.171996 0.260389 -0.039202 
384 9.550133 0.000000 0.791642 101.615692 -0.192252 -0.005266 -0.032579 
385 9.592051 0.000000 0.832329 101.876070 -0.178562 -0.014462 -0.037877 
386 9.550133 0.000000 0.873016 103.298290 -0.084344 0.259263 -0.067061 
387 5.484135 0.000000 0.873016 98.903577 0.019216 -9.560197 0.012668 
388 4.142775 0.000000 0.873016 99.303539 -0.018369 -2.777451 0.013109 
389 5.484135 0.000000 -0.428968 91.689685 -0.010953 4.209946 0.157528 
390 5.484135 0.000000 2.175000 106.440119 -0.028197 3.291360 -0.134033 
391 7.496176 0.000000 0.222024 97.836581 -0.027622 4.557851 0.040723 
392 6.825495 0.000000 0.222024 97.263298 -0.031413 2.959425 0.053109 
393 7.496176 0.000000 -0.428968 96.793283 0.009288 6.301368 0.059135 
394 7.496176 0.000000 0.873016 99.324392 -0.001538 2.373724 0.012903 
395 8.502196 0.000000 0.547520 97.955997 -0.064176 6.144014 0.036687 
396 8.166856 0.000000 0.547520 98.485489 -0.057311 4.966216 0.027594 
397 8.502196 0.000000 0.222024 97.088489 -0.030562 6.363845 0.053333 
398 8.502196 0.000000 0.873016 99.843186 -0.022304 5.372050 0.000248 
399 9.005206 0.000000 0.710268 99.460505 -0.135523 0.000000 0.010759 
400 8.837536 0.000000 0.710268 96.868345 -0.104191 9.248897 0.053097 
401 9.005206 0.000000 0.547520 93.308283 -0.121011 6.542055 0.125075 
402 9.005206 0.000000 0.873016 106.635907 -0.058307 5.333821 -0.139967 
403 9.256711 0.000000 0.791642 102.782090 -0.129946 0.144456 -0.056420 
404 9.172876 0.000000 0.791642 102.943599 -0.123363 -0.032929 -0.059740 
405 9.256711 0.000000 0.710268 99.440321 -0.226755 0.000000 0.011157 
406 9.256711 0.000000 0.873016 104.230801 -0.079789 0.431566 -0.086425 
407 7.496176 0.000000 1.524008 100.656580 -0.039711 4.363980 -0.015079 
408 6.825495 0.000000 1.524008 100.977572 -0.023826 2.833253 -0.020450 
409 7.496176 0.000000 2.175000 101.568829 -0.075317 5.676928 -0.034846 
410 8.502196 0.000000 1.198512 101.196982 -0.051506 5.684103 -0.027314 
411 8.166856 0.000000 1.198512 100.465434 -0.038743 4.944236 -0.011775 
412 8.502196 0.000000 1.524008 101.607559 -0.088708 5.619685 -0.035568 
413 9.005206 0.000000 1.035764 105.756982 0.000000 6.135298 -0.122218 
414 8.837536 0.000000 1.035764 103.574554 -0.000000 7.295849 -0.078092 
415 9.005206 0.000000 1.198512 104.052184 -0.000000 5.407332 -0.085610 
416 9.256711 0.000000 0.954390 106.402924 0.000000 1.779766 -0.132475 
417 9.172876 0.000000 0.954390 107.225342 0.000000 2.579981 -0.150393 
418 9.340546 0.000000 0.954390 105.624497 0.000000 1.260681 -0.115812 
419 9.256711 0.000000 1.035764 105.704226 0.000000 2.389897 -0.117910 
420 9.298628 0.000000 0.832329 103.471214 -0.106328 0.075837 -0.070631 
421 9.256711 0.000000 0.832329 102.908772 -0.123462 0.101185 -0.059024 
422 9.298628 0.000000 0.791642 101.961468 -0.147400 -0.149304 -0.039619 
423 9.340546 0.000000 0.832329 102.483313 -0.131151 -0.071401 -0.050285 
424 9.298628 0.000000 0.873016 104.758485 -0.056241 0.350415 -0.097447 
425 8.837536 0.000000 -1.079961 96.784194 0.111048 8.016993 0.056854 
426 8.166856 0.000000 -1.079961 96.629844 0.066829 8.027687 0.059822 
427 8.837536 0.000000 -1.730953 96.818918 0.134035 9.160294 0.054217 
428 9.172876 0.000000 -0.103472 96.087518 0.015942 6.002836 0.073115 
429 8.837536 0.000000 -0.103472 96.375554 0.008765 6.466346 0.066994 
430 9.172876 0.000000 -0.428968 96.530978 0.081676 6.686097 0.063706 
431 9.508216 0.000000 -0.103472 96.263668 0.041350 5.396267 0.070418 
432 9.340546 0.000000 0.384772 94.545559 -0.149391 3.966737 0.104538 
433 9.172876 0.000000 0.384772 94.290857 -0.117591 4.920655 0.108501 
434 9.340546 0.000000 0.222024 95.252251 -0.081892 4.711062 0.090481 
435 9.508216 0.000000 0.384772 95.101787 -0.177270 3.266471 0.094495 
436 9.256711 0.000000 0.628894 92.495783 -0.233450 2.448966 0.143848 
437 9.172876 0.000000 0.628894 91.689933 -0.197935 3.399392 0.158136 
438 9.256711 0.000000 0.547520 93.178266 -0.198747 3.341793 0.130660 
439 9.340546 0.000000 0.628894 93.253272 -0.269149 1.970440 0.129987 
440 9.298628 0.000000 0.750955 100.349710 -0.214621 -0.006461 -0.007011 
441 9.256711 0.000000 0.750955 99.439426 -0.223356 0.000000 0.011175 
442 9.298628 0.000000 0.710268 99.424943 -0.238362 0.000000 0.011462 
443 9.340546 0.000000 0.750955 99.422309 -0.258766 0.000000 0.011514 
444 9.424381 0.000000 0.954390 104.825480 0.000000 0.993678 -0.098937 
445 9.424381 0.000000 1.035764 104.637677 0.000000 1.521707 -0.095136 
446 9.382463 0.000000 0.832329 102.582328 -0.130572 0.109837 -0.052316 
447 9.382463 0.000000 0.791642 101.367106 -0.185767 0.108315 -0.027534 
448 9.424381 0.000000 0.832329 101.980150 -0.162302 0.207428 -0.040002 
449 9.382463 0.000000 0.873016 103.912543 -0.072472 0.283798 -0.079790 
450 9.319587 0.000000 0.811985 102.393304 -0.134890 -0.185084 -0.048444 
451 9.298628 0.000000 0.811985 102.253999 -0.140261 -0.124763 -0.045592 
452 9.319587 0.000000 0.791642 102.376757 -0.135321 -0.196066 -0.048106 
453 9.340546 0.000000 0.811985 102.191810 -0.143886 -0.120823 -0.044320 
454 9.319587 0.000000 0.832329 102.357341 -0.138221 0.009313 -0.047704 
455 9.089041 0.000000 0.791642 103.423019 -0.109271 0.508309 -0.069659 
456 9.005206 0.000000 0.791642 102.154479 -0.115534 1.839205 -0.043893 
457 9.089041 0.000000 0.710268 99.455763 -0.163364 0.000000 0.010852 
458 9.089041 0.000000 0.873016 107.214268 -0.059237 1.981396 -0.149883 
459 9.214793 0.000000 0.832329 103.994802 -0.100033 0.067289 -0.081493 
460 9.172876 0.000000 0.832329 103.374413 -0.118906 0.117385 -0.068630 
461 9.214793 0.000000 0.791642 102.802503 -0.125159 0.105546 -0.056838 
462 9.214793 0.000000 0.873016 105.308796 -0.062059 0.520165 -0.109022 
463 9.089041 0.000000 0.954390 107.608462 0.000000 4.509754 -0.159992 
464 9.005206 0.000000 0.954390 107.014230 0.000000 6.817242 -0.149852 
465 9.089041 0.000000 1.035764 106.362718 0.000000 4.686270 -0.133499 
466 9.130958 0.000000 0.832329 103.720123 -0.110621 0.279008 -0.075795 
467 9.089041 0.000000 0.832329 104.060196 -0.107516 0.841557 -0.082924 
468 9.130958 0.000000 0.791642 103.215318 -0.115381 0.147852 -0.065344 
469 9.130958 0.000000 0.873016 106.551561 -0.053449 1.080377 -0.135441 
470 8.669866 0.000000 0.710268 98.433840 -0.093120 6.932392 0.026271 
471 8.502196 0.000000 0.710268 98.830752 -0.085819 5.536572 0.020182 
472 8.669866 0.000000 0.547520 97.216608 -0.071989 6.973692 0.050029 
473 8.669866 0.000000 0.873016 100.229398 -0.031043 6.704111 -0.009088 
474 8.921371 0.000000 0.791642 103.717838 -0.037846 9.244545 -0.084285 
475 8.837536 0.000000 0.791642 101.409202 -0.000000 9.993437 -0.038370 
476 8.921371 0.000000 0.710268 93.959696 -0.120331 10.860304 0.105361 
477 8.921371 0.000000 0.873016 104.824324 0.000000 10.773097 -0.110420 
478 9.047123 0.000000 0.832329 103.910548 -0.106413 1.707073 -0.080033 
479 9.005206 0.000000 0.832329 104.215589 -0.096926 3.100302 -0.087051 
480 9.047123 0.000000 0.791642 104.312456 -0.105919 1.157617 -0.088244 
481 9.047123 0.000000 0.873016 106.581221 -0.066829 3.184188 -0.136970 
482 9.005206 0.000000 0.384772 94.703626 -0.090270 6.050132 0.099461 
483 8.837536 0.000000 0.384772 95.729922 -0.069029 6.672528 0.079125 
484 9.005206 0.000000 0.222024 95.423122 -0.054637 5.987750 0.085857 
485 9.089041 0.000000 0.628894 91.212766 -0.164881 5.044469 0.165476 
486 9.005206 0.000000 0.628894 91.906166 -0.133590 7.192680 0.150150 
487 9.089041 0.000000 0.547520 92.751236 -0.145023 5.332566 0.136875 
488 9.047123 0.000000 0.750955 100.356213 -0.142935 0.369625 -0.007153 
489 9.005206 0.000000 0.750955 101.301957 -0.125757 1.178581 -0.026349 
490 9.047123 0.000000 0.710268 99.458878 -0.150889 0.000000 0.010791 
491 9.089041 0.000000 0.750955 100.382896 -0.153655 0.123943 -0.007676 
492 9.068082 0.000000 0.811985 104.032730 -0.103267 0.959773 -0.082374 
493 9.047123 0.000000 0.811985 104.213504 -0.106456 1.292695 -0.086214 
494 9.068082 0.000000 0.791642 103.693714 -0.106240 0.647816 -0.075282 
495 9.089041 0.000000 0.811985 103.734844 -0.106749 0.577626 -0.076126 
496 9.068082 0.000000 0.832329 103.969390 -0.104377 1.350000 -0.081147 
497 8.669866 0.000000 1.035764 101.459061 -0.041052 6.505176 -0.033626 
498 8.502196 0.000000 1.035764 100.670778 -0.036138 5.680080 -0.016687 
499 8.669866 0.000000 1.198512 101.925201 -0.061293 6.072041 -0.042562 
500 8.921371 0.000000 0.954390 104.614169 -0.000000 7.997293 -0.100808 
501 8.837536 0.000000 0.954390 103.040063 -0.000000 8.142716 -0.068356 
502 8.921371 0.000000 1.035764 104.410838 -0.000000 6.986608 -0.095044 
503 8.963288 0.000000 0.832329 104.663036 -0.065236 6.640137 -0.099845 
504 8.921371 0.000000 0.832329 103.622500 -0.035839 9.104791 -0.082052 
505 8.963288 0.000000 0.791642 107.012517 -0.063610 6.832256 -0.149836 
506 8.963288 0.000000 0.873016 105.525803 -0.040371 7.546913 -0.119265 
507 9.026164 0.000000 0.811985 104.468360 -0.098060 1.740329 -0.091668 
508 9.005206 0.000000 0.811985 102.867915 -0.108874 2.292332 -0.058707 
509 9.026164 0.000000 0.791642 104.470076 -0.100046 1.251061 -0.091557 
510 9.026164 0.000000 0.832329 104.874944 -0.094417 2.870050 -0.100700 
511 8.921371 0.000000 0.628894 93.958468 -0.109295 8.430323 0.110072 
512 8.837536 0.000000 0.628894 95.869259 -0.094264 8.270195 0.074068 
513 8.921371 0.000000 0.547520 94.416681 -0.101908 7.325754 0.103181 
514 8.963288 0.000000 0.750955 100.982515 -0.118351 1.993842 -0.020146 
515 8.921371 0.000000 0.750955 101.073607 -0.089491 4.343168 -0.023475 
516 8.963288 0.000000 0.710268 99.461642 -0.136257 0.000000 0.010736 
517 8.984247 0.000000 0.811985 106.488850 -0.079067 5.246523 -0.136741 
518 8.963288 0.000000 0.811985 106.710109 -0.059981 7.093611 -0.143737 
519 8.984247 0.000000 0.791642 106.948156 -0.082002 5.019664 -0.146311 
520 8.984247 0.000000 0.832329 104.727913 -0.081802 4.659604 -0.098965 
521 8.984247 0.000000 0.771298 101.713184 -0.116588 1.994654 -0.034956 
522 8.963288 0.000000 0.771298 102.886300 -0.089035 4.553360 -0.060633 
523 8.984247 0.000000 0.750955 100.398189 -0.132204 0.875385 -0.008058 
524 9.005206 0.000000 0.771298 101.239722 -0.128487 1.136896 -0.025079 
525 8.994726 0.000000 0.801814 107.945833 -0.078794 5.210375 -0.167946 
526 8.984247 0.000000 0.801814 108.097472 -0.070890 5.980217 -0.172083 
527 8.994726 0.000000 0.791642 107.074901 -0.083709 4.856367 -0.148863 
528 9.005206 0.000000 0.801814 108.517454 -0.071965 5.477681 -0.180605 
529 8.994726 0.000000 0.811985 105.625101 -0.087767 4.084301 -0.117335 
530 28.287257 0.000000 64.670242 98.527192 -0.030976 17.280440 -0.000622 
531 6.825495 0.000000 64.670242 98.531435 -0.022730 17.312138 -0.000815 
532 49.749019 0.000000 64.670242 98.518951 -0.038277 17.256880 -0.000379 
533 28.287257 0.000000 85.501989 98.508462 -0.022091 17.321166 -0.000394 
534 17.556376 0.000000 33.422621 98.650980 -0.058006 17.044088 -0.002252 
535 6.825495 0.000000 33.422621 98.671320 -0.042260 17.154441 -0.003031 
536 28.287257 0.000000 33.422621 98.620214 -0.072224 16.963841 -0.001372 
537 17.556376 0.000000 43.838495 98.585140 -0.041974 17.194263 -0.001467 
538 12.190936 0.000000 17.798810 99.034666 -0.100309 16.265961 -0.007246 
539 6.825495 0.000000 17.798810 99.126726 -0.071781 16.576446 -0.010089 
540 17.556376 0.000000 17.798810 98.931774 -0.127567 16.057187 -0.004535 
541 12.190936 0.000000 23.006747 98.843989 -0.074841 16.740256 -0.005038 
542 9.508216 0.000000 9.986905 99.894663 -0.143620 14.484620 -0.018877 
543 6.825495 0.000000 9.986905 100.194390 -0.100751 15.049624 -0.026542 
544 12.190936 0.000000 9.986905 99.633273 -0.192705 14.117007 -0.012612 
545 9.508216 0.000000 12.590874 99.525565 -0.116310 15.463120 -0.014446 
546 10.849576 0.000000 6.080953 100.342803 -0.272139 11.264473 -0.019564 
547 9.508216 0.000000 6.080953 100.683211 -0.213541 11.479791 -0.026894 
548 12.190936 0.000000 6.080953 100.097424 -0.344191 11.139321 -0.014370 
549 10.849576 0.000000 7.382937 100.154511 -0.227702 12.524294 -0.018784 
550 10.178896 0.000000 4.127976 100.818944 -0.410629 8.966038 -0.024502 
551 9.508216 0.000000 4.127976 101.084434 -0.302254 9.031556 -0.029972 
552 10.178896 0.000000 3.476984 100.943431 0.000000 7.767019 -0.024990 
553 10.849576 0.000000 4.127976 100.584962 -0.521171 8.901081 -0.019684 
554 10.178896 0.000000 4.778968 100.697706 -0.318071 9.879833 -0.023774 
555 10.178896 0.000000 2.825992 101.173251 0.000000 7.098917 -0.028642 
556 9.508216 0.000000 2.825992 101.334651 -0.000000 6.872884 -0.031595 
557 10.849576 0.000000 2.825992 100.695305 -0.160174 6.662486 -0.018396 
558 13.532296 0.000000 3.476984 100.068350 -1.003984 8.179796 -0.008159 
559 14.873656 0.000000 3.476984 100.057816 -0.515547 7.866194 -0.007371 
560 13.532296 0.000000 4.778968 100.034712 -0.600883 9.603278 -0.009953 
561 11.520256 0.000000 4.127976 100.383225 -0.625343 8.864944 -0.015577 
562 11.520256 0.000000 3.476984 100.424132 0.045028 7.907881 -0.014754 
563 12.190936 0.000000 4.127976 100.244605 -0.717472 8.827103 -0.012741 
564 11.520256 0.000000 4.778968 100.342553 -0.448573 9.750926 -0.016391 
565 10.514236 0.000000 3.802480 100.734970 -0.655219 8.437758 -0.021916 
566 10.178896 0.000000 3.802480 100.870634 -0.563098 8.475893 -0.024704 
567 10.514236 0.000000 3.476984 100.797302 -0.000000 7.754503 -0.022023 
568 10.849576 0.000000 3.802480 100.612190 -0.740047 8.423777 -0.019432 
569 10.514236 0.000000 4.127976 100.691775 -0.468437 8.948180 -0.021912 
570 11.520256 0.000000 2.825992 100.410315 -0.403277 6.700244 -0.012729 
571 12.190936 0.000000 2.825992 100.228259 -0.447953 6.807393 -0.009225 
572 10.514236 0.000000 3.151488 100.904205 -0.000000 7.410315 -0.023657 
573 10.178896 0.000000 3.151488 101.066036 -0.000000 7.434344 -0.026961 
574 10.514236 0.000000 2.825992 100.949731 -0.000000 7.072603 -0.024087 
575 10.849576 0.000000 3.151488 100.684068 -0.222215 7.279269 -0.019032 
576 11.184916 0.000000 3.802480 100.507057 -0.833769 8.373773 -0.017248 
577 11.184916 0.000000 3.476984 100.533378 -0.387398 7.857211 -0.016885 
578 11.520256 0.000000 3.802480 100.409634 -0.931970 8.373091 -0.015307 
579 11.184916 0.000000 4.127976 100.479553 -0.575641 8.886544 -0.017544 
580 10.681906 0.000000 3.639732 100.692234 -1.261629 8.153379 -0.020700 
581 10.514236 0.000000 3.639732 100.757582 -1.109702 8.169598 -0.022006 
582 10.681906 0.000000 3.476984 100.726047 0.000000 7.812560 -0.020677 
583 10.849576 0.000000 3.639732 100.624602 -1.289878 8.164707 -0.019364 
584 10.681906 0.000000 3.802480 100.672109 -0.697535 8.435883 -0.020652 
585 12.861616 0.000000 1.524008 99.878052 -2.386781 5.130798 -0.000765 
586 12.861616 0.000000 0.873016 99.360526 2.145962 16.418499 -0.014669 
587 13.532296 0.000000 1.524008 99.909794 -2.540146 5.403937 -0.001762 
588 12.861616 0.000000 2.175000 100.049895 -1.140679 5.801566 -0.004494 
589 20.239096 0.000000 -0.428968 99.561707 1.149516 10.019002 -0.001424 
590 20.239096 0.000000 -3.032937 98.997684 0.486681 12.837229 0.003443 
591 22.921817 0.000000 -0.428968 99.517598 0.953330 10.717288 -0.001952 
592 20.239096 0.000000 2.175000 100.487759 -1.994661 5.380036 -0.013071 
593 16.215016 0.000000 0.873016 99.855195 6.235242 11.225368 -0.013595 
594 16.215016 0.000000 -0.428968 99.535926 1.407939 8.618431 0.001634 
595 17.556376 0.000000 0.873016 100.050974 4.362027 10.036986 -0.012997 
596 16.215016 0.000000 2.175000 100.266599 -1.371806 5.890120 -0.008997 
597 14.202976 0.000000 1.524008 99.984072 -2.668200 5.574619 -0.003501 
598 14.202976 0.000000 0.873016 99.466102 4.244666 13.896146 -0.010463 
599 14.873656 0.000000 1.524008 100.109726 -2.751901 5.753279 -0.006263 
600 14.202976 0.000000 2.175000 100.056222 -1.257561 6.038487 -0.004929 
601 14.873656 0.000000 -5.636905 98.374611 0.279260 13.952211 0.012769 
602 14.873656 0.000000 -8.240874 98.249165 0.178831 15.125115 0.011830 
603 17.556376 0.000000 -5.636905 98.583685 0.294083 14.178232 0.008015 
604 13.532296 0.000000 -1.730953 98.802544 0.719477 9.852122 0.014048 
605 13.532296 0.000000 -3.032937 98.505615 0.444644 11.596026 0.016198 
606 14.873656 0.000000 -1.730953 99.002590 0.751273 10.239395 0.009308 
607 14.202976 0.000000 0.222024 99.565175 2.650387 6.874117 0.003250 
608 13.532296 0.000000 0.222024 99.460585 2.730154 6.672230 0.005562 
609 14.202976 0.000000 -0.428968 99.327813 1.473025 7.834618 0.007043 
610 14.873656 0.000000 0.222024 99.672353 2.562409 7.100090 0.000844 
611 13.867636 0.000000 1.198512 99.794652 -1.183713 9.967960 -0.005973 
612 13.532296 0.000000 1.198512 99.654793 -3.477477 9.356239 -0.003071 
613 13.867636 0.000000 0.873016 99.236368 4.171566 15.030846 -0.009119 
614 14.202976 0.000000 1.198512 99.495365 -6.572792 9.700826 -0.003664 
615 13.867636 0.000000 1.524008 99.947393 -2.604915 5.493456 -0.002644 
616 20.239096 0.000000 4.778968 99.982051 -0.976966 8.839668 -0.007550 
617 22.921817 0.000000 4.778968 99.959899 -0.675637 8.919543 -0.007200 
618 20.239096 0.000000 7.382937 99.588536 -0.437859 11.543558 -0.005132 
619 16.215016 0.000000 3.476984 100.076228 -0.752160 7.869104 -0.007774 
620 17.556376 0.000000 3.476984 100.115614 -0.716031 7.777823 -0.008414 
621 16.215016 0.000000 4.778968 99.924787 -0.725983 9.378053 -0.007344 
622 15.544336 0.000000 1.524008 100.270509 -2.847080 5.735304 -0.009517 
623 15.544336 0.000000 0.873016 99.432208 6.102596 14.593006 -0.013696 
624 16.215016 0.000000 1.524008 100.354962 -3.064929 5.749227 -0.011357 
625 15.544336 0.000000 2.175000 100.200301 -1.330477 5.951787 -0.007729 
626 18.897736 0.000000 0.873016 99.799091 3.312651 9.933186 -0.006950 
627 18.897736 0.000000 -0.428968 99.583712 1.255489 9.605738 -0.001076 
628 20.239096 0.000000 0.873016 99.769989 2.921882 9.111273 -0.004560 
629 18.897736 0.000000 2.175000 100.457733 -1.632899 5.395568 -0.012353 
630 16.885696 0.000000 1.524008 100.376760 -3.215883 5.940981 -0.012113 
631 16.885696 0.000000 0.873016 100.010992 5.207093 10.303879 -0.013548 
632 17.556376 0.000000 1.524008 100.345043 -3.313649 6.336912 -0.012026 
633 16.885696 0.000000 2.175000 100.326117 -1.411733 5.770407 -0.010062 
634 18.897736 0.000000 3.476984 100.182964 -0.733447 7.402886 -0.009197 
635 20.239096 0.000000 3.476984 100.241617 -0.809449 7.110003 -0.009959 
636 18.897736 0.000000 4.778968 99.964225 -0.843937 9.018587 -0.007489 
637 18.227056 0.000000 1.524008 100.264111 -3.574938 7.132097 -0.011654 
638 18.227056 0.000000 0.873016 100.021579 3.737548 9.999834 -0.011828 
639 18.897736 0.000000 1.524008 99.995610 -4.245126 8.487789 -0.008919 
640 18.227056 0.000000 2.175000 100.416700 -1.530876 5.525162 -0.011638 
641 18.227056 0.000000 2.825992 100.283908 -0.957018 6.531965 -0.010044 
642 17.556376 0.000000 2.825992 100.243392 -0.940520 6.676995 -0.009420 
643 18.897736 0.000000 2.825992 100.323557 -1.015995 6.358366 -0.010628 
644 18.227056 0.000000 3.476984 100.146061 -0.635143 7.662761 -0.008835 
645 17.891716 0.000000 1.849504 100.443091 -2.133882 5.296406 -0.012142 
646 17.556376 0.000000 1.849504 100.426480 -2.079314 5.311955 -0.011802 
647 17.891716 0.000000 1.524008 100.311192 -3.416306 6.683805 -0.011868 
648 18.227056 0.000000 1.849504 100.449893 -2.179363 5.320349 -0.012324 
649 17.891716 0.000000 2.175000 100.395260 -1.493641 5.589823 -0.011269 
650 11.184916 0.000000 3.151488 100.545195 -0.134742 7.290063 -0.016250 
651 11.184916 0.000000 2.825992 100.539145 -0.476886 6.675304 -0.015291 
652 11.520256 0.000000 3.151488 100.425318 -0.488733 7.297047 -0.013873 
653 10.681906 0.000000 3.314236 100.747339 0.000000 7.812844 -0.021107 
654 10.514236 0.000000 3.314236 100.812240 -0.000000 7.728536 -0.022284 
655 10.681906 0.000000 3.151488 100.754794 0.000000 7.296666 -0.020477 
656 10.849576 0.000000 3.314236 100.671135 -0.171919 7.575049 -0.019209 
657 11.017246 0.000000 3.639732 100.562760 -1.462579 8.170355 -0.018176 
658 11.017246 0.000000 3.476984 100.588985 -0.259231 7.879654 -0.018030 
659 11.184916 0.000000 3.639732 100.506596 -1.693970 8.183515 -0.017142 
660 11.017246 0.000000 3.802480 100.559129 -0.787729 8.395226 -0.018324 
661 10.765741 0.000000 3.558358 100.723375 0.000000 7.812702 -0.020624 
662 10.681906 0.000000 3.558358 100.722785 0.000000 7.812174 -0.020611 
663 10.765741 0.000000 3.476984 100.724882 0.000000 7.815051 -0.020658 
664 10.849576 0.000000 3.558358 100.639051 -0.848202 8.020083 -0.019326 
665 10.765741 0.000000 3.639732 100.659180 -1.070400 8.158873 -0.019998 
666 8.166856 0.000000 6.080953 101.123468 -0.155941 11.841787 -0.036621 
667 6.825495 0.000000 6.080953 101.783362 -0.114825 12.314687 -0.051152 
668 8.166856 0.000000 7.382937 100.719731 -0.142017 13.104672 -0.031622 
669 8.837536 0.000000 4.127976 101.380052 -0.219170 9.096451 -0.036071 
670 8.166856 0.000000 4.127976 101.730379 -0.165939 9.140510 -0.043265 
671 8.837536 0.000000 3.476984 101.491675 -0.235137 8.082237 -0.036594 
672 8.837536 0.000000 4.778968 101.238563 -0.210189 10.048462 -0.035026 
673 9.843556 0.000000 3.802480 101.024681 -0.450710 8.484185 -0.027817 
674 9.508216 0.000000 3.802480 101.150109 -0.344336 8.533535 -0.030428 
675 9.843556 0.000000 3.476984 101.098196 0.000000 7.807223 -0.028180 
676 9.843556 0.000000 4.127976 100.944973 -0.353650 8.990547 -0.027084 
677 10.346566 0.000000 3.639732 100.832486 -1.031732 8.183099 -0.023522 
678 10.178896 0.000000 3.639732 100.897870 -0.939089 8.206864 -0.024861 
679 10.346566 0.000000 3.476984 100.836119 0.000000 7.823423 -0.022913 
680 10.346566 0.000000 3.802480 100.806472 -0.611808 8.439666 -0.023355 
681 10.598071 0.000000 3.558358 100.780557 -0.000000 7.747129 -0.021674 
682 10.514236 0.000000 3.558358 100.796166 -0.000000 7.746119 -0.021987 
683 10.598071 0.000000 3.476984 100.767105 -0.000000 7.764471 -0.021430 
684 10.598071 0.000000 3.639732 100.725610 -1.141940 8.158161 -0.021351 
685 11.017246 0.000000 3.314236 100.598333 -0.391861 7.584280 -0.017770 
686 11.017246 0.000000 3.151488 100.613394 0.106753 7.280439 -0.017607 
687 11.184916 0.000000 3.314236 100.533524 -0.713521 7.603225 -0.016531 
688 10.765741 0.000000 3.395610 100.728551 0.000000 7.822147 -0.020743 
689 10.681906 0.000000 3.395610 100.732854 0.000000 7.819848 -0.020826 
690 10.765741 0.000000 3.314236 100.746096 0.000000 7.819864 -0.021093 
691 10.849576 0.000000 3.395610 100.658565 -0.397756 7.727227 -0.019202 
692 10.723823 0.000000 3.517671 100.722769 0.000000 7.812729 -0.020611 
693 10.681906 0.000000 3.517671 100.723614 0.000000 7.810715 -0.020625 
694 10.723823 0.000000 3.476984 100.724445 0.000000 7.814968 -0.020649 
695 10.765741 0.000000 3.517671 100.723066 0.000000 7.813074 -0.020618 
696 10.723823 0.000000 3.558358 100.722136 0.000000 7.813818 -0.020600 
697 8.837536 0.000000 2.825992 101.612417 -0.248060 7.021922 -0.037445 
698 8.166856 0.000000 2.825992 101.754694 -0.146959 7.039094 -0.040359 
699 9.843556 0.000000 3.151488 101.188655 0.000000 7.505754 -0.029548 
700 9.508216 0.000000 3.151488 101.252938 -0.000000 6.983290 -0.030092 
701 9.843556 0.000000 2.825992 101.286920 0.000000 7.238716 -0.031144 
702 10.346566 0.000000 3.314236 100.839582 0.000000 7.797113 -0.022942 
703 10.178896 0.000000 3.314236 100.987448 0.000000 7.719486 -0.025806 
704 10.346566 0.000000 3.151488 100.924532 0.000000 7.530531 -0.024247 
705 10.598071 0.000000 3.395610 100.768339 -0.000000 7.775719 -0.021472 
706 10.514236 0.000000 3.395610 100.804497 -0.000000 7.745486 -0.022154 
707 10.598071 0.000000 3.314236 100.777030 -0.000000 7.768896 -0.021637 
708 10.639988 0.000000 3.517671 100.733510 -0.000000 7.797070 -0.020803 
709 10.598071 0.000000 3.517671 100.758765 -0.000000 7.768982 -0.021269 
710 10.639988 0.000000 3.476984 100.737428 -0.000000 7.798328 -0.020884 
711 10.639988 0.000000 3.558358 100.726814 -0.000000 7.801112 -0.020675 
712 10.178896 0.000000 5.429961 100.627844 -0.274997 10.650904 -0.023948 
713 9.508216 0.000000 5.429961 100.836397 -0.241374 10.758584 -0.028378 
714 10.849576 0.000000 5.429961 100.449569 -0.320500 10.571728 -0.020198 
715 10.178896 0.000000 6.080953 100.503640 -0.245655 11.346643 -0.022979 
716 10.514236 0.000000 4.453472 100.645112 -0.396945 9.411600 -0.021817 
717 10.178896 0.000000 4.453472 100.753537 -0.352674 9.461885 -0.024093 
718 10.849576 0.000000 4.453472 100.542394 -0.437526 9.384863 -0.019704 
719 10.514236 0.000000 4.778968 100.591087 -0.348557 9.869068 -0.021609 
720 10.681906 0.000000 3.965228 100.656014 -0.564474 8.677100 -0.020724 
721 10.514236 0.000000 3.965228 100.710795 -0.531743 8.715791 -0.021891 
722 10.849576 0.000000 3.965228 100.600549 -0.594365 8.660953 -0.019584 
723 10.681906 0.000000 4.127976 100.637355 -0.494117 8.926832 -0.020781 
724 10.765741 0.000000 3.721106 100.650812 -0.862980 8.295900 -0.020015 
725 10.681906 0.000000 3.721106 100.682707 -0.835837 8.297551 -0.020656 
726 10.849576 0.000000 3.721106 100.619935 -0.894218 8.293095 -0.019395 
727 10.765741 0.000000 3.802480 100.642504 -0.718703 8.429099 -0.020048 
728 10.723823 0.000000 3.599045 100.723899 0.000000 7.812959 -0.020635 
729 10.681906 0.000000 3.599045 100.720999 0.000000 7.815201 -0.020580 
730 10.765741 0.000000 3.599045 100.663531 -1.366739 8.088440 -0.020044 
731 10.723823 0.000000 3.639732 100.676874 -1.165187 8.150512 -0.020362 
732 10.702865 0.000000 3.538015 100.722268 0.000000 7.812682 -0.020601 
733 10.681906 0.000000 3.538015 100.723202 0.000000 7.811693 -0.020619 
734 10.702865 0.000000 3.517671 100.723825 0.000000 7.810968 -0.020630 
735 10.723823 0.000000 3.538015 100.722322 0.000000 7.813682 -0.020604 
736 10.702865 0.000000 3.558358 100.722153 0.000000 7.812886 -0.020599 
737 10.933411 0.000000 3.558358 100.608776 -0.887179 8.015090 -0.018715 
738 10.933411 0.000000 3.476984 100.619405 -0.187781 7.884910 -0.018647 
739 11.017246 0.000000 3.558358 100.564243 2.182572 8.527368 -0.019065 
740 10.933411 0.000000 3.639732 100.593647 -1.369484 8.166943 -0.018766 
741 10.807658 0.000000 3.517671 100.723951 0.000000 7.812741 -0.020635 
742 10.807658 0.000000 3.476984 100.723951 0.000000 7.812741 -0.020635 
743 10.849576 0.000000 3.517671 100.652340 0.273674 7.968684 -0.019447 
744 10.807658 0.000000 3.558358 100.657089 -0.747081 8.011420 -0.019659 
745 10.744782 0.000000 3.538015 100.722676 0.000000 7.813573 -0.020611 
746 10.744782 0.000000 3.517671 100.722522 0.000000 7.813558 -0.020608 
747 10.765741 0.000000 3.538015 100.723024 0.000000 7.813095 -0.020617 
748 10.744782 0.000000 3.558358 100.722569 0.000000 7.813669 -0.020609 
749 10.598071 0.000000 3.721106 100.715265 -0.812098 8.294301 -0.021302 
750 10.514236 0.000000 3.721106 100.746134 -0.786463 8.304186 -0.021936 
751 10.598071 0.000000 3.802480 100.704511 -0.677806 8.430770 -0.021294 
752 10.639988 0.000000 3.599045 100.713593 -2.027238 8.081499 -0.021265 
753 10.598071 0.000000 3.599045 100.732737 -1.655564 8.089437 -0.021526 
754 10.639988 0.000000 3.639732 100.709552 -1.156940 8.153247 -0.021023 
755 10.702865 0.000000 3.578702 100.721940 0.000000 7.813962 -0.020597 
756 10.681906 0.000000 3.578702 100.722079 0.000000 7.812245 -0.020597 
757 10.723823 0.000000 3.578702 100.722459 0.000000 7.813773 -0.020607 
758 10.702865 0.000000 3.599045 100.723113 0.000000 7.812687 -0.020618 
759 10.713344 0.000000 3.548186 100.723603 0.000000 7.812562 -0.020628 
760 10.702865 0.000000 3.548186 100.722723 0.000000 7.812760 -0.020611 
761 10.713344 0.000000 3.538015 100.722379 0.000000 7.812661 -0.020604 
762 10.723823 0.000000 3.548186 100.723119 0.000000 7.813330 -0.020619 
763 10.713344 0.000000 3.558358 100.722079 0.000000 7.813860 -0.020599 
764 -14.636266 0.000000 -60.320242 98.445823 0.010877 17.349157 0.000743 
765 -36.098028 0.000000 -60.320242 98.457611 0.006569 17.363852 0.000460 
766 -14.636266 0.000000 -81.151989 98.460171 0.009316 17.353289 0.000446 
767 71.210780 0.000000 -60.320242 98.476361 0.029090 17.298253 0.000318 
768 71.210780 0.000000 -81.151989 98.474380 0.020773 17.326325 0.000259 
769 92.672542 0.000000 -60.320242 98.481460 0.029568 17.303496 0.000199 
770 -14.636266 0.000000 64.670242 98.523474 -0.015300 17.342636 -0.000764 
771 -36.098028 0.000000 64.670242 98.509419 -0.010049 17.360030 -0.000548 
772 -14.636266 0.000000 85.501989 98.506615 -0.012972 17.348923 -0.000454 
773 -3.905385 0.000000 -29.072621 98.333469 0.020425 17.290661 0.003156 
774 -14.636266 0.000000 -29.072621 98.380531 0.012148 17.356527 0.002002 
775 -3.905385 0.000000 -39.488495 98.394967 0.017915 17.312818 0.001870 
776 71.210780 0.000000 64.670242 98.513880 -0.044332 17.237866 -0.000213 
777 92.672542 0.000000 64.670242 98.512686 -0.049724 17.217965 -0.000121 
778 71.210780 0.000000 85.501989 98.501731 -0.030352 17.300352 -0.000189 
779 39.018138 0.000000 -29.072621 98.466989 0.059933 17.096242 0.001197 
780 39.018138 0.000000 -39.488495 98.457516 0.042315 17.208137 0.001000 
781 49.749019 0.000000 -29.072621 98.485931 0.061017 17.118267 0.000748 
782 -3.905385 0.000000 33.422621 98.648935 -0.028435 17.268560 -0.002982 
783 -14.636266 0.000000 33.422621 98.598160 -0.018882 17.338628 -0.002223 
784 -3.905385 0.000000 43.838495 98.582400 -0.024536 17.297865 -0.001771 
785 1.460055 0.000000 -13.448810 97.850885 0.034696 16.987783 0.013662 
786 -3.905385 0.000000 -13.448810 98.025002 0.020269 17.303856 0.009168 
787 1.460055 0.000000 -18.656747 98.120879 0.032442 17.116324 0.007932 
788 39.018138 0.000000 33.422621 98.601788 -0.083921 16.899312 -0.000791 
789 49.749019 0.000000 33.422621 98.596793 -0.094131 16.832515 -0.000467 
790 39.018138 0.000000 43.838495 98.559446 -0.058148 17.119776 -0.000705 
791 22.921817 0.000000 -13.448810 98.444537 0.127184 16.326075 0.004212 
792 22.921817 0.000000 -18.656747 98.402869 0.087298 16.738904 0.003668 
793 28.287257 0.000000 -13.448810 98.510874 0.130448 16.410530 0.002629 
794 1.460055 0.000000 17.798810 99.099140 -0.049534 16.952129 -0.010802 
795 -3.905385 0.000000 17.798810 98.951794 -0.033243 17.227618 -0.008825 
796 1.460055 0.000000 23.006747 98.862452 -0.043836 17.083204 -0.006562 
797 4.142775 0.000000 -5.636905 96.110282 0.042473 15.518711 0.052198 
798 1.460055 0.000000 -5.636905 96.396167 0.024972 16.864847 0.042336 
799 4.142775 0.000000 -8.240874 97.077443 0.047869 16.173763 0.031438 
800 22.921817 0.000000 17.798810 98.868892 -0.149718 15.890134 -0.002758 
801 28.287257 0.000000 17.798810 98.844841 -0.168028 15.725380 -0.001762 
802 22.921817 0.000000 23.006747 98.752105 -0.106010 16.513421 -0.002468 
803 4.142775 0.000000 9.986905 100.333107 -0.071522 15.839831 -0.031764 
804 1.460055 0.000000 9.986905 100.144456 -0.050175 16.642588 -0.030589 
805 4.142775 0.000000 12.590874 99.712492 -0.068349 16.292745 -0.020804 
806 5.484135 0.000000 -1.730953 92.964138 0.020750 9.787712 0.126187 
807 4.142775 0.000000 -1.730953 90.684278 0.009860 12.715710 0.161467 
808 5.484135 0.000000 -3.032937 94.564513 0.041355 12.497724 0.090136 
809 14.873656 0.000000 9.986905 99.453154 -0.233396 13.865049 -0.008322 
810 17.556376 0.000000 9.986905 99.346523 -0.267585 13.649317 -0.005611 
811 14.873656 0.000000 12.590874 99.246137 -0.173986 14.988980 -0.007450 
812 20.239096 0.000000 -5.636905 98.694503 0.295431 14.411634 0.005161 
813 20.239096 0.000000 -8.240874 98.524054 0.207105 15.336165 0.005777 
814 22.921817 0.000000 -5.636905 98.745660 0.292306 14.640835 0.003486 
815 16.215016 0.000000 -1.730953 99.119678 0.752985 10.631006 0.006170 
816 16.215016 0.000000 -3.032937 98.831145 0.497758 12.146773 0.008461 
817 17.556376 0.000000 -1.730953 99.190365 0.743327 10.986727 0.004001 
818 11.520256 0.000000 -1.079961 98.390022 0.736665 8.031294 0.025436 
819 11.520256 0.000000 -1.730953 98.235407 0.527142 9.303973 0.026296 
820 12.190936 0.000000 -1.079961 98.671950 0.872302 8.298531 0.019422 
821 9.843556 0.000000 -0.103472 96.798070 0.121406 5.034643 0.060477 
822 9.843556 0.000000 -0.428968 97.022057 0.204675 6.121761 0.054920 
823 20.239096 0.000000 9.986905 99.312244 -0.294189 13.419676 -0.004310 
824 22.921817 0.000000 9.986905 99.304709 -0.320138 13.178304 -0.003520 
825 20.239096 0.000000 12.590874 99.120347 -0.215840 14.654619 -0.003965 
826 13.532296 0.000000 6.080953 99.930739 -0.401253 11.027407 -0.010792 
827 14.873656 0.000000 6.080953 99.828789 -0.448827 10.928482 -0.008542 
828 13.532296 0.000000 7.382937 99.799041 -0.301914 12.226889 -0.010944 
829 12.861616 0.000000 0.222024 99.361285 2.780781 6.469914 0.007774 
830 12.861616 0.000000 -0.428968 99.102932 1.457106 7.324526 0.012284 
831 11.184916 0.000000 -0.103472 98.715682 1.453273 5.807927 0.021937 
832 11.184916 0.000000 -0.428968 98.497587 1.028503 6.516507 0.025470 
833 11.520256 0.000000 -0.103472 98.865921 1.699110 6.092381 0.018553 
834 10.346566 0.000000 0.384772 98.437096 0.068121 3.042621 0.030088 
835 10.178896 0.000000 0.384772 97.728673 -0.126383 2.684035 0.044189 
836 10.346566 0.000000 0.222024 98.102741 0.308642 3.784024 0.036144 
837 11.017246 0.000000 0.384772 99.259828 2.973583 5.740684 0.010569 
838 11.017246 0.000000 0.222024 98.999706 2.094543 5.322902 0.016634 
839 11.184916 0.000000 0.384772 99.169515 3.350215 5.950900 0.011877 
840 7.496176 0.000000 -1.079961 96.240014 0.042612 7.738209 0.067798 
841 6.825495 0.000000 -1.079961 95.504753 0.018204 7.497500 0.082263 
842 7.496176 0.000000 -1.730953 96.024029 0.061355 9.102628 0.069652 
843 8.502196 0.000000 -0.103472 96.854862 0.000382 6.631842 0.057515 
844 8.166856 0.000000 -0.103472 97.185870 0.001920 6.382309 0.051417 
845 8.502196 0.000000 -0.428968 96.777721 0.037322 7.001906 0.058504 
846 9.675886 0.000000 0.384772 95.742935 -0.203451 2.867116 0.082503 
847 9.675886 0.000000 0.222024 96.023520 -0.084011 3.776600 0.076521 
848 9.843556 0.000000 0.384772 96.407337 -0.215606 2.716723 0.069820 
849 10.011226 0.000000 0.384772 97.062296 -0.196894 2.613102 0.057204 
850 10.011226 0.000000 0.222024 97.055369 -0.013077 3.500777 0.056800 
851 10.430401 0.000000 0.628894 100.021529 -0.973553 1.818647 -0.000856 
852 10.346566 0.000000 0.628894 99.184685 -0.924650 1.473748 0.015937 
853 10.430401 0.000000 0.547520 99.542570 -0.361065 2.468069 0.008506 
854 5.484135 0.000000 3.476984 105.238362 -0.060454 8.874066 -0.115387 
855 4.142775 0.000000 3.476984 107.715209 -0.040480 12.096385 -0.174889 
856 5.484135 0.000000 4.778968 103.463815 -0.077541 11.711340 -0.084192 
857 5.484135 0.000000 6.080953 102.402164 -0.081142 13.223407 -0.066107 
858 4.142775 0.000000 6.080953 102.818722 -0.063921 14.497604 -0.078187 
859 5.484135 0.000000 7.382937 101.426620 -0.086782 14.262295 -0.049078 
860 7.496176 0.000000 2.825992 102.044470 -0.104082 6.901638 -0.046072 
861 6.825495 0.000000 2.825992 102.766471 -0.071518 6.584853 -0.060431 
862 7.496176 0.000000 3.476984 102.185247 -0.123651 8.086396 -0.050723 
863 7.496176 0.000000 4.127976 102.141421 -0.128071 9.275540 -0.051892 
864 6.825495 0.000000 4.127976 102.706298 -0.106378 9.485376 -0.063857 
865 7.496176 0.000000 4.778968 101.988954 -0.133594 10.294806 -0.050775 
866 10.262731 0.000000 0.954390 100.142056 -0.000000 0.553241 -0.002874 
867 10.178896 0.000000 0.954390 100.638290 0.000000 0.527195 -0.012834 
868 10.262731 0.000000 1.035764 100.275803 -0.000000 0.922253 -0.005609 
869 10.702865 0.000000 0.771298 93.766644 -2.447033 3.203822 0.119156 
870 10.702865 0.000000 0.750955 98.425621 -3.334705 0.000000 0.030128 
871 10.723823 0.000000 0.771298 94.231826 -2.543344 3.252468 0.110332 
872 10.472318 0.000000 0.750955 99.334482 -1.609108 0.000000 0.013007 
873 10.430401 0.000000 0.750955 99.365662 -1.350564 0.000000 0.012464 
874 10.472318 0.000000 0.710268 99.346313 -1.603583 0.000000 0.012774 
875 10.095061 0.000000 0.954390 101.110991 0.000000 0.545511 -0.022373 
876 10.011226 0.000000 0.954390 101.490896 0.000000 0.507890 -0.030066 
877 10.095061 0.000000 1.035764 101.158455 0.000000 0.808174 -0.023369 
878 9.759721 0.000000 0.954390 102.953799 0.000000 0.172226 -0.059951 
879 9.843556 0.000000 0.954390 102.388245 -0.000000 0.134731 -0.048337 
880 9.759721 0.000000 1.035764 102.819781 0.000000 0.696806 -0.057239 
881 9.424381 0.000000 0.628894 93.888213 -0.305108 1.701491 0.118202 
882 9.424381 0.000000 0.547520 94.157104 -0.255115 2.434277 0.112845 
883 9.508216 0.000000 0.628894 94.392738 -0.342129 1.480924 0.108770 
884 9.382463 0.000000 0.750955 100.770981 -0.214812 0.054599 -0.015484 
885 9.382463 0.000000 0.710268 99.419721 -0.278817 0.000000 0.011564 
886 9.424381 0.000000 0.750955 100.530023 -0.236984 0.080418 -0.010635 
887 9.466298 0.000000 0.832329 102.750419 -0.123501 0.331284 -0.055777 
888 9.466298 0.000000 0.791642 101.866858 -0.174978 0.279183 -0.037697 
889 9.466298 0.000000 0.873016 103.387766 -0.082903 0.386549 -0.068919 
890 8.669866 0.000000 0.384772 96.734845 -0.056072 6.698270 0.059750 
891 8.502196 0.000000 0.384772 97.400747 -0.048306 6.304879 0.047334 
892 8.669866 0.000000 0.222024 96.600530 -0.035883 6.550698 0.062542 
893 9.214793 0.000000 0.750955 100.528309 -0.180127 0.011959 -0.010597 
894 9.172876 0.000000 0.750955 99.449025 -0.197215 0.000000 0.010985 
895 9.214793 0.000000 0.710268 99.452942 -0.204036 0.000000 0.010907 
896 9.130958 0.000000 0.750955 100.324355 -0.164599 0.036855 -0.006500 
897 9.130958 0.000000 0.710268 99.450095 -0.182626 0.000000 0.010965 
898 9.026164 0.000000 0.771298 101.699994 -0.124510 1.095906 -0.034411 
899 9.026164 0.000000 0.750955 100.450468 -0.137764 0.407915 -0.009048 
900 9.047123 0.000000 0.771298 101.055465 -0.135239 0.471498 -0.021245 
901 11.520256 0.000000 5.429961 100.278678 -0.367559 10.523094 -0.016668 
902 12.190936 0.000000 5.429961 100.163861 -0.412596 10.462685 -0.014244 
903 11.520256 0.000000 6.080953 100.211144 -0.310624 11.203957 -0.016790 
904 9.843556 0.000000 4.453472 100.886436 -0.314815 9.449781 -0.026747 
905 9.508216 0.000000 4.453472 101.011536 -0.282165 9.481488 -0.029331 
906 9.843556 0.000000 4.778968 100.816323 -0.286928 9.910581 -0.026223 
907 12.861616 0.000000 2.825992 100.116838 -0.829261 6.920885 -0.007197 
908 13.532296 0.000000 2.825992 100.082186 -0.794684 6.892057 -0.006458 
909 12.861616 0.000000 3.476984 100.144231 -0.266753 7.976806 -0.009257 
910 14.202976 0.000000 2.825992 100.070186 -0.830679 7.003062 -0.006377 
911 14.873656 0.000000 2.825992 100.087736 -0.760481 7.101049 -0.006856 
912 14.202976 0.000000 3.476984 100.044433 -0.339438 8.157917 -0.007556 
913 12.861616 0.000000 4.127976 100.142438 -0.802814 8.803998 -0.010666 
914 13.532296 0.000000 4.127976 100.067138 -0.879680 8.794771 -0.009155 
915 12.861616 0.000000 4.778968 100.104869 -0.558094 9.662084 -0.011465 
916 11.184916 0.000000 4.453472 100.442448 -0.474662 9.356080 -0.017645 
917 11.520256 0.000000 4.453472 100.359077 -0.516066 9.328128 -0.015922 
918 11.184916 0.000000 4.778968 100.409577 -0.415889 9.782366 -0.017795 
919 10.346566 0.000000 3.965228 100.796367 -0.497056 8.675165 -0.023541 
920 10.178896 0.000000 3.965228 100.845441 -0.461093 8.717757 -0.024601 
921 10.346566 0.000000 4.127976 100.747944 -0.440021 8.975355 -0.023090 
922 11.017246 0.000000 3.965228 100.547190 -0.628427 8.642440 -0.018482 
923 11.184916 0.000000 3.965228 100.495628 -0.662851 8.635874 -0.017439 
924 11.017246 0.000000 4.127976 100.531541 -0.546450 8.895496 -0.018602 
925 18.897736 0.000000 -1.730953 99.220437 0.719369 11.331646 0.002638 
926 18.897736 0.000000 -3.032937 98.964070 0.498757 12.632414 0.004629 
927 20.239096 0.000000 -1.730953 99.237042 0.689617 11.634409 0.001617 
928 15.544336 0.000000 0.222024 99.753887 2.464594 7.416976 -0.001192 
929 15.544336 0.000000 -0.428968 99.482150 1.433878 8.371303 0.003117 
930 16.215016 0.000000 0.222024 99.804934 2.364743 7.716829 -0.002617 
931 16.885696 0.000000 0.222024 99.834388 2.265903 8.003532 -0.003610 
932 16.885696 0.000000 -0.428968 99.562632 1.375106 8.889140 0.000637 
933 17.556376 0.000000 0.222024 99.837587 2.168298 8.313856 -0.004137 
934 12.861616 0.000000 -1.079961 98.867811 0.945631 8.545669 0.015123 
935 12.861616 0.000000 -1.730953 98.667478 0.680736 9.665845 0.017084 
936 13.532296 0.000000 -1.079961 99.000229 0.979900 8.772693 0.012103 
937 15.544336 0.000000 2.825992 100.133195 -0.824151 6.891908 -0.007483 
938 16.215016 0.000000 2.825992 100.168155 -0.921054 6.860765 -0.008158 
939 15.544336 0.000000 3.476984 100.058292 -0.456801 7.945444 -0.007500 
940 16.885696 0.000000 2.825992 100.207285 -0.916986 6.790275 -0.008845 
941 16.885696 0.000000 3.476984 100.085696 -0.670084 7.969508 -0.008111 
942 18.227056 0.000000 0.222024 99.825188 2.065470 8.583715 -0.004301 
943 18.227056 0.000000 -0.428968 99.590140 1.303148 9.372662 -0.000774 
944 18.897736 0.000000 0.222024 99.786573 1.947462 8.805659 -0.003869 
945 10.933411 0.000000 3.721106 100.590083 -0.927240 8.288559 -0.018792 
946 11.017246 0.000000 3.721106 100.565496 -0.961077 8.266075 -0.018267 
947 10.933411 0.000000 3.802480 100.587628 -0.764455 8.399956 -0.018901 
948 10.807658 0.000000 3.599045 100.645096 -1.362543 8.103508 -0.019696 
949 10.849576 0.000000 3.599045 100.622239 -2.003716 8.124086 -0.019485 
950 10.807658 0.000000 3.639732 100.640433 -1.253924 8.164783 -0.019673 
951 8.837536 0.000000 5.429961 101.088296 -0.193917 10.876139 -0.033717 
952 8.166856 0.000000 5.429961 101.383761 -0.158763 11.040364 -0.040058 
953 8.837536 0.000000 6.080953 100.889966 -0.185602 11.645052 -0.031443 
954 10.933411 0.000000 3.395610 100.624710 -0.701137 7.735549 -0.018566 
955 10.933411 0.000000 3.314236 100.637175 -0.268944 7.578276 -0.018534 
956 11.017246 0.000000 3.395610 100.593892 -0.094233 7.729960 -0.017889 
957 10.744782 0.000000 3.578702 100.723352 0.000000 7.812699 -0.020623 
958 10.765741 0.000000 3.578702 100.723952 0.000000 7.812737 -0.020635 
959 10.744782 0.000000 3.599045 100.672012 -1.467860 8.083885 -0.020236 
960 16.215016 0.000000 6.080953 99.779185 -0.485406 10.802863 -0.007282 
961 17.556376 0.000000 6.080953 99.767925 -0.517132 10.640934 -0.006714 
962 16.215016 0.000000 7.382937 99.646331 -0.374369 11.975008 -0.007293 
963 10.262731 0.000000 0.628894 98.534420 -0.846633 1.241580 0.028871 
964 10.178896 0.000000 0.628894 98.013028 -0.767482 1.150412 0.039153 
965 10.262731 0.000000 0.547520 98.390388 -0.510021 1.827047 0.031573 
966 10.388483 0.000000 0.750955 99.310030 -1.052194 0.013724 0.013641 
967 10.346566 0.000000 0.750955 99.386335 -1.026709 0.000000 0.012130 
968 10.388483 0.000000 0.710268 99.383913 -1.113877 0.000000 0.012160 
969 10.095061 0.000000 0.628894 97.571605 -0.695253 1.122146 0.047804 
970 10.011226 0.000000 0.628894 97.168949 -0.631067 1.061000 0.055667 
971 10.095061 0.000000 0.547520 97.508075 -0.491231 1.662787 0.048917 
972 9.927391 0.000000 0.954390 101.908231 0.000000 0.304435 -0.038538 
973 9.927391 0.000000 1.035764 101.961109 0.000000 0.660284 -0.039650 
974 9.592051 0.000000 0.628894 94.847567 -0.381377 1.276149 0.100216 
975 9.592051 0.000000 0.547520 95.034404 -0.314552 1.918794 0.096468 
976 9.675886 0.000000 0.628894 95.317636 -0.424050 1.090793 0.091318 
977 9.759721 0.000000 0.628894 95.804087 -0.470725 0.984439 0.082039 
978 9.759721 0.000000 0.547520 95.886228 -0.375760 1.653367 0.080296 
979 9.843556 0.000000 0.628894 96.293353 -0.519369 0.984268 0.072635 
980 9.466298 0.000000 0.750955 101.129239 -0.217036 0.209938 -0.022721 
981 9.466298 0.000000 0.710268 99.415765 -0.312658 0.000000 0.011641 
982 9.508216 0.000000 0.750955 100.395135 -0.262349 0.130033 -0.007927 
983 9.068082 0.000000 0.771298 101.093108 -0.136493 0.464071 -0.022005 
984 9.068082 0.000000 0.750955 100.173676 -0.144114 0.095672 -0.003480 
985 9.089041 0.000000 0.771298 102.504301 -0.126235 0.500990 -0.050740 
986 14.202976 0.000000 4.127976 100.026561 -0.954424 8.751231 -0.008281 
987 14.873656 0.000000 4.127976 100.005317 -1.034287 8.713994 -0.007807 
988 14.202976 0.000000 4.778968 99.985688 -0.637043 9.547029 -0.008869 
989 14.202976 0.000000 -1.079961 99.107331 0.998052 8.996262 0.009581 
990 14.202976 0.000000 -1.730953 98.910714 0.739982 10.051112 0.011510 
991 14.873656 0.000000 -1.079961 99.186564 1.000638 9.234447 0.007575 
992 18.897736 0.000000 6.080953 99.767839 -0.543988 10.482979 -0.006381 
993 20.239096 0.000000 6.080953 99.770634 -0.580017 10.292398 -0.006045 
994 18.897736 0.000000 7.382937 99.587633 -0.417853 11.710531 -0.005501 
995 15.544336 0.000000 4.127976 99.991666 -1.131637 8.709474 -0.007547 
996 16.215016 0.000000 4.127976 99.989457 -1.252746 8.707042 -0.007527 
997 15.544336 0.000000 4.778968 99.933735 -0.697111 9.444464 -0.007644 
998 7.496176 0.000000 5.429961 101.740328 -0.134795 11.215317 -0.047690 
999 6.825495 0.000000 5.429961 102.127337 -0.108887 11.504553 -0.056236 
1000 7.496176 0.000000 6.080953 101.439444 -0.132618 12.049077 -0.043516 
1001 15.544336 0.000000 -1.079961 99.257495 0.998158 9.449924 0.005765 
1002 15.544336 0.000000 -1.730953 99.066958 0.751233 10.429472 0.007640 
1003 16.215016 0.000000 -1.079961 99.309546 0.987255 9.678513 0.004297 
1004 12.861616 0.000000 5.429961 100.058393 -0.446298 10.412101 -0.012029 
1005 13.532296 0.000000 5.429961 99.987448 -0.480174 10.339513 -0.010463 
1006 12.861616 0.000000 6.080953 100.002689 -0.374936 11.076344 -0.012336 
1007 14.202976 0.000000 5.429961 99.939087 -0.508474 10.275435 -0.009366 
1008 14.873656 0.000000 5.429961 99.890417 -0.530826 10.249349 -0.008343 
1009 14.202976 0.000000 6.080953 99.867690 -0.428751 10.975577 -0.009420 
1010 9.927391 0.000000 0.628894 96.756807 -0.574166 1.020849 0.063675 
1011 9.927391 0.000000 0.547520 96.722507 -0.436668 1.622768 0.064193 
1012 9.550133 0.000000 0.750955 100.374184 -0.267277 0.057358 -0.007505 
1013 9.550133 0.000000 0.710268 94.408070 -0.447405 0.756930 0.108634 
1014 9.592051 0.000000 0.750955 99.382737 -0.342167 0.000000 0.012295 
1015 16.885696 0.000000 4.127976 99.980417 -1.380389 8.832872 -0.007601 
1016 17.556376 0.000000 4.127976 99.966500 -1.238150 9.109182 -0.007781 
1017 16.885696 0.000000 4.778968 99.924537 -0.752410 9.306183 -0.007208 
1018 18.227056 0.000000 4.127976 100.000401 -0.932733 8.907906 -0.008030 
1019 18.897736 0.000000 4.127976 100.001835 -1.001908 8.767336 -0.007824 
1020 18.227056 0.000000 4.778968 99.949835 -0.808961 9.107622 -0.007357 
1021 16.885696 0.000000 -1.079961 99.343982 0.976170 9.899788 0.003181 
1022 16.885696 0.000000 -1.730953 99.162226 0.750661 10.807898 0.004948 
1023 17.556376 0.000000 -1.079961 99.371577 0.961901 10.108917 0.002217 
1024 18.227056 0.000000 -1.079961 99.383951 0.941043 10.308250 0.001568 
1025 18.227056 0.000000 -1.730953 99.212377 0.735180 11.161489 0.003179 
1026 18.897736 0.000000 -1.079961 99.394224 0.919189 10.506225 0.000956 
1027 15.544336 0.000000 5.429961 99.864803 -0.557177 10.189052 -0.007711 
1028 16.215016 0.000000 5.429961 99.850020 -0.577774 10.124015 -0.007286 
1029 15.544336 0.000000 6.080953 99.796283 -0.472338 10.873200 -0.007775 
1030 16.885696 0.000000 5.429961 99.843149 -0.597196 10.057871 -0.007017 
1031 17.556376 0.000000 5.429961 99.848948 -0.614986 9.949349 -0.006918 
1032 16.885696 0.000000 6.080953 99.770806 -0.502457 10.716092 -0.006930 
1033 18.227056 0.000000 5.429961 99.855609 -0.632507 9.867243 -0.006891 
1034 18.897736 0.000000 5.429961 99.865568 -0.653964 9.772753 -0.006907 
1035 18.227056 0.000000 6.080953 99.768763 -0.533277 10.562886 -0.006567 
1 1 12 10 11 
2 11 10 14 6 
3 6 14 19 20 
4 20 19 22 4 
5 10 25 23 24 
6 24 23 27 14 
7 14 27 35 36 
8 36 35 38 19 
9 23 41 39 40 
10 40 39 43 27 
11 27 43 51 52 
12 52 51 54 35 
13 39 57 55 56 
14 56 55 59 43 
15 43 59 67 68 
16 68 67 70 51 
17 55 73 71 72 
18 72 71 75 59 
19 15 84 83 33 
20 84 17 85 83 
21 83 85 8 86 
22 33 83 86 18 
23 31 88 87 49 
24 88 33 89 87 
25 87 89 18 90 
26 49 87 90 34 
27 92 49 93 91 
28 91 93 34 94 
29 7 114 112 113 
30 114 16 115 112 
31 112 115 15 32 
32 113 112 32 13 
33 13 118 116 117 
34 118 32 119 116 
35 116 119 31 48 
36 117 116 48 26 
37 26 122 120 121 
38 122 48 123 120 
39 120 123 47 64 
40 121 120 64 42 
41 42 126 124 125 
42 126 64 127 124 
43 124 127 63 80 
44 125 124 80 58 
45 80 130 128 129 
46 130 63 131 128 
47 18 86 137 45 
48 86 8 138 137 
49 137 138 29 139 
50 45 137 139 28 
51 34 90 140 61 
52 90 18 141 140 
53 140 141 45 142 
54 61 140 142 44 
55 94 34 144 143 
56 143 144 61 145 
57 154 81 155 153 
58 153 155 106 156 
59 161 163 107 164 
60 162 161 164 82 
61 156 106 171 170 
62 170 171 66 172 
63 163 170 172 107 
64 174 153 175 173 
65 173 175 156 176 
66 177 179 163 180 
67 178 177 180 161 
68 176 156 187 186 
69 186 187 170 188 
70 179 186 188 163 
71 168 190 189 184 
72 190 173 191 189 
73 189 191 176 192 
74 184 189 192 103 
75 193 195 179 196 
76 194 193 196 177 
77 199 184 200 197 
78 197 200 103 201 
79 58 204 202 203 
80 204 80 129 202 
81 103 192 221 195 
82 192 176 222 221 
83 221 222 186 223 
84 195 221 223 179 
85 185 201 224 225 
86 201 103 226 224 
87 224 226 195 227 
88 225 224 227 193 
89 230 197 231 228 
90 228 231 201 232 
91 229 228 232 185 
92 59 75 233 234 
93 234 233 235 67 
94 239 162 82 241 
95 240 239 241 111 
96 242 178 161 244 
97 243 242 244 162 
98 245 194 177 247 
99 246 245 247 178 
100 169 220 248 249 
101 220 185 225 248 
102 248 225 193 250 
103 249 248 250 194 
104 217 253 251 252 
105 251 229 185 254 
106 252 251 254 220 
107 129 257 255 256 
108 257 128 258 255 
109 255 258 105 134 
110 256 255 134 79 
111 134 261 259 260 
112 261 105 262 259 
113 259 262 135 167 
114 260 259 167 132 
115 167 265 263 264 
116 265 135 266 263 
117 263 266 168 183 
118 264 263 183 165 
119 183 269 267 268 
120 269 168 270 267 
121 267 270 184 199 
122 268 267 199 181 
123 181 273 271 272 
124 273 199 274 271 
125 271 274 197 230 
126 198 277 275 276 
127 277 230 278 275 
128 275 278 228 279 
129 276 275 279 229 
130 165 282 280 281 
131 282 183 268 280 
132 280 268 181 219 
133 281 280 219 182 
134 219 285 283 284 
135 285 181 272 283 
136 284 283 253 217 
137 253 288 286 287 
138 286 276 229 289 
139 287 286 289 251 
140 283 292 290 291 
141 292 272 293 290 
142 290 293 198 288 
143 291 290 288 253 
144 288 296 294 295 
145 296 198 297 294 
146 294 297 276 298 
147 295 294 298 286 
148 305 217 252 303 
149 303 252 220 306 
150 304 303 306 169 
151 216 302 307 308 
152 302 169 249 307 
153 307 249 194 309 
154 308 307 309 245 
155 299 312 310 311 
156 312 218 304 310 
157 310 304 169 313 
158 311 310 313 302 
159 182 316 314 315 
160 316 219 284 314 
161 314 284 217 305 
162 315 314 305 218 
163 218 319 317 318 
164 319 305 320 317 
165 317 320 303 321 
166 318 317 321 304 
167 214 328 326 327 
168 328 213 300 326 
169 326 300 216 329 
170 327 326 329 136 
171 300 332 330 331 
172 332 299 311 330 
173 330 311 302 333 
174 331 330 333 216 
175 334 246 178 336 
176 335 334 336 242 
177 322 339 337 338 
178 339 214 327 337 
179 337 327 136 340 
180 338 337 340 325 
181 323 351 349 350 
182 351 322 338 349 
183 349 338 325 352 
184 350 349 352 212 
185 353 243 162 355 
186 354 353 355 239 
187 356 335 242 358 
188 357 356 358 243 
189 345 361 359 360 
190 361 323 350 359 
191 359 350 212 362 
192 360 359 362 348 
193 369 345 360 367 
194 367 360 348 370 
195 371 357 243 373 
196 372 371 373 353 
197 104 370 378 379 
198 370 348 380 378 
199 378 380 356 381 
200 379 378 381 357 
201 368 384 382 383 
202 384 367 385 382 
203 382 385 370 386 
204 383 382 386 104 
205 71 389 387 388 
206 389 74 109 387 
207 387 109 5 390 
208 388 387 390 75 
209 74 393 391 392 
210 393 110 206 391 
211 391 206 108 394 
212 392 391 394 109 
213 206 397 395 396 
214 396 395 398 108 
215 109 394 407 408 
216 394 108 240 407 
217 407 240 111 409 
218 408 407 409 5 
219 108 398 410 411 
220 410 354 239 412 
221 411 410 412 240 
222 413 372 353 415 
223 414 413 415 354 
224 344 406 416 417 
225 406 366 418 416 
226 416 418 371 419 
227 417 416 419 372 
228 403 422 420 421 
229 420 423 366 424 
230 421 420 424 406 
231 202 427 425 426 
232 427 129 256 425 
233 425 256 79 207 
234 426 425 207 110 
235 207 430 428 429 
236 430 79 431 428 
237 428 431 133 343 
238 429 428 343 205 
239 343 434 432 433 
240 434 133 435 432 
241 432 435 210 365 
242 433 432 365 341 
243 341 438 436 437 
244 438 365 439 436 
245 436 439 363 405 
246 437 436 405 364 
247 405 442 440 441 
248 442 363 443 440 
249 440 443 375 422 
250 441 440 422 403 
251 366 377 444 418 
252 377 104 379 444 
253 444 379 357 445 
254 418 444 445 371 
255 375 447 446 423 
256 447 374 448 446 
257 446 448 377 449 
258 423 446 449 366 
259 422 452 450 451 
260 452 375 453 450 
261 450 453 423 454 
262 451 450 454 420 
263 404 461 459 460 
264 461 403 421 459 
265 459 421 406 462 
266 460 459 462 344 
267 402 458 463 464 
268 458 344 417 463 
269 463 417 372 465 
270 464 463 465 413 
271 455 468 466 467 
272 468 404 460 466 
273 466 460 344 469 
274 467 466 469 458 
275 395 472 470 471 
276 472 342 400 470 
277 470 400 208 473 
278 471 470 473 398 
279 400 476 474 475 
280 475 474 477 208 
281 478 467 458 481 
282 479 478 481 402 
283 205 484 482 483 
284 484 343 433 482 
285 482 433 341 401 
286 483 482 401 342 
287 401 487 485 486 
288 487 341 437 485 
289 485 437 364 457 
290 486 485 457 399 
291 399 490 488 489 
292 490 457 491 488 
293 480 494 492 493 
294 494 455 495 492 
295 492 495 467 496 
296 493 492 496 478 
297 398 473 497 498 
298 473 208 414 497 
299 497 414 354 499 
300 498 497 499 410 
301 208 477 500 501 
302 477 402 464 500 
303 500 464 413 502 
304 501 500 502 414 
305 474 505 503 504 
306 503 479 402 506 
307 504 503 506 477 
308 456 509 507 508 
309 509 480 493 507 
310 507 493 478 510 
311 508 507 510 479 
312 342 513 511 512 
313 513 401 486 511 
314 511 486 399 476 
315 512 511 476 400 
316 476 516 514 515 
317 516 399 489 514 
318 515 514 505 474 
319 505 519 517 518 
320 517 508 479 520 
321 518 517 520 503 
322 514 523 521 522 
323 523 489 524 521 
324 521 524 456 519 
325 522 521 519 505 
326 519 527 525 526 
327 527 456 528 525 
328 525 528 508 529 
329 526 525 529 517 
330 21 46 530 531 
331 46 28 532 530 
332 530 532 30 533 
333 531 530 533 9 
334 37 62 534 535 
335 62 44 536 534 
336 534 536 46 537 
337 535 534 537 21 
338 53 78 538 539 
339 78 60 540 538 
340 538 540 62 541 
341 539 538 541 37 
342 69 102 542 543 
343 102 76 544 542 
344 542 544 78 545 
345 543 542 545 53 
346 546 548 76 549 
347 547 546 549 102 
348 82 164 555 556 
349 164 107 557 555 
350 562 159 563 561 
351 561 563 101 564 
352 107 172 570 557 
353 172 66 571 570 
354 570 571 159 562 
355 555 574 572 573 
356 574 557 575 572 
357 577 562 578 576 
358 576 578 561 579 
359 106 586 585 171 
360 586 149 587 585 
361 585 587 152 588 
362 171 585 588 66 
363 590 91 591 589 
364 589 591 94 592 
365 598 151 599 597 
366 597 599 98 600 
367 587 597 600 152 
368 64 602 601 127 
369 602 47 603 601 
370 601 603 65 96 
371 127 601 96 63 
372 63 605 604 131 
373 605 96 606 604 
374 150 609 607 608 
375 609 95 610 607 
376 607 610 151 598 
377 608 607 598 149 
378 149 613 611 612 
379 613 598 614 611 
380 611 614 597 615 
381 612 611 615 587 
382 592 94 617 616 
383 616 617 143 618 
384 151 623 622 599 
385 623 593 624 622 
386 622 624 596 625 
387 599 622 625 98 
388 627 589 628 626 
389 626 628 592 629 
390 593 631 630 624 
391 631 595 632 630 
392 630 632 50 633 
393 624 630 633 596 
394 629 592 635 634 
395 634 635 616 636 
396 595 638 637 632 
397 638 626 639 637 
398 637 639 629 640 
399 50 640 641 642 
400 640 629 643 641 
401 641 643 634 644 
402 642 641 644 620 
403 632 647 645 646 
404 647 637 648 645 
405 645 648 640 649 
406 646 645 649 50 
407 557 651 650 575 
408 651 570 652 650 
409 650 652 562 577 
410 572 655 653 654 
411 655 575 656 653 
412 658 577 659 657 
413 657 659 576 660 
414 666 547 102 668 
415 667 666 668 69 
416 236 671 669 670 
417 671 158 551 669 
418 669 551 99 672 
419 670 669 672 238 
420 158 675 673 674 
421 675 552 566 673 
422 673 566 550 676 
423 674 673 676 551 
424 552 679 677 678 
425 679 567 581 677 
426 677 581 565 680 
427 678 677 680 566 
428 567 683 681 682 
429 682 681 684 581 
430 575 686 685 656 
431 686 650 687 685 
432 685 687 577 658 
433 653 690 688 689 
434 690 656 691 688 
435 688 691 157 663 
436 689 688 663 582 
437 582 694 692 693 
438 694 663 695 692 
439 111 241 697 698 
440 241 82 556 697 
441 697 556 158 671 
442 698 697 671 236 
443 556 701 699 700 
444 701 555 573 699 
445 699 573 552 675 
446 700 699 675 158 
447 573 704 702 703 
448 704 572 654 702 
449 702 654 567 679 
450 703 702 679 552 
451 654 707 705 706 
452 707 653 689 705 
453 705 689 582 683 
454 706 705 683 567 
455 683 710 708 709 
456 710 582 693 708 
457 708 693 662 711 
458 709 708 711 681 
459 99 554 712 713 
460 554 160 714 712 
461 712 714 546 715 
462 713 712 715 547 
463 550 569 716 717 
464 569 553 718 716 
465 716 718 160 719 
466 717 716 719 554 
467 565 584 720 721 
468 584 568 722 720 
469 720 722 553 723 
470 721 720 723 569 
471 580 665 724 725 
472 665 583 726 724 
473 724 726 568 727 
474 725 724 727 584 
475 728 730 665 731 
476 729 728 731 580 
477 693 734 732 733 
478 734 692 735 732 
479 733 732 736 662 
480 157 738 737 664 
481 738 658 739 737 
482 737 739 657 740 
483 664 737 740 583 
484 663 742 741 695 
485 742 157 743 741 
486 741 743 664 744 
487 695 741 744 661 
488 692 746 745 735 
489 746 695 747 745 
490 745 747 661 748 
491 735 745 748 696 
492 581 684 749 750 
493 684 580 725 749 
494 749 725 584 751 
495 750 749 751 565 
496 681 711 752 753 
497 711 662 729 752 
498 752 729 580 754 
499 753 752 754 684 
500 662 736 755 756 
501 736 696 757 755 
502 755 757 728 758 
503 756 755 758 729 
504 732 761 759 760 
505 761 735 762 759 
506 759 762 696 763 
507 760 759 763 736 
508 12 766 764 765 
509 766 7 113 764 
510 764 113 13 25 
511 765 764 25 10 
512 16 768 767 115 
513 768 2 769 767 
514 767 769 17 84 
515 115 767 84 15 
516 19 38 770 771 
517 38 21 531 770 
518 770 531 9 772 
519 771 770 772 22 
520 25 775 773 774 
521 775 13 117 773 
522 773 117 26 41 
523 774 773 41 23 
524 28 139 776 532 
525 139 29 777 776 
526 776 777 3 778 
527 532 776 778 30 
528 32 780 779 119 
529 780 15 781 779 
530 779 781 33 88 
531 119 779 88 31 
532 35 54 782 783 
533 54 37 535 782 
534 782 535 21 784 
535 783 782 784 38 
536 41 787 785 786 
537 787 26 121 785 
538 785 121 42 57 
539 786 785 57 39 
540 44 142 788 536 
541 142 45 789 788 
542 788 789 28 790 
543 536 788 790 46 
544 48 792 791 123 
545 792 31 793 791 
546 791 793 49 92 
547 123 791 92 47 
548 51 70 794 795 
549 70 53 539 794 
550 794 539 37 796 
551 795 794 796 54 
552 57 799 797 798 
553 799 42 125 797 
554 797 125 58 73 
555 798 797 73 55 
556 60 145 800 540 
557 145 61 801 800 
558 800 801 44 802 
559 540 800 802 62 
560 67 235 803 804 
561 235 69 543 803 
562 803 543 53 805 
563 804 803 805 70 
564 73 808 806 807 
565 808 58 203 806 
566 806 203 74 389 
567 807 806 389 71 
568 76 148 809 544 
569 148 77 810 809 
570 809 810 60 811 
571 544 809 811 78 
572 47 813 812 603 
573 813 92 814 812 
574 812 814 91 590 
575 603 812 590 65 
576 96 816 815 606 
577 816 65 817 815 
578 128 819 818 258 
579 819 131 820 818 
580 818 820 81 154 
581 258 818 154 105 
582 79 822 821 431 
583 822 134 260 821 
584 821 260 132 211 
585 431 821 211 133 
586 77 618 823 810 
587 618 143 824 823 
588 823 824 145 825 
589 810 823 825 60 
590 826 827 148 828 
591 548 826 828 76 
592 81 830 829 155 
593 830 150 608 829 
594 829 608 149 586 
595 155 829 586 106 
596 105 832 831 262 
597 832 154 833 831 
598 831 833 153 174 
599 262 831 174 135 
600 132 836 834 835 
601 836 167 264 834 
602 834 264 165 215 
603 835 834 215 166 
604 135 838 837 266 
605 838 174 839 837 
606 837 839 173 190 
607 266 837 190 168 
608 203 842 840 841 
609 842 202 426 840 
610 840 426 110 393 
611 841 840 393 74 
612 110 845 843 844 
613 845 207 429 843 
614 843 429 205 397 
615 844 843 397 206 
616 133 847 846 435 
617 847 211 848 846 
618 846 848 209 347 
619 435 846 347 210 
620 211 850 849 848 
621 850 132 835 849 
622 849 835 166 324 
623 848 849 324 209 
624 215 853 851 852 
625 853 165 281 851 
626 851 281 182 301 
627 852 851 301 213 
628 75 390 854 855 
629 390 5 237 854 
630 854 237 100 856 
631 855 854 856 233 
632 233 856 857 858 
633 856 100 667 857 
634 857 667 69 859 
635 858 857 859 235 
636 5 409 860 861 
637 409 111 698 860 
638 860 698 236 862 
639 861 860 862 237 
640 237 862 863 864 
641 862 236 670 863 
642 863 670 238 865 
643 864 863 865 100 
644 136 329 866 867 
645 329 216 308 866 
646 866 308 245 868 
647 867 866 868 246 
648 272 870 869 293 
649 870 271 871 869 
650 869 871 230 277 
651 293 869 277 198 
652 301 874 872 873 
653 874 182 315 872 
654 872 315 218 312 
655 873 872 312 299 
656 325 340 875 876 
657 340 136 867 875 
658 875 867 246 877 
659 876 875 877 334 
660 348 362 878 380 
661 362 212 879 878 
662 878 879 335 880 
663 380 878 880 356 
664 365 882 881 439 
665 882 210 883 881 
666 881 883 346 376 
667 439 881 376 363 
668 363 885 884 443 
669 885 376 886 884 
670 884 886 374 447 
671 443 884 447 375 
672 374 888 887 448 
673 888 368 383 887 
674 887 383 104 889 
675 448 887 889 377 
676 397 892 890 891 
677 892 205 483 890 
678 890 483 342 472 
679 891 890 472 395 
680 364 895 893 894 
681 895 405 441 893 
682 893 441 403 461 
683 894 893 461 404 
684 457 897 896 491 
685 897 364 894 896 
686 896 894 404 468 
687 491 896 468 455 
688 489 899 898 524 
689 899 488 900 898 
690 898 900 480 509 
691 524 898 509 456 
692 160 564 901 714 
693 564 101 902 901 
694 901 902 548 903 
695 714 901 903 546 
696 551 676 904 905 
697 676 550 717 904 
698 904 717 554 906 
699 905 904 906 99 
700 66 588 907 571 
701 588 152 908 907 
702 907 908 558 909 
703 571 907 909 159 
704 152 600 910 908 
705 600 98 911 910 
706 910 911 559 912 
707 908 910 912 558 
708 159 909 913 563 
709 909 558 914 913 
710 913 914 560 915 
711 563 913 915 101 
712 553 579 916 718 
713 579 561 917 916 
714 916 917 564 918 
715 718 916 918 160 
716 566 680 919 920 
717 680 565 721 919 
718 919 721 569 921 
719 920 919 921 550 
720 568 660 922 722 
721 660 576 923 922 
722 922 923 579 924 
723 722 922 924 553 
724 65 926 925 817 
725 926 590 927 925 
726 925 927 589 627 
727 95 929 928 610 
728 929 594 930 928 
729 928 930 593 623 
730 610 928 623 151 
731 594 932 931 930 
732 932 97 933 931 
733 931 933 595 631 
734 930 931 631 593 
735 131 935 934 820 
736 935 604 936 934 
737 934 936 150 830 
738 820 934 830 81 
739 98 625 937 911 
740 625 596 938 937 
741 937 938 619 939 
742 911 937 939 559 
743 596 633 940 938 
744 633 50 642 940 
745 940 642 620 941 
746 938 940 941 619 
747 97 943 942 933 
748 943 627 944 942 
749 942 944 626 638 
750 933 942 638 595 
751 583 740 945 726 
752 740 657 946 945 
753 945 946 660 947 
754 726 945 947 568 
755 661 744 948 730 
756 744 664 949 948 
757 948 949 583 950 
758 730 948 950 665 
759 238 672 951 952 
760 672 99 713 951 
761 951 713 547 953 
762 952 951 953 666 
763 656 955 954 691 
764 955 685 956 954 
765 954 956 658 738 
766 691 954 738 157 
767 696 748 957 757 
768 748 661 958 957 
769 957 958 730 959 
770 757 957 959 728 
771 960 961 77 962 
772 827 960 962 148 
773 166 965 963 964 
774 965 215 852 963 
775 963 852 213 328 
776 964 963 328 214 
777 213 968 966 967 
778 968 301 873 966 
779 966 873 299 332 
780 967 966 332 300 
781 324 971 969 970 
782 971 166 964 969 
783 969 964 214 339 
784 970 969 339 322 
785 212 352 972 879 
786 352 325 876 972 
787 972 876 334 973 
788 879 972 973 335 
789 210 975 974 883 
790 975 347 976 974 
791 974 976 345 369 
792 883 974 369 346 
793 347 978 977 976 
794 978 209 979 977 
795 977 979 323 361 
796 976 977 361 345 
797 376 981 980 886 
798 981 346 982 980 
799 980 982 368 888 
800 886 980 888 374 
801 488 984 983 900 
802 984 491 985 983 
803 983 985 455 494 
804 900 983 494 480 
805 558 912 986 914 
806 912 559 987 986 
807 986 987 146 988 
808 914 986 988 560 
809 604 990 989 936 
810 990 606 991 989 
811 989 991 95 609 
812 936 989 609 150 
813 636 616 993 992 
814 992 993 618 994 
815 961 992 994 77 
816 559 939 995 987 
817 939 619 996 995 
818 995 996 621 997 
819 987 995 997 146 
820 100 865 998 999 
821 865 238 952 998 
822 998 952 666 1000 
823 999 998 1000 667 
824 606 1002 1001 991 
825 1002 815 1003 1001 
826 1001 1003 594 929 
827 991 1001 929 95 
828 101 915 1004 902 
829 915 560 1005 1004 
830 1004 1005 826 1006 
831 902 1004 1006 548 
832 560 988 1007 1005 
833 988 146 1008 1007 
834 1007 1008 827 1009 
835 1005 1007 1009 826 
836 209 1011 1010 979 
837 1011 324 970 1010 
838 1010 970 322 351 
839 979 1010 351 323 
840 346 1013 1012 982 
841 1013 369 1014 1012 
842 1012 1014 367 384 
843 982 1012 384 368 
844 619 941 1015 996 
845 941 620 1016 1015 
846 1015 1016 147 1017 
847 996 1015 1017 621 
848 620 644 1018 1016 
849 644 634 1019 1018 
850 1018 1019 636 1020 
851 1016 1018 1020 147 
852 815 1022 1021 1003 
853 1022 817 1023 1021 
854 1021 1023 97 932 
855 1003 1021 932 594 
856 817 1025 1024 1023 
857 1025 925 1026 1024 
858 1024 1026 627 943 
859 1023 1024 943 97 
860 146 997 1027 1008 
861 997 621 1028 1027 
862 1027 1028 960 1029 
863 1008 1027 1029 827 
864 621 1017 1030 1028 
865 1017 147 1031 1030 
866 1030 1031 961 1032 
867 1028 1030 1032 960 
868 147 1020 1033 1031 
869 1020 636 1034 1033 
870 1033 1034 992 1035 
871 1031 1033 1035 961 
