Force Coefficients for group 1 --> C:/Users/alphamale/Downloads/OpenVSP-3.51.2-win64-Python3.13/G1_5_trial/Tyche_R2T1_G1_5_ANALYSIS 

      Time              Cx               Cy               Cz               Cxo              Cyo              Czo              Cxi              Cyi              Czi              Cmx              Cmy              Cmz             Cmxo            Cmyo              Cmzo             Cmxi             Cmyi             Cmzi              CL               CD               CS              CLo              CDo              CSo              CLi               CDi             CSi              Cwx              Cwy              Cwz              Cxiw             Cyiw             Cziw             CLw              CDw              CSw               CLiw            CDiw             CSiw
  1.000000000000   0.006429798842   0.000000000000  -0.000110535527   0.006429798842   0.000000000000  -0.000110535527   0.000000000000   0.000000000000   0.000000000000   0.000000000000   0.003519498991   0.000000000000   0.000000000000   0.003519498991   0.000000000000   0.000000000000   0.000000000000   0.000000000000  -0.000558786362   0.006406425607   0.000000000000  -0.000558786362   0.006406425607   0.000000000000   0.000000000000   0.000000000000   0.000000000000   0.006429798842   0.000000000000  -0.000110535527   0.000000000000   0.000000000000   0.000000000000  -0.000558786362   0.006406425607   0.000000000000   0.000000000000   0.000000000000   0.000000000000 
  2.000000000000  -0.031821624147   0.000398509139   0.627282623452   0.010117164627   0.000000277992  -0.000198591971  -0.041938788774   0.000398231147   0.627481215423  -0.000720060913  -0.863261372996   0.000398391218   0.000000075030   0.005656298682   0.000005282860  -0.000720135943  -0.868917671678   0.000393108358   0.627974358797   0.012012915584   0.000398509139  -0.000903845940   0.010078666647   0.000000277992   0.628878204737   0.001934248936   0.000398231147  -0.017252976542   0.000080184566   0.693856023929  -0.027370141169   0.000079906574   0.694054615900   0.693369332333   0.031190000357   0.000080184566   0.694273178273   0.021111333710   0.000079906574 
  3.000000000000  -0.033575079587   0.000229059752   0.527801329335   0.009475166123   0.000000353993  -0.000182134668  -0.043050245710   0.000228705759   0.527983464004  -0.000359422197  -0.608938464370   0.000337932443  -0.000000036668   0.005274008487   0.000001709143  -0.000359385529  -0.614212472858   0.000336223301   0.528857710982   0.003324267191   0.000229059752  -0.000842645174   0.009439380022   0.000000353993   0.529700356156  -0.006115112831   0.000228705759  -0.016422507090  -0.000050788863   0.602948402064  -0.025897673213  -0.000051142857   0.603130536732   0.602625226245   0.025677051690  -0.000050788863   0.603467871419   0.016237671667  -0.000051142857 
  4.000000000000  -0.033754325675  -0.000071794354   0.538729808351   0.009526038189   0.000000028100  -0.000183184925  -0.043280363864  -0.000071822454   0.538912993276  -0.000103725481  -0.644517119690   0.000142699989  -0.000000011158   0.005304368624  -0.000000027974  -0.000103714323  -0.649821488314   0.000142727964   0.539772072347   0.003907789897  -0.000071794354  -0.000847241528   0.009490054904   0.000000028100   0.540619313876  -0.005582265007  -0.000071822454  -0.016084484248  -0.000029731387   0.611493295606  -0.025610522437  -0.000029759487   0.611676480531   0.611125725574   0.026610312767  -0.000029731387   0.611972967103   0.017120257863  -0.000029759487 
  5.000000000000  -0.034227909016  -0.000578987673   0.539103710909   0.009521864514  -0.000000013105  -0.000183080549  -0.043749773531  -0.000578974567   0.539286791458  -0.000080545528  -0.650339390085  -0.000135731438  -0.000000008897   0.005302018111  -0.000000035012  -0.000080536631  -0.655641408196  -0.000135696426   0.540178099601   0.003461442305  -0.000578987673  -0.000846846266   0.009485898677  -0.000000013105   0.541024945867  -0.006024456372  -0.000578974567  -0.015815437420  -0.000026507823   0.610771076475  -0.025337301935  -0.000026494718   0.610954157024   0.610386497975   0.026828324750  -0.000026507823   0.611233344241   0.017342426073  -0.000026494718 
  6.000000000000  -0.033246256809  -0.000383945216   0.541586140019   0.009517226317  -0.000000011980  -0.000183024673  -0.042763483127  -0.000383933236   0.541769164692  -0.000111292390  -0.658118908170   0.000023442394  -0.000000008417   0.005299680717  -0.000000012340  -0.000111283973  -0.663418588886   0.000023454734   0.542586005042   0.004613868758  -0.000383945216  -0.000846466982   0.009481275676  -0.000000011980   0.543432472024  -0.004867406919  -0.000383933236  -0.016200173844  -0.000003711572   0.610499301006  -0.025717400162  -0.000003699592   0.610682325680   0.610142222394   0.026425567426  -0.000003711572   0.610988689376   0.016944291750  -0.000003699592 
  7.000000000000  -0.030888274914  -0.001299945558   0.543081344776   0.009496986068  -0.000000071324  -0.000182818086  -0.040385260982  -0.001299874234   0.543264162862  -0.000064832376  -0.667501974650  -0.000493573041  -0.000000020231   0.005289814780  -0.000000439123  -0.000064812145  -0.672791789431  -0.000493133918   0.543913083053   0.007070406939  -0.001299945558  -0.000844849010   0.009461099142  -0.000000071324   0.544757932063  -0.002390692203  -0.001299874234  -0.014959764642  -0.000053633459   0.611275603013  -0.024456750710  -0.000053562135   0.611458421099   0.610830106796   0.027717107145  -0.000053633459   0.611674955806   0.018256008003  -0.000053562135 
  8.000000000000  -0.036501195207  -0.001443502462   0.541819365763   0.009471562774   0.000000137730  -0.000182221799  -0.045972757980  -0.001443640193   0.542001587562  -0.000312187320  -0.671247675399  -0.000660691821   0.000000030338   0.005276318340   0.000002194367  -0.000312217658  -0.676523993740  -0.000662886188   0.543045715685   0.001383128232  -0.001443502462  -0.000842480736   0.009435779373   0.000000137730   0.543888196421  -0.008052651141  -0.001443640193  -0.016825290583   0.000056590490   0.611316102087  -0.026296853357   0.000056452760   0.611498323886   0.611000639728   0.025858950604   0.000056590490   0.611843120464   0.016423171231   0.000056452760 
  9.000000000000  -0.033869981484  -0.007338830114   0.543301451470   0.009485820026   0.000000721811  -0.000182402574  -0.043355801510  -0.007339551925   0.543483854043   0.000124869310  -0.673501751663  -0.004318093238  -0.000000001212   0.005283359194   0.000002528660   0.000124870522  -0.678785110858  -0.004320621898   0.544340646914   0.004111317523  -0.007338830114  -0.000843655606   0.009449989284   0.000000721811   0.545184302520  -0.005338671761  -0.007339551925  -0.017285983433  -0.000105033181   0.613149158223  -0.026771803458  -0.000105754992   0.613331560797   0.612861366940   0.025527247511  -0.000105033181   0.613705022546   0.016077258226  -0.000105754992 
 10.000000000000  -0.034660518999   0.003441630883   0.539737508424   0.009524634875   0.000000294015  -0.000183401244  -0.044185153874   0.003441336869   0.539920909668  -0.000492833894  -0.647894614912   0.001819296783   0.000000004150   0.005304260462   0.000001774455  -0.000492838044  -0.653198875374   0.001817522327   0.540840530564   0.003074097618   0.003441630883  -0.000847359430   0.009488639919   0.000000294015   0.541687889995  -0.006414542301   0.003441336869  -0.016466557479   0.000016868836   0.611606308148  -0.025991192354   0.000016574821   0.611789709392   0.611265114905   0.026237053604   0.000016868836   0.612112474336   0.016748413685   0.000016574821 
 11.000000000000  -0.034018394966   0.000049493794   0.541919354313   0.009513356977  -0.000000124343  -0.000182997381  -0.043531751943   0.000049618137   0.542102351693  -0.000193236124  -0.660912416645  -0.000022291557   0.000000013501   0.005297787091   0.000000739194  -0.000193249624  -0.666210203736  -0.000023030751   0.542972269277   0.003866855345   0.000049493794  -0.000846169845   0.009477417665  -0.000000124343   0.543818439122  -0.005610562320   0.000049618137  -0.016063750192  -0.000000920074   0.609688404484  -0.025577107168  -0.000000795730   0.609871401865   0.609323784742   0.026505093476  -0.000000920074   0.610169954586   0.017027675811  -0.000000795730 
 12.000000000000  -0.035868942248  -0.001118737776   0.540985564951   0.009511652470   0.000000044884  -0.000182957007  -0.045380594718  -0.001118782659   0.541168521958  -0.000134417651  -0.658599267308  -0.000490192338   0.000000005227   0.005296816487   0.000000732686  -0.000134422878  -0.663896083795  -0.000490925024   0.542169842233   0.001955678051  -0.001118737776  -0.000846010669   0.009475720127   0.000000044884   0.543015852902  -0.007520042077  -0.001118782659  -0.016024672189  -0.000009870684   0.609591794373  -0.025536324659  -0.000009915567   0.609774751380   0.609224684025   0.026537337106  -0.000009870684   0.610070694694   0.017061616979  -0.000009915567 
 13.000000000000  -0.032921042020  -0.001661200086   0.541163889504   0.009509223772   0.000000099000  -0.000182885229  -0.042430265792  -0.001661299086   0.541346774733  -0.000146220147  -0.661709211988  -0.000565200899   0.000000000550   0.005295532843   0.000000746159  -0.000146220697  -0.667004744831  -0.000565947058   0.542142097272   0.004908836633  -0.001661200086  -0.000845769648   0.009473302352   0.000000099000   0.542987866920  -0.004564465719  -0.001661299086  -0.015829498819  -0.000001776464   0.609601788165  -0.025338722591  -0.000001875464   0.609784673394   0.609221038867   0.026732732175  -0.000001776464   0.610066808514   0.017259429823  -0.000001875464 
 14.000000000000  -0.031829138628  -0.002529275584   0.543250518582   0.009497904517  -0.000000133231  -0.000182702760  -0.041327043145  -0.002529142354   0.543433221342  -0.000140132101  -0.670013546097  -0.000524234001   0.000000002966   0.005289921477   0.000000337524  -0.000140135068  -0.675303467574  -0.000524571525   0.544147476095   0.006143636090  -0.002529275584  -0.000844798032   0.009462023399  -0.000000133231   0.544992274127  -0.003318387308  -0.002529142354  -0.015655590908  -0.000019335486   0.610126991150  -0.025153495425  -0.000019202255   0.610309693910   0.609732831281   0.026942852763  -0.000019335486   0.610577629313   0.017480829365  -0.000019202255 
 15.000000000000  -0.035761031055  -0.001427791774   0.543071025618   0.009498727794  -0.000000117566  -0.000182867625  -0.045259758849  -0.001427674208   0.543253893243  -0.000279705180  -0.666880290512  -0.000464507155   0.000000027026   0.005290760925   0.000001197958  -0.000279732206  -0.672171051437  -0.000465705113   0.544242695318   0.002208800759  -0.001427791774  -0.000845019925   0.009462833170  -0.000000117566   0.545087715243  -0.007254032411  -0.001427674208  -0.014916855765  -0.000053950384   0.611244999534  -0.024415583559  -0.000053832818   0.611427867159   0.610796584693   0.027757776707  -0.000053950384   0.611641604618   0.018294943537  -0.000053832818 
 16.000000000000  -0.030601229566   0.003467514652   0.542925051368   0.009471731581  -0.000000496253  -0.000182170703  -0.040072961147   0.003468010905   0.543107222071   0.000163737085  -0.670597816749   0.001817212411  -0.000000074817   0.005276562342  -0.000003751270   0.000163811901  -0.675874379091   0.001820963682   0.543737147097   0.007345850582   0.003467514652  -0.000842441540   0.009435951333  -0.000000496253   0.544579588637  -0.002090100751   0.003468010905  -0.015812252391  -0.000179668260   0.608401214670  -0.025283983972  -0.000179172007   0.608583385373   0.608022186858   0.026666188818  -0.000179668260   0.608864628398   0.017230237485  -0.000179172007 
 17.000000000000  -0.031398402649   0.001696067980   0.541384120201   0.009478129485  -0.000000420322  -0.000182400283  -0.040876532133   0.001696488302   0.541566520484   0.000092367793  -0.667405126455   0.000779374925  -0.000000058875   0.005280012966  -0.000003130406   0.000092426668  -0.672685139421   0.000782505332   0.542255577544   0.006443129448   0.001696067980  -0.000843116855   0.009442317637  -0.000000420322   0.543098694400  -0.002999188189   0.001696488302  -0.017308216852  -0.000230008612   0.609641369421  -0.026786346336  -0.000229588290   0.609823769704   0.609363673860   0.025260377274  -0.000230008612   0.610206790716   0.015818059637  -0.000229588290 
 18.000000000000  -0.033502863460  -0.005863595289   0.542432145508   0.009487483092   0.000000047931  -0.000182572889  -0.042990346552  -0.005863643220   0.542614718398   0.000201037335  -0.670977529225  -0.003059553294  -0.000000025005   0.005285046909  -0.000000623024   0.000201062340  -0.676262576135  -0.003058930270   0.543447849680   0.004416901548  -0.005863595289  -0.000843941516   0.009451636419   0.000000047931   0.544291791196  -0.005034734872  -0.005863643220  -0.015582300860   0.000075673173   0.610418960065  -0.025069783953   0.000075625242   0.610601532954   0.610018976518   0.027036331002   0.000075673173   0.610862918035   0.017584694583   0.000075625242 
 19.000000000000  -0.034980833997   0.021567416786   0.555533155513   0.009481744251   0.000000213868  -0.000182497863  -0.044462578248   0.021567202918   0.555715653376  -0.001154338100  -0.732352536673   0.011660467513  -0.000000018430   0.005282022142   0.000000423829  -0.001154319670  -0.737634558815   0.011660043684   0.556620044295   0.003856411533   0.021567416786  -0.000843466352   0.009445916791   0.000000213868   0.557463510647  -0.005589505258   0.021567202918  -0.016826927436  -0.000191875795   0.610345542519  -0.026308671687  -0.000192089663   0.610528040383   0.610032558575   0.025789614925  -0.000191875795   0.610876024927   0.016343698134  -0.000192089663 
 20.000000000000  -0.032356228730  -0.002669056568   0.540391513519   0.009502625878   0.000000135230  -0.000183098936  -0.041858854609  -0.002669191799   0.540574612455  -0.000067151772  -0.651772077357  -0.001117636806  -0.000000008037   0.005293483243   0.000000476504  -0.000067143736  -0.657065560599  -0.001118113310   0.541332203372   0.005418395841  -0.002669056568  -0.000845522589   0.009466705623   0.000000135230   0.542177725961  -0.004048309782  -0.002669191799  -0.016145467882  -0.000005044820   0.612782155122  -0.025648093760  -0.000005180050   0.612965254058   0.612415699497   0.026639383981  -0.000005044820   0.613261222086   0.017172678358  -0.000005180050 
