2 0.000000 100.000000 407.315828
801 685 
1 -81.951989 0.000000 -82.801989 99.753058 0.000098 6.976020 0.000066 
2 92.701989 0.000000 -82.801989 99.754269 0.000641 6.955287 0.000071 
3 92.701989 0.000000 83.146450 99.761425 -0.000850 6.946916 -0.000060 
4 -81.951989 0.000000 83.146450 99.760162 -0.000120 6.976065 -0.000076 
5 5.375000 0.000000 0.172230 -1.668906 0.294957 -1.559010 0.999470 
6 -81.951989 0.000000 0.172230 99.756397 -0.000009 6.979913 -0.000006 
7 5.375000 0.000000 -82.801989 99.746785 0.000357 6.964380 0.000208 
8 92.701989 0.000000 0.172230 99.871687 0.004450 5.313301 -0.000259 
9 5.375000 0.000000 83.146450 99.768480 -0.000461 6.962252 -0.000222 
10 -38.288495 0.000000 -41.314880 99.742506 0.000175 6.976580 0.000276 
11 -81.951989 0.000000 -41.314880 99.753096 0.000064 6.978039 0.000063 
12 -38.288495 0.000000 -82.801989 99.749360 0.000189 6.973174 0.000144 
13 5.375000 0.000000 -41.314880 99.720090 -0.000441 6.930467 0.000787 
14 -38.288495 0.000000 0.172230 99.754912 0.000010 6.993556 0.000005 
15 49.038495 0.000000 -41.314880 99.748102 0.001182 6.897530 0.000274 
16 49.038495 0.000000 -82.801989 99.750448 0.000539 6.956646 0.000145 
17 92.701989 0.000000 -41.314880 99.757604 0.001313 6.905377 0.000074 
18 49.038495 0.000000 0.172230 99.925374 0.022372 4.481418 -0.000516 
19 -38.288495 0.000000 41.659340 99.771841 -0.000241 6.977613 -0.000311 
20 -81.951989 0.000000 41.659340 99.759972 -0.000085 6.978243 -0.000075 
21 5.375000 0.000000 41.659340 99.805498 0.000150 6.920005 -0.000902 
22 -38.288495 0.000000 83.146450 99.764618 -0.000236 6.972964 -0.000160 
23 -16.456747 0.000000 -20.571325 99.712611 0.000955 6.953801 0.000904 
24 -38.288495 0.000000 -20.571325 99.741771 0.000109 6.984808 0.000279 
25 -16.456747 0.000000 -41.314880 99.728178 0.000106 6.964366 0.000579 
26 5.375000 0.000000 -20.571325 99.727163 -0.027493 6.804085 0.000820 
27 -16.456747 0.000000 0.172230 99.714545 -0.084748 6.984893 0.000821 
28 49.038495 0.000000 41.659340 99.775803 -0.001770 6.860720 -0.000228 
29 92.701989 0.000000 41.659340 99.768177 -0.002082 6.841553 -0.000050 
30 49.038495 0.000000 83.146450 99.765089 -0.000702 6.951370 -0.000139 
31 27.206747 0.000000 -20.571325 99.738435 0.002902 6.716047 0.000714 
32 27.206747 0.000000 -41.314880 99.734121 -0.000050 6.902688 0.000546 
33 49.038495 0.000000 -20.571325 99.759454 0.001603 6.720455 0.000289 
34 27.206747 0.000000 0.172230 99.898797 0.150184 4.453297 0.000038 
35 -16.456747 0.000000 20.915785 99.801997 -0.003872 6.971283 -0.000904 
36 -38.288495 0.000000 20.915785 99.770679 -0.000175 6.986984 -0.000301 
37 5.375000 0.000000 20.915785 99.912499 0.028501 6.739260 -0.002793 
38 -16.456747 0.000000 41.659340 99.790509 -0.000221 6.964650 -0.000665 
39 -5.540874 0.000000 -10.199547 99.571351 -0.145499 6.817283 0.003905 
40 -16.456747 0.000000 -10.199547 99.679457 -0.042123 6.992594 0.001511 
41 -5.540874 0.000000 -20.571325 99.683243 0.002135 6.897292 0.001568 
42 5.375000 0.000000 -10.199547 99.501868 -0.201938 6.450503 0.005773 
43 -5.540874 0.000000 0.172230 99.219458 -0.112158 7.080768 0.010535 
44 27.206747 0.000000 20.915785 99.807898 -0.001227 6.553884 -0.000457 
45 49.038495 0.000000 20.915785 99.799155 -0.004354 6.478544 -0.000184 
46 27.206747 0.000000 41.659340 99.790385 -0.000634 6.877229 -0.000542 
47 16.290874 0.000000 -10.199547 99.754800 -0.090256 6.308548 0.000917 
48 16.290874 0.000000 -20.571325 99.713464 0.002118 6.739599 0.001180 
49 27.206747 0.000000 -10.199547 99.771206 -0.016578 6.235272 0.000683 
50 16.290874 0.000000 0.172230 99.643902 0.224742 5.134524 0.004468 
51 -5.540874 0.000000 10.544008 99.954312 0.032577 7.025292 -0.004022 
52 -16.456747 0.000000 10.544008 99.800696 -0.047653 7.026130 -0.000955 
53 5.375000 0.000000 10.544008 100.431836 0.310651 6.143642 -0.012439 
54 -5.540874 0.000000 20.915785 99.889578 -0.025606 6.926403 -0.002590 
55 -0.082937 0.000000 -5.013659 98.730534 0.018350 6.282505 0.021281 
56 -5.540874 0.000000 -5.013659 99.323664 -0.034135 6.883312 0.008743 
57 -0.082937 0.000000 -10.199547 99.521992 -0.254875 6.625197 0.005141 
58 5.375000 0.000000 -5.013659 99.285496 0.102923 5.774311 0.010904 
59 -0.082937 0.000000 0.172230 79.982520 -0.144150 20.541518 0.318082 
60 16.290874 0.000000 10.544008 99.826174 0.040235 5.719305 0.000202 
61 27.206747 0.000000 10.544008 99.852566 -0.009133 5.570545 -0.000157 
62 16.290874 0.000000 20.915785 99.847019 -0.000308 6.604561 -0.001305 
63 10.832937 0.000000 -5.013659 99.428910 0.081216 5.548561 0.008310 
64 10.832937 0.000000 -10.199547 99.631253 -0.264959 6.354059 0.003317 
65 16.290874 0.000000 -5.013659 99.649537 -0.252927 5.421234 0.004052 
66 10.832937 0.000000 0.172230 92.170406 0.567436 9.250715 0.141872 
67 -0.082937 0.000000 5.358119 101.025366 0.249544 7.896946 -0.026855 
68 -5.540874 0.000000 5.358119 99.828554 0.127964 7.329155 -0.001947 
69 5.375000 0.000000 5.358119 101.731986 0.030169 4.395246 -0.036872 
70 -0.082937 0.000000 10.544008 100.311986 0.266927 6.843112 -0.010939 
71 2.646032 0.000000 -2.420714 99.208123 0.033635 3.626874 0.014459 
72 -0.082937 0.000000 -2.420714 97.406615 -0.173559 5.091753 0.048600 
73 2.646032 0.000000 -5.013659 98.838574 -0.072316 5.791333 0.019739 
74 5.375000 0.000000 -2.420714 99.946710 -0.269893 4.930308 -0.001373 
75 2.646032 0.000000 0.172230 0.770467 0.002774 -1.545170 0.999702 
76 -60.120242 0.000000 -20.571325 99.751488 0.000055 6.981417 0.000090 
77 -81.951989 0.000000 -20.571325 99.754295 0.000032 6.979282 0.000037 
78 -60.120242 0.000000 -41.314880 99.749890 0.000102 6.978353 0.000126 
79 -60.120242 0.000000 0.172230 99.756174 -0.000013 6.983355 -0.000006 
80 -27.372621 0.000000 -10.199547 99.735377 -0.000260 6.978612 0.000415 
81 -38.288495 0.000000 -10.199547 99.746243 0.000031 6.990339 0.000182 
82 -27.372621 0.000000 -20.571325 99.727937 -0.000068 6.985021 0.000555 
83 -27.372621 0.000000 0.172230 99.747686 -0.001182 6.987120 0.000158 
84 -10.998810 0.000000 -5.013659 99.639772 -0.022021 6.883553 0.002453 
85 -16.456747 0.000000 -5.013659 99.697534 -0.079242 6.964287 0.001189 
86 -10.998810 0.000000 -10.199547 99.650623 -0.035486 6.906579 0.002205 
87 -10.998810 0.000000 0.172230 99.639516 -0.043135 7.038936 0.002242 
88 -2.811905 0.000000 -2.420714 98.474923 0.406177 6.807687 0.025618 
89 -5.540874 0.000000 -2.420714 99.228371 -0.058325 6.870749 0.010652 
90 -2.811905 0.000000 -5.013659 99.086496 -0.027194 6.586624 0.013848 
91 -2.811905 0.000000 0.172230 98.317233 0.338423 7.895458 0.027127 
92 10.832937 0.000000 5.358119 100.094289 0.155259 3.644346 -0.003217 
93 16.290874 0.000000 5.358119 99.815677 0.054268 4.328934 0.001809 
94 10.832937 0.000000 10.544008 100.143593 0.156194 5.678775 -0.006101 
95 2.646032 0.000000 2.765175 105.950228 -0.347801 9.171052 -0.130968 
96 -0.082937 0.000000 2.765175 100.300090 -0.619963 9.857761 -0.015767 
97 5.375000 0.000000 2.765175 103.690162 -0.076749 0.349673 -0.075178 
98 2.646032 0.000000 5.358119 102.011781 0.065883 6.568493 -0.044955 
99 1.281547 0.000000 -1.124242 101.359208 -0.049042 -12.656239 -0.043387 
100 -0.082937 0.000000 -1.124242 93.257670 -0.174899 0.463923 0.130276 
101 1.281547 0.000000 -2.420714 98.092868 -0.023672 3.678236 0.036426 
102 2.646032 0.000000 -1.124242 101.225916 -0.059806 -2.263790 -0.025181 
103 1.281547 0.000000 0.172230 96.664064 -0.063845 35.034714 -0.057138 
104 -60.120242 0.000000 20.915785 99.761257 -0.000084 6.981944 -0.000106 
105 -81.951989 0.000000 20.915785 99.758593 -0.000051 6.979451 -0.000049 
106 -60.120242 0.000000 41.659340 99.763421 -0.000135 6.978832 -0.000144 
107 -27.372621 0.000000 10.544008 99.765798 -0.002026 6.986308 -0.000202 
108 -38.288495 0.000000 10.544008 99.764469 -0.000018 6.992021 -0.000184 
109 -27.372621 0.000000 20.915785 99.785048 0.000364 6.989970 -0.000592 
110 -10.998810 0.000000 5.358119 99.730627 0.022687 6.971580 0.000520 
111 -16.456747 0.000000 5.358119 99.765233 -0.059589 7.046023 -0.000275 
112 -10.998810 0.000000 10.544008 99.810563 -0.048578 6.995699 -0.001109 
113 -2.811905 0.000000 2.765175 99.438826 0.147414 8.260225 0.004367 
114 -5.540874 0.000000 2.765175 99.529088 -0.029926 7.345476 0.004000 
115 -2.811905 0.000000 5.358119 99.892268 -0.089894 7.416003 -0.003347 
116 -1.447421 0.000000 -1.124242 96.601794 -0.054969 6.774338 0.062220 
117 -2.811905 0.000000 -1.124242 98.149698 0.504927 7.349152 0.031237 
118 -1.447421 0.000000 -2.420714 97.796218 -0.071841 6.480477 0.039390 
119 -1.447421 0.000000 0.172230 96.296062 -0.076407 8.512706 0.065460 
120 1.281547 0.000000 1.468702 99.595916 -0.016491 17.286357 -0.021816 
121 -0.082937 0.000000 1.468702 97.557906 -0.107287 12.038499 0.033752 
122 2.646032 0.000000 1.468702 116.662559 -0.028276 27.009708 -0.433968 
123 1.281547 0.000000 2.765175 102.205220 -0.582834 10.535959 -0.055725 
124 0.599305 0.000000 -0.476006 97.338986 -0.127913 -8.298966 0.045623 
125 -0.082937 0.000000 -0.476006 71.186412 -0.218592 -5.013372 0.490731 
126 0.599305 0.000000 -1.124242 96.467685 -0.152215 -2.001128 0.068996 
127 1.281547 0.000000 -0.476006 100.581927 -0.048399 -12.489483 -0.027271 
128 0.599305 0.000000 0.172230 95.729660 -0.098833 27.617026 0.007312 
129 -1.447421 0.000000 1.468702 98.200520 -0.036387 9.340599 0.026941 
130 -2.811905 0.000000 1.468702 98.882143 0.135527 8.129760 0.015621 
131 -1.447421 0.000000 2.765175 99.554250 0.065919 8.814883 0.001124 
132 -0.765179 0.000000 -0.476006 92.240546 -0.173461 6.705085 0.144669 
133 -1.447421 0.000000 -0.476006 96.093601 -0.008197 7.504788 0.070970 
134 -0.765179 0.000000 -1.124242 94.771174 -0.029901 5.346924 0.098983 
135 -0.765179 0.000000 0.172230 92.802133 0.025258 9.869466 0.129036 
136 0.599305 0.000000 0.820466 95.364098 -0.087551 18.368717 0.056827 
137 -0.082937 0.000000 0.820466 94.477431 -0.124375 14.748344 0.085649 
138 1.281547 0.000000 0.820466 97.802637 -0.056918 35.202269 -0.080456 
139 0.599305 0.000000 1.468702 98.141409 -0.063539 14.282004 0.016428 
140 0.258184 0.000000 -0.151888 36.060001 -0.304320 47.566668 0.643700 
141 -0.082937 0.000000 -0.151888 63.769535 -0.235485 13.679197 0.574627 
142 0.258184 0.000000 -0.476006 68.463246 -0.142125 -51.644269 0.264563 
143 0.599305 0.000000 -0.151888 0.828421 -0.076547 1.092403 0.999811 
144 0.258184 0.000000 0.172230 64.802320 -0.208214 60.365997 0.215656 
145 -0.765179 0.000000 0.820466 95.731671 -0.091291 10.823194 0.071830 
146 -1.447421 0.000000 0.820466 97.179923 -0.028663 9.130178 0.047270 
147 -0.765179 0.000000 1.468702 97.690493 -0.143676 10.409404 0.034819 
148 -0.424058 0.000000 -0.151888 85.700595 -0.192209 8.975521 0.257481 
149 -0.765179 0.000000 -0.151888 91.934632 -0.173783 8.400651 0.147742 
150 -0.424058 0.000000 -0.476006 86.879743 -0.198236 4.785085 0.242897 
151 -0.424058 0.000000 0.172230 88.637283 -0.198826 12.270327 0.199283 
152 -16.456747 0.000000 -62.058434 99.741478 0.000298 6.966987 0.000310 
153 -38.288495 0.000000 -62.058434 99.746363 0.000193 6.973727 0.000203 
154 -16.456747 0.000000 -82.801989 99.747398 0.000264 6.969467 0.000188 
155 5.375000 0.000000 -62.058434 99.739596 0.000449 6.955574 0.000363 
156 -5.540874 0.000000 -30.943102 99.719098 0.001061 6.929287 0.000809 
157 -16.456747 0.000000 -30.943102 99.715561 -0.000301 6.965320 0.000829 
158 -5.540874 0.000000 -41.314880 99.721440 -0.000340 6.949562 0.000734 
159 5.375000 0.000000 -30.943102 99.718591 0.001267 6.896556 0.000864 
160 -0.082937 0.000000 -15.385436 99.727116 -0.082956 6.744845 0.000900 
161 -5.540874 0.000000 -15.385436 99.679909 -0.024882 6.840420 0.001712 
162 -0.082937 0.000000 -20.571325 99.703876 -0.022995 6.843120 0.001231 
163 5.375000 0.000000 -15.385436 99.760857 -0.106935 6.690743 0.000299 
164 2.646032 0.000000 -7.606603 99.353107 0.035381 6.316941 0.008906 
165 -0.082937 0.000000 -7.606603 99.380735 -0.126095 6.451689 0.008183 
166 2.646032 0.000000 -10.199547 99.468581 -0.202811 6.538222 0.006321 
167 5.375000 0.000000 -7.606603 99.395850 0.116215 6.161288 0.008249 
168 1.281547 0.000000 -3.717186 98.301414 0.088514 5.377714 0.030790 
169 -0.082937 0.000000 -3.717186 98.126844 0.299960 5.961796 0.033549 
170 1.281547 0.000000 -5.013659 98.734800 -0.078043 6.027673 0.021510 
171 2.646032 0.000000 -3.717186 98.770282 -0.139506 5.144933 0.021794 
172 0.599305 0.000000 -1.772478 96.984047 -0.117549 2.287316 0.058885 
173 -0.082937 0.000000 -1.772478 96.314692 -0.173967 3.954489 0.070781 
174 0.599305 0.000000 -2.420714 97.560788 -0.195441 4.376200 0.046270 
175 1.281547 0.000000 -1.772478 97.718276 -0.149318 1.357229 0.044927 
176 0.258184 0.000000 -0.800124 93.059922 -0.136024 -15.116478 0.111132 
177 -0.082937 0.000000 -0.800124 87.481218 -0.195518 -3.655621 0.233363 
178 0.258184 0.000000 -1.124242 95.011220 -0.106192 -2.380472 0.096719 
179 0.599305 0.000000 -0.800124 97.961504 -0.108582 -11.480210 0.027174 
180 0.087624 0.000000 -0.313947 38.393737 -0.137793 -7.388857 0.847131 
181 -0.082937 0.000000 -0.313947 61.741722 -0.236262 2.697666 0.618063 
182 0.087624 0.000000 -0.476006 46.724541 -0.110651 -42.926619 0.597411 
183 0.258184 0.000000 -0.313947 -1.029176 -0.074666 0.857638 0.999820 
184 0.087624 0.000000 -0.151888 34.720704 -0.288316 39.553226 0.722993 
185 -2.811905 0.000000 -7.606603 99.428624 -0.072341 6.627937 0.007001 
186 -5.540874 0.000000 -7.606603 99.487264 -0.139561 6.805757 0.005595 
187 -2.811905 0.000000 -10.199547 99.542589 -0.175813 6.724774 0.004602 
188 -1.447421 0.000000 -3.717186 98.413782 0.455710 6.399969 0.027356 
189 -2.811905 0.000000 -3.717186 98.779167 0.113353 6.613695 0.019892 
190 -1.447421 0.000000 -5.013659 98.942781 0.071404 6.382331 0.016959 
191 -0.765179 0.000000 -1.772478 96.644559 -0.077666 5.479680 0.062980 
192 -1.447421 0.000000 -1.772478 97.225599 -0.086699 6.572521 0.050398 
193 -0.765179 0.000000 -2.420714 97.471536 -0.105859 5.900242 0.046448 
194 -0.424058 0.000000 -0.800124 90.729297 -0.184948 3.109582 0.175849 
195 -0.765179 0.000000 -0.800124 93.431815 0.059591 5.650546 0.123856 
196 -0.424058 0.000000 -1.124242 93.701808 -0.068051 3.439167 0.120814 
197 -0.253497 0.000000 -0.313947 78.516306 -0.204567 5.619745 0.380357 
198 -0.424058 0.000000 -0.313947 85.710135 -0.208843 6.675683 0.260916 
199 -0.253497 0.000000 -0.476006 81.385956 -0.197591 2.017791 0.337222 
200 -0.253497 0.000000 -0.151888 78.632227 -0.209578 10.077856 0.371537 
201 0.258184 0.000000 0.496348 92.938047 -0.175316 24.380831 0.076806 
202 -0.082937 0.000000 0.496348 90.336051 -0.160518 17.652634 0.152776 
203 0.599305 0.000000 0.496348 94.771121 -0.094458 28.030379 0.023272 
204 0.258184 0.000000 0.820466 95.050932 -0.218809 17.208193 0.066915 
205 0.087624 0.000000 0.010171 39.191238 -0.311628 54.973011 0.544192 
206 -0.082937 0.000000 0.010171 71.765707 -0.144766 19.148170 0.448301 
207 0.258184 0.000000 0.010171 50.594503 -0.265581 62.531802 0.352990 
208 0.087624 0.000000 0.172230 73.895058 -0.152679 31.993795 0.351589 
209 0.002343 0.000000 -0.232917 35.806310 -0.199039 14.819487 0.849825 
210 -0.082937 0.000000 -0.232917 33.296376 -0.287664 36.258727 0.757657 
211 0.002343 0.000000 -0.313947 37.244634 -0.142551 -2.971684 0.860399 
212 0.087624 0.000000 -0.232917 36.044505 -0.201154 18.157994 0.837104 
213 0.002343 0.000000 -0.151888 33.701973 -0.297639 40.031487 0.726157 
214 8.103968 0.000000 -2.420714 99.264582 0.087549 6.237657 0.010763 
215 8.103968 0.000000 -5.013659 99.463235 0.273785 5.743043 0.007401 
216 10.832937 0.000000 -2.420714 98.853430 0.265326 5.107273 0.020184 
217 8.103968 0.000000 0.172230 92.467996 1.510368 31.164761 0.047615 
218 4.010516 0.000000 -1.124242 102.387286 -0.166462 0.075031 -0.048319 
219 4.010516 0.000000 -2.420714 99.101942 -0.060316 4.184533 0.016129 
220 5.375000 0.000000 -1.124242 106.106580 0.207401 5.699341 -0.129113 
221 4.010516 0.000000 0.172230 7.655199 -0.155715 -0.637643 0.994097 
222 1.963789 0.000000 -0.476006 102.493171 -0.043231 -10.067676 -0.060621 
223 1.963789 0.000000 -1.124242 102.486370 -0.043252 -10.064994 -0.060476 
224 2.646032 0.000000 -0.476006 101.232848 -0.059945 -2.338004 -0.025356 
225 1.963789 0.000000 0.172230 99.328857 -0.036052 28.259328 -0.066481 
226 0.940426 0.000000 -0.800124 99.300193 -0.041956 -12.617220 -0.001972 
227 0.940426 0.000000 -1.124242 95.827235 -0.199915 -2.560417 0.081055 
228 1.281547 0.000000 -0.800124 100.046336 -0.048093 -12.437834 -0.016397 
229 0.940426 0.000000 -0.476006 99.381562 -0.038407 -12.859660 -0.004207 
230 0.428745 0.000000 -0.638065 95.222374 -0.097082 -24.630198 0.032604 
231 0.258184 0.000000 -0.638065 80.661279 -0.116622 -45.392817 0.143324 
232 0.428745 0.000000 -0.800124 101.456954 -0.136134 -11.820159 -0.043325 
233 0.599305 0.000000 -0.638065 98.062463 -0.107824 -11.522188 0.025098 
234 0.428745 0.000000 -0.476006 92.731119 -0.089744 -32.081674 0.037170 
235 0.087624 0.000000 -0.638065 77.908323 -0.138142 -17.998313 0.360633 
236 -0.082937 0.000000 -0.638065 81.009748 -0.205968 -5.669046 0.340524 
237 0.087624 0.000000 -0.800124 87.843097 -0.210020 -9.648441 0.219045 
238 0.940426 0.000000 -0.151888 7.613601 -0.018168 1.066457 0.994090 
239 1.281547 0.000000 -0.151888 7.991724 -0.138802 0.977431 0.993516 
240 0.940426 0.000000 0.172230 94.464463 -0.125499 35.011064 -0.014933 
241 0.428745 0.000000 -0.313947 -1.911593 -0.006872 1.775476 0.999319 
242 0.599305 0.000000 -0.313947 0.857033 -0.064393 2.392771 0.999354 
243 0.428745 0.000000 -0.151888 -1.829428 -0.019412 1.522646 0.999433 
244 0.343464 0.000000 -0.557035 82.426615 -0.108260 -44.939843 0.118625 
245 0.258184 0.000000 -0.557035 71.942583 -0.132840 -50.635233 0.226032 
246 0.343464 0.000000 -0.638065 87.121675 -0.098040 -39.682777 0.083508 
247 0.428745 0.000000 -0.557035 94.030483 -0.094771 -27.707284 0.039057 
248 0.343464 0.000000 -0.476006 76.381949 -0.127235 -49.746785 0.169104 
249 8.103968 0.000000 2.765175 100.382727 0.094921 0.189120 -0.007674 
250 10.832937 0.000000 2.765175 99.004950 0.392982 2.254256 0.019278 
251 8.103968 0.000000 5.358119 100.797279 0.186196 3.386199 -0.017159 
252 4.010516 0.000000 1.468702 110.787433 -0.345893 0.266365 -0.227405 
253 5.375000 0.000000 1.468702 98.437032 -0.040160 -17.811381 -0.000710 
254 4.010516 0.000000 2.765175 106.140113 -0.063339 3.893520 -0.128089 
255 1.963789 0.000000 0.820466 96.911608 -0.018926 24.573225 0.000430 
256 2.646032 0.000000 0.820466 39.380163 0.031914 25.478437 0.780005 
257 1.963789 0.000000 1.468702 102.240741 -0.006510 20.392885 -0.086904 
258 0.940426 0.000000 0.496348 94.653743 -0.110210 34.900806 -0.017741 
259 1.281547 0.000000 0.496348 96.043584 -0.079189 34.911904 -0.044322 
260 0.940426 0.000000 0.820466 94.880169 -0.132082 21.308509 0.054368 
261 0.428745 0.000000 0.334289 91.331896 -0.109084 35.785343 0.037788 
262 0.258184 0.000000 0.334289 89.357097 -0.188890 35.141066 0.078038 
263 0.428745 0.000000 0.172230 86.027665 -0.126980 43.633310 0.069536 
264 0.599305 0.000000 0.334289 95.302945 -0.098447 27.251793 0.017468 
265 0.428745 0.000000 0.496348 96.298318 -0.010971 23.521985 0.017335 
266 3.328274 0.000000 -0.476006 102.388656 -0.043048 0.148390 -0.048346 
267 3.328274 0.000000 -1.124242 101.664872 -0.044727 0.067832 -0.033575 
268 4.010516 0.000000 -0.476006 102.758429 -0.196446 0.098661 -0.055934 
269 3.328274 0.000000 0.172230 5.629434 -0.359548 -2.553725 0.996166 
270 4.010516 0.000000 -3.717186 99.084640 -0.125994 5.123705 0.015597 
271 4.010516 0.000000 -5.013659 98.973060 -0.062784 5.633336 0.017260 
272 5.375000 0.000000 -3.717186 99.418659 -0.019788 5.277064 0.008808 
273 3.328274 0.000000 -1.772478 99.024180 -0.143018 3.081503 0.018470 
274 2.646032 0.000000 -1.772478 99.398373 0.016604 2.527032 0.011358 
275 3.328274 0.000000 -2.420714 98.964667 -0.068188 3.980513 0.019015 
276 4.010516 0.000000 -1.772478 98.985959 0.041267 2.986981 0.019286 
277 2.987153 0.000000 -0.800124 101.295167 -0.052185 -0.307214 -0.026081 
278 2.646032 0.000000 -0.800124 101.722334 -0.057353 -2.333366 -0.035288 
279 2.987153 0.000000 -1.124242 101.715591 -0.050536 0.142748 -0.034608 
280 3.328274 0.000000 -0.800124 101.558511 -0.043294 0.055175 -0.031414 
281 2.987153 0.000000 -0.476006 101.014450 -0.055591 0.000000 -0.020392 
282 3.328274 0.000000 0.820466 113.735362 -0.415805 0.398570 -0.293606 
283 4.010516 0.000000 0.820466 107.266766 -0.238479 17.041615 -0.179663 
284 3.328274 0.000000 1.468702 113.656077 -0.415640 0.382671 -0.291802 
285 -16.456747 0.000000 62.402895 99.774503 -0.000404 6.966054 -0.000348 
286 -38.288495 0.000000 62.402895 99.767981 -0.000249 6.973843 -0.000228 
287 5.375000 0.000000 62.402895 99.778028 -0.000624 6.951493 -0.000398 
288 -16.456747 0.000000 83.146450 99.767264 -0.000336 6.968603 -0.000207 
289 -5.540874 0.000000 31.287562 99.812612 -0.002920 6.930123 -0.001058 
290 -16.456747 0.000000 31.287562 99.804678 0.000436 6.968349 -0.000953 
291 5.375000 0.000000 31.287562 99.822086 -0.002143 6.875366 -0.001172 
292 -5.540874 0.000000 41.659340 99.801210 0.000260 6.946250 -0.000853 
293 -0.082937 0.000000 15.729896 99.983970 0.084701 6.789913 -0.004290 
294 -5.540874 0.000000 15.729896 99.873570 -0.000032 6.898131 -0.002231 
295 5.375000 0.000000 15.729896 100.032014 0.074282 6.570048 -0.004957 
296 -0.082937 0.000000 20.915785 99.927717 -0.015498 6.846826 -0.003243 
297 2.646032 0.000000 7.951063 101.243017 0.118960 6.518890 -0.029266 
298 -0.082937 0.000000 7.951063 100.617516 0.063722 7.050882 -0.017360 
299 5.375000 0.000000 7.951063 101.064727 0.459530 5.543371 -0.024502 
300 2.646032 0.000000 10.544008 100.479929 0.288479 6.530764 -0.013895 
301 4.010516 0.000000 4.061647 104.012448 -0.015667 4.944479 -0.084304 
302 2.646032 0.000000 4.061647 103.504107 -0.044415 7.161258 -0.076439 
303 5.375000 0.000000 4.061647 102.652074 0.036215 3.152149 -0.054739 
304 4.010516 0.000000 5.358119 102.176354 0.027639 5.436642 -0.046957 
305 3.328274 0.000000 2.116938 109.780299 -0.281435 6.155320 -0.208968 
306 2.646032 0.000000 2.116938 108.665601 -0.456861 11.856585 -0.194900 
307 4.010516 0.000000 2.116938 107.739086 -0.144057 2.714534 -0.161510 
308 3.328274 0.000000 2.765175 106.552919 -0.098694 6.351145 -0.139387 
309 2.987153 0.000000 1.144584 109.040577 -0.091982 17.399654 -0.219260 
310 2.646032 0.000000 1.144584 51.883169 -0.000167 56.875007 0.407337 
311 2.987153 0.000000 0.820466 60.335688 0.062964 5.602397 0.632821 
312 3.328274 0.000000 1.144584 114.879271 -0.302246 0.150848 -0.319736 
313 2.987153 0.000000 1.468702 116.744319 -0.178592 0.000000 -0.362927 
314 1.281547 0.000000 4.061647 101.963738 -0.029678 8.186464 -0.046362 
315 -0.082937 0.000000 4.061647 100.946054 0.117051 8.670186 -0.026529 
316 1.281547 0.000000 5.358119 101.708573 0.054182 7.495999 -0.040083 
317 1.963789 0.000000 2.116938 104.345012 -0.614518 13.809229 -0.107895 
318 1.281547 0.000000 2.116938 101.380787 -0.131910 13.066437 -0.044881 
319 1.963789 0.000000 2.765175 104.066296 -0.436126 10.600874 -0.094236 
320 2.304911 0.000000 1.144584 86.555466 0.047930 11.204795 0.238260 
321 1.963789 0.000000 1.144584 99.328857 -0.036052 28.259328 -0.066481 
322 2.304911 0.000000 0.820466 93.130450 0.008021 18.274734 0.099275 
323 2.304911 0.000000 1.468702 104.666685 -0.044168 24.016682 -0.153192 
324 2.987153 0.000000 0.496348 2.017291 0.083700 -4.852419 0.997238 
325 2.646032 0.000000 0.496348 86.555466 0.047930 11.204795 0.238260 
326 2.987153 0.000000 0.172230 2.783826 0.061037 -2.657435 0.998518 
327 3.328274 0.000000 0.496348 7.366480 -0.349953 -4.361534 0.992659 
328 2.816592 0.000000 0.982525 42.708710 -0.003704 51.844269 0.548814 
329 2.646032 0.000000 0.982525 34.221886 0.008237 51.385365 0.618841 
330 2.816592 0.000000 0.820466 28.627785 0.031283 28.708668 0.835626 
331 2.987153 0.000000 0.982525 99.708597 -0.051951 14.057767 -0.013943 
332 2.816592 0.000000 1.144584 91.393669 -0.008873 60.794967 -0.204883 
333 2.304911 0.000000 0.496348 94.906366 -0.005655 21.863405 0.051477 
334 1.963789 0.000000 0.496348 100.440917 -0.040679 28.745493 -0.091468 
335 2.304911 0.000000 0.172230 1.093754 0.061651 0.258716 0.999873 
336 2.475471 0.000000 0.982525 78.707053 0.045768 9.251427 0.371961 
337 2.304911 0.000000 0.982525 92.109215 0.015073 16.591832 0.124060 
338 2.475471 0.000000 0.820466 84.989420 0.039676 12.058639 0.263139 
339 2.475471 0.000000 1.144584 86.555466 0.047930 11.204795 0.238260 
340 2.816592 0.000000 0.658407 67.469153 0.058873 7.126610 0.539712 
341 2.646032 0.000000 0.658407 76.115330 0.047256 8.697729 0.413080 
342 2.816592 0.000000 0.496348 -0.810332 0.065271 -3.014881 0.999025 
343 2.987153 0.000000 0.658407 1.427574 0.117303 -7.021259 0.994865 
344 2.731312 0.000000 0.901496 11.729183 0.003417 42.356680 0.806834 
345 2.646032 0.000000 0.901496 32.555292 0.018671 36.433425 0.761276 
346 2.731312 0.000000 0.820466 29.556610 0.041120 20.100848 0.872236 
347 2.816592 0.000000 0.901496 25.299662 0.016501 40.004238 0.775959 
348 2.731312 0.000000 0.982525 30.061712 0.004813 51.272777 0.646740 
349 6.739484 0.000000 -1.124242 98.309716 -0.039631 11.811102 0.019570 
350 6.739484 0.000000 -2.420714 99.598185 -0.084210 6.412091 0.003908 
351 8.103968 0.000000 -1.124242 97.352450 0.092898 10.155838 0.041935 
352 6.739484 0.000000 0.172230 -6.525981 0.167600 -1.011731 0.995636 
353 4.692758 0.000000 -0.476006 103.192549 0.106744 0.066579 -0.064872 
354 4.692758 0.000000 -1.124242 103.104011 0.109530 0.061439 -0.063045 
355 5.375000 0.000000 -0.476006 -5.087603 -0.256308 -3.481919 0.996193 
356 4.692758 0.000000 0.172230 4.423946 -0.022308 0.268924 0.998036 
357 4.692758 0.000000 -1.772478 100.386041 -0.099888 2.869545 -0.008560 
358 4.692758 0.000000 -2.420714 99.437777 -0.073439 4.269112 0.009390 
359 5.375000 0.000000 -1.772478 101.956397 -0.033191 4.684503 -0.041705 
360 6.739484 0.000000 1.468702 98.870439 -0.033593 -2.350389 0.021911 
361 8.103968 0.000000 1.468702 99.416924 -0.044486 -2.908017 0.010782 
362 6.739484 0.000000 2.765175 101.224852 -0.022648 -0.069543 -0.024648 
363 6.057242 0.000000 -0.476006 100.559144 0.406722 28.010751 -0.089691 
364 6.057242 0.000000 -1.124242 103.368218 0.128107 14.550899 -0.089673 
365 6.739484 0.000000 -0.476006 96.366468 0.561211 17.123301 0.041998 
366 6.057242 0.000000 0.172230 -4.743135 0.455658 -2.031447 0.997317 
367 5.033879 0.000000 -0.800124 104.049483 0.147512 0.016754 -0.082632 
368 4.692758 0.000000 -0.800124 102.527418 0.107784 0.016902 -0.051188 
369 5.033879 0.000000 -1.124242 103.480770 0.148225 0.000000 -0.070829 
370 5.375000 0.000000 -0.800124 106.181066 0.210207 5.991322 -0.131036 
371 5.033879 0.000000 -0.476006 103.533424 0.148423 0.000000 -0.071919 
372 6.057242 0.000000 0.820466 86.338754 0.513668 -0.687724 0.254488 
373 5.375000 0.000000 0.820466 21.293339 0.383842 -17.416684 0.924311 
374 6.739484 0.000000 0.820466 96.586230 0.431855 -0.497612 0.067067 
375 6.057242 0.000000 1.468702 95.610672 -0.095389 -6.447232 0.081702 
376 4.692758 0.000000 0.820466 108.537283 -0.248065 0.303090 -0.178050 
377 4.692758 0.000000 1.468702 108.447941 -0.250794 0.241191 -0.176108 
378 27.206747 0.000000 62.402895 99.774646 -0.000853 6.937096 -0.000310 
379 49.038495 0.000000 62.402895 99.769070 -0.001028 6.928774 -0.000188 
380 27.206747 0.000000 83.146450 99.767401 -0.000591 6.955902 -0.000192 
381 16.290874 0.000000 31.287562 99.809257 -0.000936 6.824493 -0.000846 
382 27.206747 0.000000 31.287562 99.804740 -0.000971 6.788323 -0.000707 
383 16.290874 0.000000 41.659340 99.800213 -0.000169 6.894635 -0.000762 
384 10.832937 0.000000 15.729896 99.885094 0.046764 6.401980 -0.001802 
385 16.290874 0.000000 15.729896 99.876624 0.017650 6.303376 -0.001507 
386 10.832937 0.000000 20.915785 99.884618 0.037271 6.653805 -0.002121 
387 8.103968 0.000000 7.951063 100.483430 0.272594 5.070533 -0.012270 
388 10.832937 0.000000 7.951063 100.118032 0.076022 4.940677 -0.004804 
389 8.103968 0.000000 10.544008 100.315830 0.202342 5.838296 -0.009739 
390 6.739484 0.000000 4.061647 101.632046 0.056004 2.271541 -0.033424 
391 8.103968 0.000000 4.061647 100.653763 0.095999 2.075693 -0.013550 
392 6.739484 0.000000 5.358119 101.295174 0.096436 3.702408 -0.027443 
393 6.057242 0.000000 2.116938 101.245472 -0.081041 -2.511326 -0.025696 
394 5.375000 0.000000 2.116938 103.904583 -0.081200 -2.117746 -0.080065 
395 6.739484 0.000000 2.116938 100.392329 -0.044672 -1.520735 -0.008093 
396 6.057242 0.000000 2.765175 102.073403 -0.010445 0.057608 -0.041898 
397 5.716121 0.000000 1.144584 54.300394 0.310996 -29.221893 0.619745 
398 5.375000 0.000000 1.144584 70.823100 0.082991 -42.515872 0.317648 
399 5.716121 0.000000 0.820466 63.362986 0.486401 -0.341805 0.598478 
400 6.057242 0.000000 1.144584 84.739031 0.510827 -0.655323 0.281861 
401 5.716121 0.000000 1.468702 97.429140 -0.051730 -12.414469 0.035344 
402 27.206747 0.000000 -62.058434 99.743249 0.000617 6.945297 0.000305 
403 27.206747 0.000000 -82.801989 99.748105 0.000454 6.959623 0.000188 
404 49.038495 0.000000 -62.058434 99.748669 0.000752 6.940607 0.000203 
405 16.290874 0.000000 -30.943102 99.728214 0.001423 6.868709 0.000710 
406 16.290874 0.000000 -41.314880 99.725491 -0.000352 6.913336 0.000703 
407 27.206747 0.000000 -30.943102 99.727787 -0.000326 6.844395 0.000752 
408 10.832937 0.000000 -15.385436 99.763956 -0.095652 6.658681 0.000281 
409 10.832937 0.000000 -20.571325 99.686838 -0.008985 6.756946 0.001688 
410 16.290874 0.000000 -15.385436 99.736049 -0.016789 6.604463 0.000910 
411 8.103968 0.000000 -7.606603 99.509518 0.002338 6.115782 0.006045 
412 8.103968 0.000000 -10.199547 99.517204 -0.192582 6.368230 0.005573 
413 10.832937 0.000000 -7.606603 99.566064 -0.257985 6.041007 0.005004 
414 6.739484 0.000000 -3.717186 99.630330 0.065966 5.767356 0.004053 
415 6.739484 0.000000 -5.013659 99.198106 0.247764 5.613750 0.012816 
416 8.103968 0.000000 -3.717186 99.137255 0.217458 5.557161 0.014088 
417 6.057242 0.000000 -1.772478 101.150509 -0.261276 7.345631 -0.028545 
418 6.057242 0.000000 -2.420714 99.929610 -0.159132 5.796354 -0.001955 
419 6.739484 0.000000 -1.772478 99.558226 -0.098051 7.951689 0.002492 
420 70.870242 0.000000 -20.571325 99.766527 0.002369 6.748965 0.000109 
421 70.870242 0.000000 -41.314880 99.754788 0.001284 6.900769 0.000136 
422 92.701989 0.000000 -20.571325 99.767810 0.002314 6.772944 0.000051 
423 70.870242 0.000000 0.172230 99.898817 0.006019 4.911246 -0.000389 
424 38.122621 0.000000 -10.199547 99.785211 0.004953 6.277016 0.000351 
425 38.122621 0.000000 -20.571325 99.748658 0.000816 6.705767 0.000524 
426 49.038495 0.000000 -10.199547 99.790221 0.002993 6.323669 0.000192 
427 38.122621 0.000000 0.172230 99.926587 0.063267 4.351629 -0.000426 
428 21.748810 0.000000 -5.013659 99.785818 0.002756 5.435206 0.001325 
429 21.748810 0.000000 -10.199547 99.735155 0.012499 6.200458 0.001445 
430 27.206747 0.000000 -5.013659 99.822486 -0.012520 5.473460 0.000551 
431 21.748810 0.000000 0.172230 99.826564 0.249323 4.749355 0.001204 
432 13.561905 0.000000 -2.420714 99.367247 0.098387 4.542020 0.010551 
433 13.561905 0.000000 -5.013659 99.513619 -0.239729 5.433537 0.006746 
434 16.290874 0.000000 -2.420714 99.641978 -0.099108 4.665452 0.004970 
435 13.561905 0.000000 0.172230 99.123243 0.428013 5.133390 0.014805 
436 9.468453 0.000000 -1.124242 98.135659 0.441481 6.877618 0.032190 
437 9.468453 0.000000 -2.420714 98.841407 0.229782 5.559287 0.019942 
438 10.832937 0.000000 -1.124242 97.944708 0.289960 5.483536 0.037668 
439 9.468453 0.000000 0.172230 99.768000 1.186435 24.837854 -0.057198 
440 7.421726 0.000000 -0.476006 99.302491 0.894911 19.965264 -0.026040 
441 7.421726 0.000000 -1.124242 98.929052 0.058238 10.820194 0.009596 
442 8.103968 0.000000 -0.476006 94.038123 1.318628 30.526054 0.022325 
443 7.421726 0.000000 0.172230 -4.783440 -0.338562 -0.728469 0.997647 
444 6.398363 0.000000 -0.800124 96.520465 0.504020 27.041687 -0.004771 
445 6.057242 0.000000 -0.800124 100.930301 0.401253 27.801119 -0.095999 
446 6.398363 0.000000 -1.124242 99.424882 -0.112340 13.780773 -0.007523 
447 6.739484 0.000000 -0.800124 96.291135 0.561718 17.521632 0.042069 
448 6.398363 0.000000 -0.476006 96.338494 0.512230 26.668945 0.000740 
449 70.870242 0.000000 20.915785 99.799121 -0.005217 6.400336 -0.000083 
450 92.701989 0.000000 20.915785 99.804746 -0.005940 6.298528 -0.000066 
451 70.870242 0.000000 41.659340 99.770030 -0.001946 6.851252 -0.000100 
452 38.122621 0.000000 10.544008 99.865314 -0.011650 5.406636 -0.000231 
453 49.038495 0.000000 10.544008 99.880920 -0.015884 5.225151 -0.000350 
454 38.122621 0.000000 20.915785 99.805596 -0.003647 6.509634 -0.000353 
455 21.748810 0.000000 5.358119 99.883188 -0.008785 4.323180 0.000466 
456 27.206747 0.000000 5.358119 99.929497 -0.045091 4.220290 -0.000372 
457 21.748810 0.000000 10.544008 99.860307 0.042869 5.607251 -0.000352 
458 13.561905 0.000000 2.765175 99.444325 -0.173335 3.745518 0.009677 
459 16.290874 0.000000 2.765175 99.717902 -0.111056 4.086056 0.003963 
460 13.561905 0.000000 5.358119 99.792155 -0.021948 4.139653 0.002439 
461 9.468453 0.000000 1.468702 96.212321 0.022922 0.639199 0.074278 
462 10.832937 0.000000 1.468702 97.178437 0.049613 2.317061 0.055098 
463 9.468453 0.000000 2.765175 99.408803 0.092239 1.280356 0.011624 
464 7.421726 0.000000 0.820466 101.067660 0.398133 -1.979261 -0.021875 
465 8.103968 0.000000 0.820466 101.134541 0.272952 -2.890776 -0.023663 
466 7.421726 0.000000 1.468702 99.859310 -0.014479 -2.739823 0.002061 
467 6.398363 0.000000 1.144584 91.412323 0.522676 -0.790482 0.164289 
468 6.398363 0.000000 0.820466 93.372885 0.494857 -0.741184 0.128071 
469 6.739484 0.000000 1.144584 95.422868 0.465769 -0.689638 0.089378 
470 6.398363 0.000000 1.468702 97.293835 -0.021279 -3.430273 0.052214 
471 7.421726 0.000000 -1.772478 99.060293 -0.110792 7.482316 0.013106 
472 7.421726 0.000000 -2.420714 99.229532 -0.080835 6.335599 0.011335 
473 8.103968 0.000000 -1.772478 98.345633 0.113824 7.093961 0.027780 
474 7.080605 0.000000 -0.800124 97.660127 0.552499 10.282930 0.035646 
475 7.080605 0.000000 -1.124242 98.850258 -0.017189 10.503202 0.011831 
476 7.421726 0.000000 -0.800124 100.413788 0.779332 13.735369 -0.027220 
477 7.080605 0.000000 -0.476006 99.522061 0.642019 12.245062 -0.005499 
478 7.421726 0.000000 2.116938 100.286300 -0.022053 -1.064745 -0.005848 
479 8.103968 0.000000 2.116938 99.696713 0.090356 -1.139996 0.005926 
480 7.421726 0.000000 2.765175 100.735530 -0.020941 0.284346 -0.014773 
481 7.080605 0.000000 1.144584 98.772022 0.376937 -0.679008 0.024348 
482 7.080605 0.000000 0.820466 99.317058 0.418216 -0.866995 0.013520 
483 7.421726 0.000000 1.144584 100.345850 0.337313 -1.661900 -0.007217 
484 7.080605 0.000000 1.468702 99.730268 -0.121653 -2.373474 0.004823 
485 8.786211 0.000000 -0.476006 91.776869 1.624989 26.926128 0.084935 
486 8.786211 0.000000 -1.124242 97.411429 0.266678 7.729560 0.045120 
487 9.468453 0.000000 -0.476006 98.161093 0.715571 9.951578 0.026485 
488 8.786211 0.000000 0.172230 96.162591 1.422807 18.718715 0.040034 
489 7.762847 0.000000 -0.151888 95.424762 1.238446 29.526129 0.002079 
490 7.421726 0.000000 -0.151888 98.560053 1.010202 20.928114 -0.015309 
491 7.762847 0.000000 -0.476006 96.021259 1.229441 28.966454 -0.006065 
492 8.103968 0.000000 -0.151888 94.406979 1.196504 28.319580 0.028389 
493 7.762847 0.000000 0.172230 -3.574223 -0.566936 -0.751806 0.998634 
494 8.786211 0.000000 0.820466 96.301447 0.422971 -1.458937 0.072372 
495 9.468453 0.000000 0.820466 93.038073 0.262993 9.741852 0.124894 
496 8.786211 0.000000 1.468702 97.420913 0.063866 -3.110817 0.049948 
497 7.762847 0.000000 1.144584 101.017617 0.313803 -2.359277 -0.021022 
498 7.762847 0.000000 0.820466 101.790385 0.330003 -3.000759 -0.037040 
499 8.103968 0.000000 1.144584 102.646990 0.317048 -3.986206 -0.055239 
500 7.762847 0.000000 1.468702 99.744634 -0.010084 -2.861481 0.004282 
501 8.445089 0.000000 -0.151888 93.422749 1.372432 26.749867 0.055475 
502 8.445089 0.000000 -0.476006 92.950279 1.443467 27.783604 0.058623 
503 8.786211 0.000000 -0.151888 95.253548 1.493578 19.659596 0.053803 
504 8.445089 0.000000 0.172230 93.087355 1.424890 26.610329 0.062460 
505 8.445089 0.000000 0.496348 100.970931 0.372854 -3.803453 -0.020973 
506 8.103968 0.000000 0.496348 102.646279 0.317026 -3.985710 -0.055224 
507 8.786211 0.000000 0.496348 97.740589 0.292839 -1.663410 0.044392 
508 8.445089 0.000000 0.820466 101.250131 0.337494 -4.068926 -0.026826 
509 12.197421 0.000000 1.468702 98.444182 0.124008 5.156709 0.028214 
510 12.197421 0.000000 0.172230 98.088187 0.575142 5.171071 0.035164 
511 13.561905 0.000000 1.468702 99.123338 -0.122055 6.213855 0.013594 
512 12.197421 0.000000 2.765175 99.201712 0.180380 3.214576 0.014865 
513 10.150695 0.000000 0.820466 105.740971 0.257462 -5.925749 -0.121633 
514 10.150695 0.000000 0.172230 88.983459 0.952977 39.693270 0.050548 
515 10.832937 0.000000 0.820466 73.934869 0.416414 -13.564240 0.434947 
516 10.150695 0.000000 1.468702 98.263333 0.194194 1.669090 0.034149 
517 9.468453 0.000000 4.061647 99.787966 0.361125 2.582533 0.003556 
518 10.832937 0.000000 4.061647 99.600949 0.288223 2.981130 0.007068 
519 9.468453 0.000000 5.358119 100.476750 0.188698 3.330411 -0.010670 
520 10.150695 0.000000 2.116938 98.388155 0.010708 1.604089 0.031720 
521 9.468453 0.000000 2.116938 98.541806 0.135185 0.617877 0.028911 
522 10.832937 0.000000 2.116938 98.538886 0.169480 2.134490 0.028550 
523 10.150695 0.000000 2.765175 99.164210 0.187947 1.893420 0.016284 
524 9.809574 0.000000 1.144584 96.030292 0.243157 12.067224 0.063251 
525 9.468453 0.000000 1.144584 94.790025 0.207138 14.075880 0.081668 
526 9.809574 0.000000 0.820466 99.018525 0.236368 9.785673 0.009952 
527 10.150695 0.000000 1.144584 104.109583 0.267079 8.170423 -0.090563 
528 9.809574 0.000000 1.468702 97.240921 0.107574 2.116292 0.053971 
529 12.197421 0.000000 -1.124242 98.707809 0.382850 4.539764 0.023601 
530 12.197421 0.000000 -2.420714 99.124074 0.126346 4.753024 0.015181 
531 13.561905 0.000000 -1.124242 99.248008 0.174550 4.235150 0.013187 
532 10.150695 0.000000 -0.476006 96.856914 0.642034 9.542430 0.052727 
533 10.150695 0.000000 -1.124242 97.925129 0.298659 6.251439 0.037150 
534 10.832937 0.000000 -0.476006 96.601386 0.495123 6.605323 0.062430 
535 11.515179 0.000000 0.820466 96.096268 0.347572 10.004594 0.066529 
536 11.515179 0.000000 0.172230 96.579907 0.611704 5.751845 0.063886 
537 12.197421 0.000000 0.820466 97.820770 0.354490 9.612489 0.033857 
538 11.515179 0.000000 1.468702 97.722182 0.125397 4.286970 0.043198 
539 10.491816 0.000000 0.496348 75.702231 0.632710 31.052054 0.330454 
540 10.150695 0.000000 0.496348 89.306578 0.632538 27.070174 0.129114 
541 10.491816 0.000000 0.172230 74.748550 0.919471 48.067026 0.210137 
542 10.832937 0.000000 0.496348 57.547224 0.722101 44.589352 0.469959 
543 10.491816 0.000000 0.820466 83.339098 0.420281 -8.779156 0.297734 
544 10.491816 0.000000 1.144584 111.712717 0.379033 -10.196059 -0.258383 
545 10.832937 0.000000 1.144584 95.063120 0.074928 1.739254 0.095997 
546 10.491816 0.000000 1.468702 97.824262 -0.088905 1.375402 0.042851 
547 11.515179 0.000000 -0.476006 97.613303 0.471794 5.108430 0.044532 
548 11.515179 0.000000 -1.124242 98.318587 0.588937 4.922936 0.030887 
549 12.197421 0.000000 -0.476006 98.397748 0.522872 4.593390 0.029651 
550 11.174058 0.000000 0.496348 93.642519 0.556575 7.163251 0.117946 
551 11.174058 0.000000 0.172230 94.929051 0.694567 6.574458 0.094477 
552 11.515179 0.000000 0.496348 96.199408 0.478555 6.939428 0.069729 
553 11.174058 0.000000 0.820466 93.792096 0.385984 9.084510 0.112037 
554 10.662376 0.000000 0.658407 69.541191 0.504662 9.277317 0.507770 
555 10.491816 0.000000 0.658407 80.031220 0.457056 1.069541 0.359365 
556 10.662376 0.000000 0.496348 66.933599 0.621380 33.694086 0.438422 
557 10.832937 0.000000 0.658407 64.179315 0.411753 7.461537 0.582517 
558 10.662376 0.000000 0.820466 77.304703 0.363731 -19.890362 0.362822 
559 4.692758 0.000000 2.116938 105.853871 -0.197300 0.571950 -0.120541 
560 4.692758 0.000000 2.765175 105.119597 0.010971 1.782836 -0.105331 
561 5.033879 0.000000 1.144584 107.093280 -0.155106 0.090054 -0.146900 
562 4.692758 0.000000 1.144584 107.885650 -0.218421 0.135781 -0.163938 
563 5.033879 0.000000 0.820466 108.617680 -0.251974 0.313746 -0.179796 
564 5.033879 0.000000 1.468702 107.336236 -0.169987 0.125175 -0.152111 
565 5.033879 0.000000 1.792820 105.218445 0.001798 -1.108808 -0.107215 
566 4.692758 0.000000 1.792820 105.658910 -0.163027 0.300021 -0.116392 
567 5.375000 0.000000 1.792820 104.273502 -0.081718 -4.058031 -0.088944 
568 5.033879 0.000000 2.116938 104.994194 -0.063362 -0.851511 -0.102451 
569 5.204439 0.000000 1.306643 103.748467 -0.111577 -6.906073 -0.081145 
570 5.033879 0.000000 1.306643 107.160278 -0.159264 0.099791 -0.148336 
571 5.204439 0.000000 1.144584 105.053018 -0.126961 -4.241105 -0.105414 
572 5.375000 0.000000 1.306643 79.749978 0.031830 -30.242047 0.272536 
573 5.204439 0.000000 1.468702 106.486220 -0.115507 0.000000 -0.133933 
574 5.716121 0.000000 0.496348 -0.505464 0.833137 -1.467557 0.999690 
575 5.375000 0.000000 0.496348 2.411542 0.507329 -0.834208 0.999323 
576 5.716121 0.000000 0.172230 -3.640682 0.537734 -2.168957 0.998175 
577 6.057242 0.000000 0.496348 -2.851014 0.753605 -1.073259 0.999015 
578 5.545561 0.000000 0.982525 28.224182 0.306790 -27.367343 0.845433 
579 5.375000 0.000000 0.982525 40.100949 0.162936 -38.231932 0.693021 
580 5.545561 0.000000 0.820466 28.379999 0.408772 -12.445379 0.903952 
581 5.716121 0.000000 0.982525 64.261765 0.487324 -0.354073 0.587006 
582 5.545561 0.000000 1.144584 37.284325 0.177060 -43.282371 0.673648 
583 5.033879 0.000000 0.496348 5.158512 0.034642 1.132852 0.997211 
584 4.692758 0.000000 0.496348 7.615907 -0.031710 1.547976 0.993960 
585 5.033879 0.000000 0.172230 1.249214 0.092548 -0.530960 0.999815 
586 5.204439 0.000000 0.982525 102.524619 -0.081588 -8.696351 -0.058693 
587 5.033879 0.000000 0.982525 107.259021 -0.165320 0.114072 -0.150454 
588 5.204439 0.000000 0.820466 9.585794 0.137028 1.756592 0.990501 
589 5.545561 0.000000 0.658407 58.099299 0.480992 -0.269960 0.662417 
590 5.375000 0.000000 0.658407 6.050027 0.486275 -0.676763 0.996270 
591 5.545561 0.000000 0.496348 0.972520 0.732063 -1.150494 0.999719 
592 5.716121 0.000000 0.658407 64.648243 0.487721 -0.359348 0.582024 
593 5.460280 0.000000 0.901496 16.864335 0.350824 -23.070068 0.918324 
594 5.375000 0.000000 0.901496 19.687013 0.338433 -24.724337 0.900101 
595 5.460280 0.000000 0.820466 23.117025 0.395138 -14.886487 0.924384 
596 5.545561 0.000000 0.901496 24.987596 0.372073 -18.794132 0.902226 
597 5.460280 0.000000 0.982525 28.887101 0.281672 -28.437550 0.835676 
598 -60.120242 0.000000 -62.058434 99.750376 0.000126 6.976227 0.000119 
599 -81.951989 0.000000 -62.058434 99.752816 0.000086 6.976855 0.000070 
600 -60.120242 0.000000 -82.801989 99.751449 0.000135 6.975164 0.000100 
601 70.870242 0.000000 -62.058434 99.752646 0.000835 6.939903 0.000125 
602 70.870242 0.000000 -82.801989 99.752652 0.000601 6.955432 0.000103 
603 92.701989 0.000000 -62.058434 99.754979 0.000877 6.940811 0.000077 
604 -60.120242 0.000000 62.402895 99.763146 -0.000159 6.976434 -0.000136 
605 -81.951989 0.000000 62.402895 99.760372 -0.000108 6.976989 -0.000081 
606 -60.120242 0.000000 83.146450 99.762044 -0.000166 6.975170 -0.000112 
607 -27.372621 0.000000 -30.943102 99.731135 0.000068 6.976653 0.000503 
608 -38.288495 0.000000 -30.943102 99.741147 0.000150 6.979880 0.000298 
609 -27.372621 0.000000 -41.314880 99.736114 0.000235 6.972758 0.000409 
610 70.870242 0.000000 62.402895 99.765237 -0.001147 6.924467 -0.000105 
611 92.701989 0.000000 62.402895 99.763187 -0.001231 6.921463 -0.000060 
612 70.870242 0.000000 83.146450 99.762937 -0.000787 6.948640 -0.000093 
613 38.122621 0.000000 -30.943102 99.741955 0.000428 6.841445 0.000474 
614 38.122621 0.000000 -41.314880 99.742157 0.000322 6.898207 0.000392 
615 49.038495 0.000000 -30.943102 99.750576 0.000941 6.844316 0.000298 
616 -27.372621 0.000000 31.287562 99.784310 -0.000120 6.979487 -0.000562 
617 -38.288495 0.000000 31.287562 99.772614 -0.000218 6.981601 -0.000332 
618 -27.372621 0.000000 41.659340 99.779736 -0.000341 6.973924 -0.000463 
619 -10.998810 0.000000 -15.385436 99.648627 -0.034930 6.948523 0.002187 
620 -16.456747 0.000000 -15.385436 99.702971 0.001168 6.957569 0.001091 
621 -10.998810 0.000000 -20.571325 99.697202 0.001578 6.932499 0.001241 
622 38.122621 0.000000 31.287562 99.789851 -0.001755 6.773366 -0.000389 
623 49.038495 0.000000 31.287562 99.782146 -0.002249 6.762700 -0.000221 
624 38.122621 0.000000 41.659340 99.781688 -0.001080 6.867081 -0.000354 
625 21.748810 0.000000 -15.385436 99.739087 -0.025065 6.567680 0.000898 
626 21.748810 0.000000 -20.571325 99.727267 0.002776 6.723819 0.000926 
627 27.206747 0.000000 -15.385436 99.744191 0.003832 6.556734 0.000811 
628 -10.998810 0.000000 15.729896 99.862469 -0.044084 6.994810 -0.002144 
629 -16.456747 0.000000 15.729896 99.801282 -0.004651 6.983624 -0.000907 
630 -10.998810 0.000000 20.915785 99.827998 -0.005351 6.955108 -0.001400 
631 21.748810 0.000000 15.729896 99.826951 0.006623 6.289260 -0.000497 
632 27.206747 0.000000 15.729896 99.822432 -0.001900 6.243496 -0.000350 
633 21.748810 0.000000 20.915785 99.822211 -0.000136 6.573815 -0.000769 
634 13.561905 0.000000 -7.606603 99.653413 -0.230869 6.028582 0.003280 
635 13.561905 0.000000 -10.199547 99.640304 -0.175743 6.283754 0.003229 
636 16.290874 0.000000 -7.606603 99.667195 -0.156268 5.935998 0.003119 
637 -2.811905 0.000000 7.951063 100.192065 0.184934 7.200850 -0.009034 
638 -5.540874 0.000000 7.951063 99.951862 0.142657 7.170649 -0.004181 
639 -2.811905 0.000000 10.544008 100.125358 0.183341 7.012265 -0.007429 
640 13.561905 0.000000 7.951063 99.952561 0.162118 4.998716 -0.001553 
641 16.290874 0.000000 7.951063 99.903963 0.039081 5.009491 -0.000590 
642 13.561905 0.000000 10.544008 99.960632 0.131316 5.654263 -0.002412 
643 1.963789 0.000000 -1.772478 98.879772 -0.033626 1.087672 0.022161 
644 1.963789 0.000000 -2.420714 98.735219 -0.035710 3.422731 0.023964 
645 -1.447421 0.000000 4.061647 100.236649 0.157475 8.380971 -0.011765 
646 -2.811905 0.000000 4.061647 99.843122 0.133977 7.873369 -0.003066 
647 -1.447421 0.000000 5.358119 100.308097 0.048636 7.747649 -0.012174 
648 0.599305 0.000000 2.116938 99.996248 -0.148610 11.965302 -0.014244 
649 -0.082937 0.000000 2.116938 99.235438 -0.203373 10.875283 0.003401 
650 0.599305 0.000000 2.765175 100.995095 -0.535901 10.198807 -0.030431 
651 -0.765179 0.000000 2.116938 98.921817 -0.200595 9.912437 0.011618 
652 -1.447421 0.000000 2.116938 99.065207 0.010492 9.172689 0.010195 
653 -0.765179 0.000000 2.765175 99.896897 -0.281462 9.501592 -0.006975 
654 0.428745 0.000000 0.010171 68.916973 -0.189543 64.879517 0.104106 
655 0.599305 0.000000 0.010171 0.667280 0.016212 -1.063401 0.999842 
656 -0.424058 0.000000 0.496348 92.254377 -0.087764 12.931078 0.132191 
657 -0.765179 0.000000 0.496348 94.333981 -0.064117 10.688261 0.098686 
658 -0.424058 0.000000 0.820466 94.896164 -0.161033 12.470196 0.083919 
659 -0.253497 0.000000 0.010171 81.338642 -0.213052 13.446806 0.320316 
660 -0.424058 0.000000 0.010171 86.833784 -0.195892 10.978975 0.233932 
661 -0.253497 0.000000 0.172230 85.023061 -0.215735 15.118335 0.254247 
662 -0.253497 0.000000 -0.638065 85.433603 -0.189794 0.480926 0.270083 
663 -0.424058 0.000000 -0.638065 88.769380 -0.191753 3.567032 0.210724 
664 -0.253497 0.000000 -0.800124 88.957955 -0.175295 0.569638 0.208613 
665 0.087624 0.000000 0.334289 85.251824 -0.151910 26.292639 0.204080 
666 -0.082937 0.000000 0.334289 86.308043 -0.144172 19.490553 0.217102 
667 0.087624 0.000000 0.496348 90.562484 -0.151756 21.283670 0.134542 
668 9.468453 0.000000 -3.717186 99.099042 0.261629 5.405835 0.015009 
669 9.468453 0.000000 -5.013659 99.487216 0.180255 5.711702 0.006964 
670 10.832937 0.000000 -3.717186 99.364018 0.215185 5.426207 0.009730 
671 1.622668 0.000000 0.496348 98.581853 -0.049356 32.325557 -0.076333 
672 1.622668 0.000000 0.172230 97.842339 -0.056958 35.228933 -0.081420 
673 1.622668 0.000000 0.820466 98.803862 -0.048200 31.881204 -0.077862 
674 1.622668 0.000000 1.144584 99.328857 -0.036052 28.259328 -0.066481 
675 1.281547 0.000000 1.144584 97.867122 -0.055561 20.366552 0.000723 
676 1.622668 0.000000 1.468702 100.793122 -0.000536 18.691400 -0.050862 
677 2.987153 0.000000 -0.151888 2.714637 0.048541 -1.203350 0.999118 
678 2.646032 0.000000 -0.151888 1.446207 -0.005080 -0.913034 0.999707 
679 3.328274 0.000000 -0.151888 4.896218 0.084694 -1.003768 0.997501 
680 2.475471 0.000000 0.658407 84.066926 0.029791 13.252495 0.275712 
681 2.304911 0.000000 0.658407 93.838213 0.003706 19.056509 0.083124 
682 2.475471 0.000000 0.496348 86.555466 0.047930 11.204795 0.238260 
683 5.033879 0.000000 -0.151888 -0.489120 -0.003437 -1.768920 0.999663 
684 4.692758 0.000000 -0.151888 2.995626 -0.028786 -0.929269 0.999016 
685 5.375000 0.000000 -0.151888 -3.633703 -0.018107 -2.340035 0.998132 
686 5.716121 0.000000 -0.800124 105.645439 0.310341 18.695317 -0.151057 
687 5.716121 0.000000 -1.124242 106.296043 0.293561 16.165476 -0.156026 
688 5.716121 0.000000 -0.476006 103.707004 0.360338 26.232823 -0.144343 
689 5.716121 0.000000 -0.151888 -5.401424 -0.003754 -2.369171 0.996521 
690 6.057242 0.000000 -0.151888 -6.163316 -0.169251 -2.236390 0.995698 
691 6.398363 0.000000 0.496348 -4.733046 0.621075 -0.920509 0.997637 
692 6.398363 0.000000 0.172230 -5.692039 0.287107 -1.810103 0.996424 
693 6.739484 0.000000 0.496348 -6.097075 0.549390 -0.496650 0.996228 
694 5.716121 0.000000 1.792820 101.345375 -0.072591 -5.587620 -0.030211 
695 6.057242 0.000000 1.792820 99.559708 -0.108734 -4.341396 0.006900 
696 5.716121 0.000000 2.116938 102.389404 -0.105472 -2.710861 -0.049095 
697 6.398363 0.000000 1.792820 99.338122 -0.094841 -2.781120 0.012419 
698 6.739484 0.000000 1.792820 99.751597 -0.055195 -2.025570 0.004551 
699 6.398363 0.000000 2.116938 100.585176 -0.094496 -1.785026 -0.012057 
700 5.545561 0.000000 1.306643 68.849102 0.081369 -40.343655 0.363218 
701 5.716121 0.000000 1.306643 90.511644 0.003290 -18.631403 0.146051 
702 5.545561 0.000000 1.468702 103.097276 -0.037814 -13.414297 -0.080899 
703 12.197421 0.000000 -3.717186 99.378813 0.101702 5.126201 0.009756 
704 12.197421 0.000000 -5.013659 99.427119 0.043973 5.382002 0.008528 
705 13.561905 0.000000 -3.717186 99.490297 -0.269428 5.139470 0.007519 
706 8.786211 0.000000 -1.772478 98.382834 0.268386 6.691408 0.027597 
707 8.786211 0.000000 -2.420714 98.845158 0.353131 5.868392 0.019507 
708 9.468453 0.000000 -1.772478 98.296361 0.397264 5.915637 0.030267 
709 10.150695 0.000000 -1.772478 98.391368 0.368034 5.470845 0.028907 
710 10.150695 0.000000 -2.420714 98.722619 0.252097 5.157063 0.022719 
711 10.832937 0.000000 -1.772478 98.566577 0.538011 5.227894 0.025701 
712 7.762847 0.000000 -0.800124 96.683003 1.243975 28.211323 -0.014503 
713 7.762847 0.000000 -1.124242 98.146102 0.043709 10.792761 0.025086 
714 8.103968 0.000000 -0.800124 96.364267 0.338504 13.416292 0.053382 
715 7.080605 0.000000 -0.151888 100.413788 0.779332 13.735369 -0.027220 
716 6.739484 0.000000 -0.151888 -7.730125 -0.612221 -1.012014 0.993885 
717 7.080605 0.000000 0.172230 -6.255216 -0.261886 -0.662005 0.996037 
718 12.197421 0.000000 4.061647 99.694834 0.148172 3.341300 0.004975 
719 13.561905 0.000000 4.061647 99.644329 -0.051467 3.778414 0.005673 
720 12.197421 0.000000 5.358119 99.797158 0.037884 4.009364 0.002445 
721 8.786211 0.000000 2.116938 99.034171 0.044219 -0.686565 0.019176 
722 8.786211 0.000000 2.765175 99.674811 0.066564 0.526502 0.006465 
723 7.080605 0.000000 0.496348 -6.091076 0.158438 -1.128850 0.996160 
724 7.421726 0.000000 0.496348 99.797447 0.356506 -1.092590 0.003915 
725 7.762847 0.000000 0.496348 101.017617 0.313803 -2.359277 -0.021022 
726 7.080605 0.000000 1.792820 100.051618 -0.107368 -1.882818 -0.001388 
727 7.421726 0.000000 1.792820 99.894826 -0.048275 -1.991017 0.001706 
728 7.080605 0.000000 2.116938 100.359015 -0.032970 -1.196206 -0.007336 
729 7.762847 0.000000 1.792820 99.812964 -0.046331 -1.944319 0.003359 
730 8.103968 0.000000 1.792820 99.508701 -0.068343 -1.898973 0.009441 
731 7.762847 0.000000 2.116938 99.957219 -0.053662 -1.114301 0.000731 
732 8.445089 0.000000 -0.800124 95.828347 0.408771 10.954762 0.069675 
733 8.445089 0.000000 -1.124242 97.007602 0.280780 8.806302 0.051190 
734 8.786211 0.000000 -0.800124 96.279325 0.404732 8.979446 0.064950 
735 8.445089 0.000000 1.144584 100.980510 0.373120 -3.813679 -0.021175 
736 8.786211 0.000000 1.144584 99.599276 0.334709 -2.339222 0.007440 
737 8.445089 0.000000 1.468702 98.485821 0.116461 -3.610644 0.028749 
738 11.515179 0.000000 2.116938 98.644568 0.161810 2.999136 0.026023 
739 12.197421 0.000000 2.116938 98.856135 0.190005 3.598549 0.021448 
740 11.515179 0.000000 2.765175 99.051368 0.352193 2.818408 0.018076 
741 9.809574 0.000000 0.496348 96.826376 0.632174 23.172882 0.008727 
742 9.468453 0.000000 0.496348 92.060643 0.245647 7.145583 0.147372 
743 9.809574 0.000000 0.172230 93.460687 1.060880 37.029161 -0.010718 
744 11.515179 0.000000 -1.772478 98.747382 0.396195 4.869237 0.022509 
745 11.515179 0.000000 -2.420714 99.056602 0.100686 4.991967 0.016286 
746 12.197421 0.000000 -1.772478 99.002660 0.077372 4.632576 0.017701 
747 11.174058 0.000000 1.144584 95.915983 0.191025 4.991202 0.077518 
748 11.515179 0.000000 1.144584 96.941743 0.100982 6.571493 0.055910 
749 11.174058 0.000000 1.468702 97.273999 0.117161 3.399370 0.052620 
750 5.204439 0.000000 0.658407 6.589024 0.253378 0.637224 0.995611 
751 5.033879 0.000000 0.658407 8.112326 0.008466 2.337735 0.992873 
752 5.204439 0.000000 0.496348 3.620402 0.301773 0.004184 0.998680 
753 0.940426 0.000000 1.144584 97.141847 -0.110304 17.902865 0.024294 
754 0.599305 0.000000 1.144584 96.870934 -0.063943 16.044952 0.035858 
755 0.940426 0.000000 1.468702 98.697261 -0.096691 15.615459 0.001500 
756 0.258184 0.000000 1.144584 96.565472 -0.201202 14.685719 0.045940 
757 -0.082937 0.000000 1.144584 96.379941 -0.125483 13.093533 0.053945 
758 0.258184 0.000000 1.468702 97.757718 -0.168955 13.227432 0.026843 
759 -0.424058 0.000000 1.144584 96.519171 -0.176843 11.803296 0.054470 
760 -0.765179 0.000000 1.144584 96.836423 -0.142120 10.668903 0.050886 
761 -0.424058 0.000000 1.468702 97.535521 -0.182432 11.208898 0.036115 
762 2.304911 0.000000 -0.151888 2.034857 0.066152 -0.368867 0.999572 
763 1.963789 0.000000 -0.151888 4.227853 -0.026731 0.283754 0.998204 
764 2.304911 0.000000 -0.476006 101.382786 -0.056223 -6.701715 -0.032339 
765 1.622668 0.000000 -0.151888 6.475475 -0.005463 0.739460 0.995752 
766 1.622668 0.000000 -0.476006 101.325951 -0.048773 -11.955343 -0.040988 
767 6.398363 0.000000 -0.151888 -6.776242 -0.428744 -1.981374 0.994997 
768 9.127332 0.000000 0.496348 96.094835 0.255765 -1.065019 0.076458 
769 9.127332 0.000000 0.172230 100.472014 1.369468 13.985261 -0.029209 
770 9.127332 0.000000 0.820466 98.319137 0.223445 0.766506 0.033271 
771 9.127332 0.000000 1.144584 92.343763 0.105362 -2.828545 0.146462 
772 9.127332 0.000000 1.468702 96.042702 -0.094160 -1.665599 0.077302 
773 -0.253497 0.000000 0.334289 88.417717 -0.232348 15.377951 0.194577 
774 -0.424058 0.000000 0.334289 90.512819 -0.260287 12.812270 0.164321 
775 -0.253497 0.000000 0.496348 91.081571 -0.190357 14.931880 0.148115 
776 8.445089 0.000000 1.792820 99.121798 0.091156 -1.987709 0.017091 
777 8.786211 0.000000 1.792820 98.030149 0.029038 -1.742525 0.038705 
778 8.445089 0.000000 2.116938 99.389432 0.093119 -1.077972 0.012057 
779 9.127332 0.000000 1.792820 97.457804 0.037073 -0.795851 0.050134 
780 9.468453 0.000000 1.792820 97.384101 -0.168650 0.323916 0.051620 
781 9.127332 0.000000 2.116938 98.733298 0.004217 -0.142947 0.025172 
782 1.622668 0.000000 -0.800124 101.335002 -0.049698 -11.241036 -0.039515 
783 1.622668 0.000000 -1.124242 100.724600 -0.053235 -10.815804 -0.026243 
784 1.963789 0.000000 -0.800124 101.525077 -0.047140 -9.405711 -0.039581 
785 2.304911 0.000000 -0.800124 101.926373 -0.053447 -6.663170 -0.043339 
786 2.304911 0.000000 -1.124242 101.382256 -0.056125 -6.732157 -0.032369 
787 9.127332 0.000000 -0.151888 99.734958 1.412200 14.095059 -0.014773 
788 9.127332 0.000000 -0.476006 96.679063 0.601307 9.078098 0.057039 
789 9.468453 0.000000 -0.151888 100.065128 1.253243 23.638490 -0.057338 
790 9.809574 0.000000 1.792820 98.000402 -0.128083 1.052017 0.039480 
791 10.150695 0.000000 1.792820 98.172631 -0.068046 1.520427 0.035982 
792 9.809574 0.000000 2.116938 98.361347 -0.045927 1.180812 0.032365 
793 10.491816 0.000000 1.792820 98.097177 -0.006122 1.856583 0.037350 
794 10.832937 0.000000 1.792820 98.029202 0.162393 2.145591 0.038565 
795 10.491816 0.000000 2.116938 98.366668 0.040382 2.040785 0.031983 
796 9.809574 0.000000 -0.151888 96.951054 1.162663 35.512787 -0.066202 
797 9.809574 0.000000 -0.476006 97.726455 0.730287 10.409577 0.034065 
798 10.150695 0.000000 -0.151888 94.462663 0.830431 14.488340 0.086620 
799 11.174058 0.000000 1.792820 98.056272 0.132707 2.805098 0.037708 
800 11.515179 0.000000 1.792820 98.265336 0.152821 3.392375 0.033239 
801 11.174058 0.000000 2.116938 98.538354 0.167062 2.600394 0.028340 
1 11 78 76 77 
2 78 10 24 76 
3 76 24 14 79 
4 77 76 79 6 
5 24 82 80 81 
6 82 23 40 80 
7 80 40 27 83 
8 81 80 83 14 
9 40 86 84 85 
10 86 39 56 84 
11 84 56 43 87 
12 85 84 87 27 
13 56 90 88 89 
14 89 88 91 43 
15 6 79 104 105 
16 79 14 36 104 
17 104 36 19 106 
18 105 104 106 20 
19 14 83 107 108 
20 83 27 52 107 
21 107 52 35 109 
22 108 107 109 36 
23 27 87 110 111 
24 87 43 68 110 
25 110 68 51 112 
26 111 110 112 52 
27 43 91 113 114 
28 114 113 115 68 
29 88 118 116 117 
30 117 116 119 91 
31 91 119 129 130 
32 130 129 131 113 
33 116 134 132 133 
34 133 132 135 119 
35 119 135 145 146 
36 146 145 147 129 
37 132 150 148 149 
38 149 148 151 135 
39 12 154 152 153 
40 154 7 155 152 
41 152 155 13 25 
42 153 152 25 10 
43 25 158 156 157 
44 158 13 159 156 
45 156 159 26 41 
46 157 156 41 23 
47 41 162 160 161 
48 162 26 163 160 
49 160 163 42 57 
50 161 160 57 39 
51 57 166 164 165 
52 166 42 167 164 
53 164 167 58 73 
54 165 164 73 55 
55 55 170 168 169 
56 170 73 171 168 
57 168 171 71 101 
58 169 168 101 72 
59 72 174 172 173 
60 174 101 175 172 
61 172 175 99 126 
62 173 172 126 100 
63 100 178 176 177 
64 178 126 179 176 
65 125 182 180 181 
66 182 142 183 180 
67 180 183 140 184 
68 39 187 185 186 
69 187 57 165 185 
70 185 165 55 90 
71 186 185 90 56 
72 90 190 188 189 
73 190 55 169 188 
74 188 169 72 118 
75 189 188 118 88 
76 118 193 191 192 
77 193 72 173 191 
78 191 173 100 134 
79 192 191 134 116 
80 134 196 194 195 
81 196 100 177 194 
82 195 194 150 132 
83 150 199 197 198 
84 199 125 181 197 
85 197 181 141 200 
86 198 197 200 148 
87 201 203 136 204 
88 202 201 204 137 
89 141 184 205 206 
90 184 140 207 205 
91 205 207 144 208 
92 206 205 208 59 
93 181 211 209 210 
94 211 180 212 209 
95 209 212 184 213 
96 210 209 213 141 
97 126 227 226 179 
98 227 99 228 226 
99 226 228 127 229 
100 179 226 229 124 
101 176 232 230 231 
102 232 179 233 230 
103 230 233 124 234 
104 177 237 235 236 
105 237 176 231 235 
106 235 231 142 182 
107 236 235 182 125 
108 124 229 238 143 
109 229 127 239 238 
110 238 239 103 240 
111 143 238 240 128 
112 142 234 241 183 
113 234 124 242 241 
114 241 242 143 243 
115 183 241 243 140 
116 231 246 244 245 
117 246 230 247 244 
118 244 247 234 248 
119 245 244 248 142 
120 128 240 258 203 
121 240 103 259 258 
122 258 259 138 260 
123 203 258 260 136 
124 144 263 261 262 
125 263 128 264 261 
126 261 264 203 265 
127 262 261 265 201 
128 267 218 268 266 
129 266 268 221 269 
130 73 271 270 171 
131 271 58 272 270 
132 270 272 74 219 
133 171 270 219 71 
134 71 275 273 274 
135 275 219 276 273 
136 273 276 218 267 
137 274 273 267 102 
138 102 279 277 278 
139 279 267 280 277 
140 277 280 266 281 
141 278 277 281 224 
142 269 221 283 282 
143 282 283 252 284 
144 19 38 285 286 
145 38 21 287 285 
146 285 287 9 288 
147 286 285 288 22 
148 35 54 289 290 
149 54 37 291 289 
150 289 291 21 292 
151 290 289 292 38 
152 51 70 293 294 
153 70 53 295 293 
154 293 295 37 296 
155 294 293 296 54 
156 67 98 297 298 
157 98 69 299 297 
158 297 299 53 300 
159 298 297 300 70 
160 95 254 301 302 
161 254 97 303 301 
162 301 303 69 304 
163 302 301 304 98 
164 122 284 305 306 
165 284 252 307 305 
166 305 307 254 308 
167 306 305 308 95 
168 311 282 312 309 
169 309 312 284 313 
170 310 309 313 122 
171 96 123 314 315 
172 123 95 302 314 
173 314 302 98 316 
174 315 314 316 67 
175 120 257 317 318 
176 257 122 306 317 
177 317 306 95 319 
178 318 317 319 123 
179 255 322 320 321 
180 320 310 122 323 
181 321 320 323 257 
182 75 326 324 325 
183 326 269 327 324 
184 324 327 282 311 
185 330 311 331 328 
186 328 331 309 332 
187 329 328 332 310 
188 225 335 333 334 
189 335 75 325 333 
190 334 333 322 255 
191 322 338 336 337 
192 338 256 329 336 
193 336 329 310 339 
194 337 336 339 320 
195 325 342 340 341 
196 342 324 343 340 
197 340 343 311 330 
198 341 340 330 256 
199 256 346 344 345 
200 346 330 347 344 
201 344 347 328 348 
202 345 344 348 329 
203 218 354 353 268 
204 268 353 356 221 
205 219 358 357 276 
206 358 74 359 357 
207 357 359 220 354 
208 276 357 354 218 
209 354 369 367 368 
210 369 220 370 367 
211 367 370 355 371 
212 368 367 371 353 
213 221 356 376 283 
214 283 376 377 252 
215 21 46 378 287 
216 46 28 379 378 
217 378 379 30 380 
218 287 378 380 9 
219 37 62 381 291 
220 62 44 382 381 
221 381 382 46 383 
222 291 381 383 21 
223 53 94 384 295 
224 94 60 385 384 
225 384 385 62 386 
226 295 384 386 37 
227 69 251 387 299 
228 251 92 388 387 
229 387 388 94 389 
230 299 387 389 53 
231 97 362 390 303 
232 362 249 391 390 
233 390 391 251 392 
234 303 390 392 69 
235 393 395 362 396 
236 394 393 396 97 
237 399 372 400 397 
238 397 400 375 401 
239 7 403 402 155 
240 403 16 404 402 
241 402 404 15 32 
242 155 402 32 13 
243 13 406 405 159 
244 406 32 407 405 
245 405 407 31 48 
246 159 405 48 26 
247 26 409 408 163 
248 409 48 410 408 
249 408 410 47 64 
250 163 408 64 42 
251 42 412 411 167 
252 412 64 413 411 
253 411 413 63 215 
254 167 411 215 58 
255 58 415 414 272 
256 415 215 416 414 
257 414 416 214 350 
258 272 414 350 74 
259 74 418 417 359 
260 418 350 419 417 
261 417 419 349 364 
262 359 417 364 220 
263 15 421 420 33 
264 421 17 422 420 
265 420 422 8 423 
266 33 420 423 18 
267 31 425 424 49 
268 425 33 426 424 
269 424 426 18 427 
270 49 424 427 34 
271 47 429 428 65 
272 429 49 430 428 
273 428 430 34 431 
274 65 428 431 50 
275 433 65 434 432 
276 432 434 50 435 
277 364 446 444 445 
278 446 349 447 444 
279 444 447 365 448 
280 445 444 448 363 
281 18 423 449 45 
282 423 8 450 449 
283 449 450 29 451 
284 45 449 451 28 
285 34 427 452 61 
286 427 18 453 452 
287 452 453 45 454 
288 61 452 454 44 
289 50 431 455 93 
290 431 34 456 455 
291 455 456 61 457 
292 93 455 457 60 
293 435 50 459 458 
294 458 459 93 460 
295 372 468 467 400 
296 468 374 469 467 
297 467 469 360 470 
298 400 467 470 375 
299 350 472 471 419 
300 472 214 473 471 
301 471 473 351 441 
302 419 471 441 349 
303 349 475 474 447 
304 475 441 476 474 
305 474 476 440 477 
306 447 474 477 365 
307 478 479 249 480 
308 395 478 480 362 
309 374 482 481 469 
310 482 464 483 481 
311 481 483 466 484 
312 469 481 484 360 
313 486 436 487 485 
314 440 491 489 490 
315 491 442 492 489 
316 489 492 217 493 
317 490 489 493 443 
318 464 498 497 483 
319 498 465 499 497 
320 497 499 361 500 
321 483 497 500 466 
322 442 502 501 492 
323 502 485 503 501 
324 501 503 488 504 
325 492 501 504 217 
326 217 504 505 506 
327 504 488 507 505 
328 505 507 494 508 
329 506 505 508 465 
330 510 435 511 509 
331 509 511 458 512 
332 249 463 517 391 
333 463 250 518 517 
334 517 518 92 519 
335 391 517 519 251 
336 520 522 250 523 
337 521 520 523 463 
338 495 526 524 525 
339 526 513 527 524 
340 524 527 516 528 
341 525 524 528 461 
342 530 432 531 529 
343 529 531 435 510 
344 436 533 532 487 
345 533 438 534 532 
346 532 534 66 514 
347 536 510 537 535 
348 535 537 509 538 
349 514 541 539 540 
350 541 66 542 539 
351 540 539 543 513 
352 513 543 544 527 
353 543 515 545 544 
354 544 545 462 546 
355 527 544 546 516 
356 438 548 547 534 
357 548 529 549 547 
358 547 549 510 536 
359 534 547 536 66 
360 66 551 550 542 
361 551 536 552 550 
362 550 552 535 553 
363 542 550 553 515 
364 539 556 554 555 
365 556 542 557 554 
366 554 557 515 558 
367 555 554 558 543 
368 252 377 559 307 
369 559 394 97 560 
370 307 559 560 254 
371 376 563 561 562 
372 562 561 564 377 
373 377 564 565 566 
374 564 253 567 565 
375 565 567 394 568 
376 566 565 568 559 
377 561 571 569 570 
378 571 398 572 569 
379 569 572 253 573 
380 570 569 573 564 
381 5 576 574 575 
382 576 366 577 574 
383 574 577 372 399 
384 580 399 581 578 
385 578 581 397 582 
386 579 578 582 398 
387 356 585 583 584 
388 585 5 575 583 
389 584 583 563 376 
390 563 588 586 587 
391 588 373 579 586 
392 586 579 398 571 
393 587 586 571 561 
394 575 591 589 590 
395 591 574 592 589 
396 589 592 399 580 
397 590 589 580 373 
398 373 595 593 594 
399 595 580 596 593 
400 593 596 578 597 
401 594 593 597 579 
402 1 600 598 599 
403 600 12 153 598 
404 598 153 10 78 
405 599 598 78 11 
406 16 602 601 404 
407 602 2 603 601 
408 601 603 17 421 
409 404 601 421 15 
410 20 106 604 605 
411 106 19 286 604 
412 604 286 22 606 
413 605 604 606 4 
414 10 609 607 608 
415 609 25 157 607 
416 607 157 23 82 
417 608 607 82 24 
418 28 451 610 379 
419 451 29 611 610 
420 610 611 3 612 
421 379 610 612 30 
422 32 614 613 407 
423 614 15 615 613 
424 613 615 33 425 
425 407 613 425 31 
426 36 109 616 617 
427 109 35 290 616 
428 616 290 38 618 
429 617 616 618 19 
430 23 621 619 620 
431 621 41 161 619 
432 619 161 39 86 
433 620 619 86 40 
434 44 454 622 382 
435 454 45 623 622 
436 622 623 28 624 
437 382 622 624 46 
438 48 626 625 410 
439 626 31 627 625 
440 625 627 49 429 
441 410 625 429 47 
442 52 112 628 629 
443 112 51 294 628 
444 628 294 54 630 
445 629 628 630 35 
446 60 457 631 385 
447 457 61 632 631 
448 631 632 44 633 
449 385 631 633 62 
450 64 635 634 413 
451 635 47 636 634 
452 634 636 65 433 
453 413 634 433 63 
454 68 115 637 638 
455 115 67 298 637 
456 637 298 70 639 
457 638 637 639 51 
458 92 460 640 388 
459 460 93 641 640 
460 640 641 60 642 
461 388 640 642 94 
462 101 644 643 175 
463 644 71 274 643 
464 643 274 102 223 
465 175 643 223 99 
466 113 131 645 646 
467 131 96 315 645 
468 645 315 67 647 
469 646 645 647 115 
470 121 139 648 649 
471 139 120 318 648 
472 648 318 123 650 
473 649 648 650 96 
474 129 147 651 652 
475 147 121 649 651 
476 651 649 96 653 
477 652 651 653 131 
478 140 243 654 207 
479 243 143 655 654 
480 654 655 128 263 
481 207 654 263 144 
482 135 151 656 657 
483 656 202 137 658 
484 657 656 658 145 
485 148 200 659 660 
486 200 141 206 659 
487 659 206 59 661 
488 660 659 661 151 
489 194 664 662 663 
490 664 177 236 662 
491 662 236 125 199 
492 663 662 199 150 
493 59 208 665 666 
494 208 144 262 665 
495 665 262 201 667 
496 666 665 667 202 
497 215 669 668 416 
498 669 63 670 668 
499 668 670 216 437 
500 416 668 437 214 
501 103 672 671 259 
502 672 225 334 671 
503 671 334 255 673 
504 259 671 673 138 
505 138 673 674 675 
506 673 255 321 674 
507 674 321 257 676 
508 675 674 676 120 
509 224 281 677 678 
510 281 266 679 677 
511 677 679 269 326 
512 678 677 326 75 
513 333 682 680 681 
514 682 325 341 680 
515 680 341 256 338 
516 681 680 338 322 
517 353 371 683 684 
518 371 355 685 683 
519 683 685 5 585 
520 684 683 585 356 
521 220 687 686 370 
522 687 364 445 686 
523 686 445 363 688 
524 370 686 688 355 
525 355 688 689 685 
526 688 363 690 689 
527 689 690 366 576 
528 685 689 576 5 
529 366 692 691 577 
530 692 352 693 691 
531 691 693 374 468 
532 577 691 468 372 
533 253 401 694 567 
534 401 375 695 694 
535 694 695 393 696 
536 567 694 696 394 
537 375 470 697 695 
538 470 360 698 697 
539 697 698 395 699 
540 695 697 699 393 
541 398 582 700 572 
542 582 397 701 700 
543 700 701 401 702 
544 572 700 702 253 
545 63 704 703 670 
546 704 433 705 703 
547 703 705 432 530 
548 670 703 530 216 
549 214 707 706 473 
550 707 437 708 706 
551 706 708 436 486 
552 473 706 486 351 
553 437 710 709 708 
554 710 216 711 709 
555 709 711 438 533 
556 708 709 533 436 
557 441 713 712 476 
558 713 351 714 712 
559 712 714 442 491 
560 476 712 491 440 
561 365 477 715 716 
562 477 440 490 715 
563 715 490 443 717 
564 716 715 717 352 
565 250 512 718 518 
566 512 458 719 718 
567 718 719 460 720 
568 518 718 720 92 
569 721 521 463 722 
570 479 721 722 249 
571 352 717 723 693 
572 717 443 724 723 
573 723 724 464 482 
574 693 723 482 374 
575 443 493 725 724 
576 493 217 506 725 
577 725 506 465 498 
578 724 725 498 464 
579 360 484 726 698 
580 484 466 727 726 
581 726 727 478 728 
582 698 726 728 395 
583 466 500 729 727 
584 500 361 730 729 
585 729 730 479 731 
586 727 729 731 478 
587 351 733 732 714 
588 733 486 734 732 
589 732 734 485 502 
590 714 732 502 442 
591 465 508 735 499 
592 508 494 736 735 
593 735 736 496 737 
594 499 735 737 361 
595 538 509 739 738 
596 738 739 512 740 
597 522 738 740 250 
598 439 743 741 742 
599 743 514 540 741 
600 741 540 513 526 
601 742 741 526 495 
602 216 745 744 711 
603 745 530 746 744 
604 744 746 529 548 
605 711 744 548 438 
606 515 553 747 545 
607 553 535 748 747 
608 747 748 538 749 
609 545 747 749 462 
610 583 752 750 751 
611 752 575 590 750 
612 750 590 373 588 
613 751 750 588 563 
614 136 260 753 754 
615 260 138 675 753 
616 753 675 120 755 
617 754 753 755 139 
618 137 204 756 757 
619 204 136 754 756 
620 756 754 139 758 
621 757 756 758 121 
622 145 658 759 760 
623 658 137 757 759 
624 759 757 121 761 
625 760 759 761 147 
626 222 764 762 763 
627 764 224 678 762 
628 762 678 75 335 
629 763 762 335 225 
630 127 766 765 239 
631 766 222 763 765 
632 765 763 225 672 
633 239 765 672 103 
634 363 448 767 690 
635 448 365 716 767 
636 767 716 352 692 
637 690 767 692 366 
638 488 769 768 507 
639 769 439 742 768 
640 768 742 495 770 
641 507 768 770 494 
642 494 770 771 736 
643 770 495 525 771 
644 771 525 461 772 
645 736 771 772 496 
646 151 661 773 774 
647 661 59 666 773 
648 773 666 202 775 
649 774 773 775 656 
650 361 737 776 730 
651 737 496 777 776 
652 776 777 721 778 
653 730 776 778 479 
654 496 772 779 777 
655 772 461 780 779 
656 779 780 521 781 
657 777 779 781 721 
658 99 783 782 228 
659 783 223 784 782 
660 782 784 222 766 
661 228 782 766 127 
662 223 786 785 784 
663 786 102 278 785 
664 785 278 224 764 
665 784 785 764 222 
666 485 788 787 503 
667 788 487 789 787 
668 787 789 439 769 
669 503 787 769 488 
670 461 528 790 780 
671 528 516 791 790 
672 790 791 520 792 
673 780 790 792 521 
674 516 546 793 791 
675 546 462 794 793 
676 793 794 522 795 
677 791 793 795 520 
678 487 797 796 789 
679 797 532 798 796 
680 796 798 514 743 
681 789 796 743 439 
682 462 749 799 794 
683 749 538 800 799 
684 799 800 738 801 
685 794 799 801 522 
