2 0.000000 100.000000 407.315828
1054 895 
1 -81.951989 0.000000 -82.801989 99.752902 -0.000089 6.976061 0.000069 
2 92.701989 0.000000 -82.801989 99.754159 -0.000337 6.954378 0.000074 
3 92.701989 0.000000 83.146450 99.761663 0.000586 6.945686 -0.000063 
4 -81.951989 0.000000 83.146450 99.760338 0.000069 6.976099 -0.000079 
5 5.375000 0.000000 0.172230 0.092220 0.154568 0.662749 0.999953 
6 -81.951989 0.000000 0.172230 99.756411 -0.000047 6.980140 -0.000006 
7 5.375000 0.000000 -82.801989 99.746302 -0.000260 6.963907 0.000218 
8 92.701989 0.000000 0.172230 99.883509 0.000167 5.143494 -0.000317 
9 5.375000 0.000000 83.146450 99.769035 0.000327 6.961708 -0.000233 
10 -38.288495 0.000000 -41.314880 99.741869 -0.000257 6.976743 0.000288 
11 -81.951989 0.000000 -41.314880 99.752950 -0.000088 6.978184 0.000065 
12 -38.288495 0.000000 -82.801989 99.749021 -0.000164 6.973103 0.000151 
13 5.375000 0.000000 -41.314880 99.718086 -0.000643 6.928613 0.000830 
14 -38.288495 0.000000 0.172230 99.754956 -0.000266 6.994494 0.000003 
15 49.038495 0.000000 -41.314880 99.747670 -0.000632 6.893919 0.000288 
16 49.038495 0.000000 -82.801989 99.750145 -0.000316 6.955798 0.000153 
17 92.701989 0.000000 -41.314880 99.757651 -0.000600 6.902188 0.000077 
18 49.038495 0.000000 0.172230 99.963538 0.020852 3.933922 -0.000819 
19 -38.288495 0.000000 41.659340 99.772548 0.000095 6.977751 -0.000325 
20 -81.951989 0.000000 41.659340 99.760143 0.000027 6.978382 -0.000078 
21 5.375000 0.000000 41.659340 99.807775 0.000662 6.917901 -0.000945 
22 -38.288495 0.000000 83.146450 99.764994 0.000152 6.972872 -0.000167 
23 -16.456747 0.000000 -20.571325 99.708465 0.000627 6.955976 0.000984 
24 -38.288495 0.000000 -20.571325 99.741159 -0.000313 6.985397 0.000291 
25 -16.456747 0.000000 -41.314880 99.726821 -0.000450 6.964068 0.000606 
26 5.375000 0.000000 -20.571325 99.695209 -0.008946 6.796906 0.001467 
27 -16.456747 0.000000 0.172230 99.714723 -0.084365 7.000419 0.000796 
28 49.038495 0.000000 41.659340 99.776757 0.001361 6.855798 -0.000240 
29 92.701989 0.000000 41.659340 99.768719 0.001609 6.835755 -0.000052 
30 49.038495 0.000000 83.146450 99.765501 0.000496 6.950342 -0.000146 
31 27.206747 0.000000 -20.571325 99.735021 0.001509 6.699868 0.000804 
32 27.206747 0.000000 -41.314880 99.732845 -0.000674 6.899310 0.000576 
33 49.038495 0.000000 -20.571325 99.759623 -0.001001 6.707811 0.000302 
34 27.206747 0.000000 0.172230 99.997822 0.131131 3.018244 -0.000869 
35 -16.456747 0.000000 20.915785 99.806539 -0.004237 6.973405 -0.000997 
36 -38.288495 0.000000 20.915785 99.771378 -0.000059 6.987559 -0.000315 
37 5.375000 0.000000 20.915785 99.957037 -0.017499 6.730735 -0.003671 
38 -16.456747 0.000000 41.659340 99.792005 0.000255 6.964279 -0.000695 
39 -5.540874 0.000000 -10.199547 99.540690 -0.155210 6.853165 0.004466 
40 -16.456747 0.000000 -10.199547 99.672888 -0.045000 7.002051 0.001628 
41 -5.540874 0.000000 -20.571325 99.674539 0.002049 6.897408 0.001741 
42 5.375000 0.000000 -10.199547 99.407587 -0.253439 6.461713 0.007631 
43 -5.540874 0.000000 0.172230 99.239028 -0.005787 7.140719 0.010063 
44 27.206747 0.000000 20.915785 99.813469 0.004521 6.532781 -0.000541 
45 49.038495 0.000000 20.915785 99.801366 0.004047 6.455304 -0.000198 
46 27.206747 0.000000 41.659340 99.792100 0.001112 6.873142 -0.000570 
47 16.290874 0.000000 -10.199547 99.726182 -0.100617 6.240696 0.001573 
48 16.290874 0.000000 -20.571325 99.704354 0.003446 6.725119 0.001381 
49 27.206747 0.000000 -10.199547 99.759422 0.004021 6.172259 0.000996 
50 16.290874 0.000000 0.172230 99.738436 0.510610 2.305688 0.004667 
51 -5.540874 0.000000 10.544008 100.000724 0.054041 7.071761 -0.005016 
52 -16.456747 0.000000 10.544008 99.807786 -0.044433 7.035949 -0.001110 
53 5.375000 0.000000 10.544008 100.546519 0.298904 6.167263 -0.014773 
54 -5.540874 0.000000 20.915785 99.904159 -0.018377 6.928338 -0.002884 
55 -0.082937 0.000000 -5.013659 98.820424 0.071049 6.274753 0.019515 
56 -5.540874 0.000000 -5.013659 99.317219 0.001226 6.928737 0.008808 
57 -0.082937 0.000000 -10.199547 99.473160 -0.232135 6.658008 0.006071 
58 5.375000 0.000000 -5.013659 99.147200 0.096233 5.788658 0.013631 
59 -0.082937 0.000000 0.172230 80.351458 -0.006683 20.940559 0.310514 
60 16.290874 0.000000 10.544008 99.881919 0.096941 5.618779 -0.000798 
61 27.206747 0.000000 10.544008 99.866576 0.013979 5.460341 -0.000315 
62 16.290874 0.000000 20.915785 99.857932 0.001923 6.587389 -0.001500 
63 10.832937 0.000000 -5.013659 99.297914 0.006400 5.403846 0.011072 
64 10.832937 0.000000 -10.199547 99.499377 -0.286942 6.281482 0.006033 
65 16.290874 0.000000 -5.013659 99.583272 -0.257952 5.144785 0.005664 
66 10.832937 0.000000 0.172230 91.426159 2.043439 5.957512 0.160159 
67 -0.082937 0.000000 5.358119 101.062074 0.247697 7.836636 -0.027502 
68 -5.540874 0.000000 5.358119 99.861909 0.160645 7.366878 -0.002670 
69 5.375000 0.000000 5.358119 102.159963 0.017854 4.501318 -0.045692 
70 -0.082937 0.000000 10.544008 100.356684 0.281547 6.872872 -0.011878 
71 2.646032 0.000000 -2.420714 98.832872 0.041943 4.101765 0.021524 
72 -0.082937 0.000000 -2.420714 97.440593 -0.019270 5.223316 0.047805 
73 2.646032 0.000000 -5.013659 98.755965 0.003882 5.891699 0.021255 
74 5.375000 0.000000 -2.420714 99.824936 -0.142269 5.009112 0.000987 
75 2.646032 0.000000 0.172230 1.680791 0.028937 -1.509200 0.999490 
76 -60.120242 0.000000 -20.571325 99.751288 -0.000140 6.981749 0.000094 
77 -81.951989 0.000000 -20.571325 99.754210 -0.000074 6.979485 0.000038 
78 -60.120242 0.000000 -41.314880 99.749599 -0.000146 6.978539 0.000132 
79 -60.120242 0.000000 0.172230 99.756198 -0.000097 6.983764 -0.000007 
80 -27.372621 0.000000 -10.199547 99.734034 -0.000762 6.981599 0.000438 
81 -38.288495 0.000000 -10.199547 99.745877 -0.000313 6.991169 0.000188 
82 -27.372621 0.000000 -20.571325 99.726671 -0.000510 6.985848 0.000579 
83 -27.372621 0.000000 0.172230 99.747809 -0.001580 6.991718 0.000149 
84 -10.998810 0.000000 -5.013659 99.627480 -0.024180 6.910726 0.002661 
85 -16.456747 0.000000 -5.013659 99.693085 -0.080360 6.978035 0.001259 
86 -10.998810 0.000000 -10.199547 99.636551 -0.034522 6.920734 0.002466 
87 -10.998810 0.000000 0.172230 99.644200 -0.028955 7.075776 0.002097 
88 -2.811905 0.000000 -2.420714 98.438589 0.482796 6.986112 0.026081 
89 -5.540874 0.000000 -2.420714 99.232171 -0.015215 6.933787 0.010490 
90 -2.811905 0.000000 -5.013659 99.061283 0.021796 6.664901 0.014244 
91 -2.811905 0.000000 0.172230 98.396002 0.396741 7.927853 0.025522 
92 10.832937 0.000000 5.358119 100.227485 0.124018 3.496107 -0.005779 
93 16.290874 0.000000 5.358119 99.902377 0.083443 3.902353 0.000428 
94 10.832937 0.000000 10.544008 100.247403 0.151673 5.623284 -0.008119 
95 2.646032 0.000000 2.765175 105.574066 -0.290725 8.598200 -0.121990 
96 -0.082937 0.000000 2.765175 100.562295 -0.404482 9.906993 -0.021109 
97 5.375000 0.000000 2.765175 103.461315 -0.051586 1.373983 -0.070613 
98 2.646032 0.000000 5.358119 102.207835 -0.021483 6.652764 -0.049070 
99 1.281547 0.000000 -1.124242 101.144872 -0.031669 -12.613166 -0.038938 
100 -0.082937 0.000000 -1.124242 93.273893 0.029982 0.779435 0.129937 
101 1.281547 0.000000 -2.420714 97.836397 0.012658 4.077064 0.041142 
102 2.646032 0.000000 -1.124242 100.948209 -0.012123 -2.258177 -0.019564 
103 1.281547 0.000000 0.172230 98.893226 -0.027851 35.899872 -0.106867 
104 -60.120242 0.000000 20.915785 99.761502 -0.000023 6.982271 -0.000111 
105 -81.951989 0.000000 20.915785 99.758706 -0.000009 6.979651 -0.000051 
106 -60.120242 0.000000 41.659340 99.763752 0.000045 6.979007 -0.000151 
107 -27.372621 0.000000 10.544008 99.767364 -0.002513 6.989286 -0.000238 
108 -38.288495 0.000000 10.544008 99.764922 -0.000170 6.992845 -0.000194 
109 -27.372621 0.000000 20.915785 99.786436 -0.000096 6.990777 -0.000620 
110 -10.998810 0.000000 5.358119 99.743680 0.020238 6.999362 0.000221 
111 -16.456747 0.000000 5.358119 99.769863 -0.057508 7.059216 -0.000386 
112 -10.998810 0.000000 10.544008 99.826031 -0.051481 7.010502 -0.001439 
113 -2.811905 0.000000 2.765175 99.489670 0.189834 8.152704 0.003530 
114 -5.540874 0.000000 2.765175 99.561924 0.013774 7.393757 0.003276 
115 -2.811905 0.000000 5.358119 99.955138 -0.043740 7.459021 -0.004667 
116 -1.447421 0.000000 -1.124242 96.694411 0.074378 6.857335 0.060316 
117 -2.811905 0.000000 -1.124242 98.235194 0.569046 7.293806 0.029632 
118 -1.447421 0.000000 -2.420714 97.828219 0.034244 6.599725 0.038608 
119 -1.447421 0.000000 0.172230 96.445418 0.047667 8.603424 0.062426 
120 1.281547 0.000000 1.468702 100.803154 -0.001686 16.878376 -0.044616 
121 -0.082937 0.000000 1.468702 97.921954 0.029864 12.197585 0.026251 
122 2.646032 0.000000 1.468702 113.576322 0.042192 16.231697 -0.316305 
123 1.281547 0.000000 2.765175 102.562784 -0.478063 10.496432 -0.062953 
124 0.599305 0.000000 -0.476006 97.282910 0.006229 -8.294185 0.046724 
125 -0.082937 0.000000 -0.476006 71.368620 -0.010555 -4.743685 0.488402 
126 0.599305 0.000000 -1.124242 96.468040 -0.102293 -1.641665 0.069121 
127 1.281547 0.000000 -0.476006 100.375827 -0.020922 -12.452230 -0.023037 
128 0.599305 0.000000 0.172230 96.637552 -0.024317 27.897405 -0.011708 
129 -1.447421 0.000000 1.468702 98.373051 0.052954 9.374282 0.023486 
130 -2.811905 0.000000 1.468702 98.964475 0.190667 8.142247 0.013970 
131 -1.447421 0.000000 2.765175 99.693532 0.121304 8.817577 -0.001656 
132 -0.765179 0.000000 -0.476006 92.358087 0.025483 6.938954 0.142183 
133 -1.447421 0.000000 -0.476006 96.210504 0.122113 7.613915 0.068555 
134 -0.765179 0.000000 -1.124242 94.882901 0.117975 5.468197 0.096732 
135 -0.765179 0.000000 0.172230 92.989353 0.251755 10.116897 0.125057 
136 0.599305 0.000000 0.820466 96.040616 -0.054341 18.715660 0.042592 
137 -0.082937 0.000000 0.820466 94.878108 0.016748 14.988345 0.077349 
138 1.281547 0.000000 0.820466 100.298836 -0.036865 36.180501 -0.136889 
139 0.599305 0.000000 1.468702 98.746331 -0.031179 14.500588 0.003889 
140 0.258184 0.000000 -0.151888 36.412777 -0.130710 48.190494 0.635177 
141 -0.082937 0.000000 -0.151888 64.122780 -0.007023 13.961325 0.569335 
142 0.258184 0.000000 -0.476006 68.256221 0.001219 -51.462014 0.269275 
143 0.599305 0.000000 -0.151888 1.364866 -0.009552 1.076286 0.999698 
144 0.258184 0.000000 0.172230 65.340535 -0.060043 60.876452 0.202467 
145 -0.765179 0.000000 0.820466 95.968947 0.149260 11.024183 0.066841 
146 -1.447421 0.000000 0.820466 97.349401 0.080949 9.199323 0.043846 
147 -0.765179 0.000000 1.468702 97.941861 0.098535 10.557279 0.029593 
148 -0.424058 0.000000 -0.151888 85.883873 0.041859 9.318859 0.253712 
149 -0.765179 0.000000 -0.151888 92.092535 0.040048 8.627801 0.144452 
150 -0.424058 0.000000 -0.476006 87.002070 0.029019 5.107825 0.240455 
151 -0.424058 0.000000 0.172230 88.929027 -0.012882 12.402651 0.193780 
152 -16.456747 0.000000 -62.058434 99.740746 -0.000290 6.966684 0.000325 
153 -38.288495 0.000000 -62.058434 99.745887 -0.000202 6.973710 0.000213 
154 -16.456747 0.000000 -82.801989 99.746956 -0.000214 6.969232 0.000197 
155 5.375000 0.000000 -62.058434 99.738740 -0.000371 6.954732 0.000382 
156 -5.540874 0.000000 -30.943102 99.714250 0.002092 6.929007 0.000906 
157 -16.456747 0.000000 -30.943102 99.713554 -0.000605 6.965296 0.000869 
158 -5.540874 0.000000 -41.314880 99.719601 -0.000559 6.948656 0.000772 
159 5.375000 0.000000 -30.943102 99.713223 0.001353 6.893212 0.000976 
160 -0.082937 0.000000 -15.385436 99.694062 -0.085591 6.744261 0.001560 
161 -5.540874 0.000000 -15.385436 99.643684 -0.015532 6.851591 0.002419 
162 -0.082937 0.000000 -20.571325 99.686498 -0.028706 6.840984 0.001580 
163 5.375000 0.000000 -15.385436 99.726221 -0.107194 6.676078 0.001010 
164 2.646032 0.000000 -7.606603 99.228554 -0.011631 6.376688 0.011303 
165 -0.082937 0.000000 -7.606603 99.309986 -0.125070 6.518529 0.009502 
166 2.646032 0.000000 -10.199547 99.396915 -0.229823 6.571222 0.007702 
167 5.375000 0.000000 -7.606603 99.236270 0.145174 6.175363 0.011401 
168 1.281547 0.000000 -3.717186 98.274987 0.246609 5.491379 0.031181 
169 -0.082937 0.000000 -3.717186 98.119877 0.389981 6.081004 0.033536 
170 1.281547 0.000000 -5.013659 98.713294 -0.006034 6.108472 0.021837 
171 2.646032 0.000000 -3.717186 98.540068 -0.042006 5.357748 0.026115 
172 0.599305 0.000000 -1.772478 96.769852 0.004359 2.794521 0.062779 
173 -0.082937 0.000000 -1.772478 96.378570 0.027173 4.081358 0.069451 
174 0.599305 0.000000 -2.420714 97.572665 0.029794 4.524268 0.045911 
175 1.281547 0.000000 -1.772478 97.617964 -0.087687 1.829206 0.046738 
176 0.258184 0.000000 -0.800124 93.060988 -0.017530 -14.699374 0.112358 
177 -0.082937 0.000000 -0.800124 87.625629 -0.014894 -3.441729 0.230990 
178 0.258184 0.000000 -1.124242 95.030969 -0.011847 -1.973209 0.096522 
179 0.599305 0.000000 -0.800124 97.870460 0.008961 -11.468176 0.028985 
180 0.087624 0.000000 -0.313947 38.428195 0.008563 -6.864302 0.847616 
181 -0.082937 0.000000 -0.313947 62.004217 -0.009364 3.026263 0.614632 
182 0.087624 0.000000 -0.476006 46.517969 0.048705 -42.587195 0.602241 
183 0.258184 0.000000 -0.313947 -0.691918 -0.035829 0.925185 0.999866 
184 0.087624 0.000000 -0.151888 35.068193 -0.117977 40.185525 0.715533 
185 -2.811905 0.000000 -7.606603 99.399134 -0.039829 6.676480 0.007524 
186 -5.540874 0.000000 -7.606603 99.447121 -0.111404 6.873762 0.006301 
187 -2.811905 0.000000 -10.199547 99.480856 -0.152116 6.780152 0.005757 
188 -1.447421 0.000000 -3.717186 98.424306 0.520031 6.454221 0.027073 
189 -2.811905 0.000000 -3.717186 98.765688 0.158938 6.702685 0.020039 
190 -1.447421 0.000000 -5.013659 98.898629 0.108164 6.477386 0.017709 
191 -0.765179 0.000000 -1.772478 96.700489 0.056405 5.622923 0.061740 
192 -1.447421 0.000000 -1.772478 97.305510 0.036843 6.634075 0.048763 
193 -0.765179 0.000000 -2.420714 97.526131 0.009940 5.981389 0.045288 
194 -0.424058 0.000000 -0.800124 90.799893 0.020827 3.411370 0.174374 
195 -0.765179 0.000000 -0.800124 93.551659 0.210430 5.825010 0.121411 
196 -0.424058 0.000000 -1.124242 93.758898 0.117025 3.667926 0.119580 
197 -0.253497 0.000000 -0.313947 78.761406 -0.017577 5.836734 0.376257 
198 -0.424058 0.000000 -0.313947 85.859559 0.020622 7.022114 0.257883 
199 -0.253497 0.000000 -0.476006 81.587575 -0.019332 2.232095 0.333848 
200 -0.253497 0.000000 -0.151888 78.922432 -0.015991 10.280131 0.366557 
201 0.258184 0.000000 0.496348 93.560000 -0.006109 24.559658 0.064335 
202 -0.082937 0.000000 0.496348 90.735663 -0.020939 17.981746 0.144370 
203 0.599305 0.000000 0.496348 96.015703 -0.014427 28.414034 -0.002637 
204 0.258184 0.000000 0.820466 95.607625 -0.047370 17.339093 0.055854 
205 0.087624 0.000000 0.010171 39.576325 -0.134930 55.570970 0.534556 
206 -0.082937 0.000000 0.010171 72.103980 -0.006949 19.579387 0.441766 
207 0.258184 0.000000 0.010171 51.029292 -0.099835 63.090532 0.341559 
208 0.087624 0.000000 0.172230 74.379639 -0.000237 32.390578 0.341852 
209 0.002343 0.000000 -0.232917 36.008223 -0.044989 15.412685 0.846585 
210 -0.082937 0.000000 -0.232917 33.686247 -0.111459 36.886856 0.750458 
211 0.002343 0.000000 -0.313947 37.308024 0.002454 -2.425813 0.860223 
212 0.087624 0.000000 -0.232917 36.260609 -0.050124 18.768865 0.833290 
213 0.002343 0.000000 -0.151888 34.073213 -0.121867 40.661859 0.718561 
214 8.103968 0.000000 -2.420714 98.510940 0.077699 5.851740 0.026135 
215 8.103968 0.000000 -5.013659 99.190621 0.156256 5.637836 0.012941 
216 10.832937 0.000000 -2.420714 98.617804 0.137217 4.587927 0.025346 
217 8.103968 0.000000 0.172230 92.605327 0.316051 31.211035 0.045002 
218 4.010516 0.000000 -1.124242 102.398313 -0.144203 0.074525 -0.048544 
219 4.010516 0.000000 -2.420714 98.594824 -0.108482 4.256080 0.026093 
220 5.375000 0.000000 -1.124242 106.055828 -0.077115 5.695817 -0.128029 
221 4.010516 0.000000 0.172230 10.562419 -0.108796 -0.344115 0.988831 
222 1.963789 0.000000 -0.476006 102.232056 -0.013219 -10.033911 -0.055207 
223 1.963789 0.000000 -1.124242 102.225411 -0.013239 -10.031296 -0.055066 
224 2.646032 0.000000 -0.476006 100.956063 -0.012376 -2.332207 -0.019757 
225 1.963789 0.000000 0.172230 104.555919 0.016906 29.746442 -0.181679 
226 0.940426 0.000000 -0.800124 99.110971 0.009926 -12.575593 0.001887 
227 0.940426 0.000000 -1.124242 95.827707 -0.095652 -2.122524 0.081254 
228 1.281547 0.000000 -0.800124 99.848892 -0.013936 -12.401348 -0.012359 
229 0.940426 0.000000 -0.476006 99.191793 0.017673 -12.810269 -0.000312 
230 0.428745 0.000000 -0.638065 95.086581 0.013338 -24.586041 0.035407 
231 0.258184 0.000000 -0.638065 80.466966 0.004684 -45.272605 0.147546 
232 0.428745 0.000000 -0.800124 101.451343 -0.018858 -11.495309 -0.042452 
233 0.599305 0.000000 -0.638065 97.973859 0.009570 -11.503201 0.026880 
234 0.428745 0.000000 -0.476006 92.568761 0.014969 -32.016712 0.040595 
235 0.087624 0.000000 -0.638065 77.954312 -0.012605 -17.557565 0.361486 
236 -0.082937 0.000000 -0.638065 81.170430 -0.013136 -5.438761 0.338178 
237 0.087624 0.000000 -0.800124 87.971334 -0.016245 -9.431190 0.217210 
238 0.940426 0.000000 -0.151888 8.230128 -0.002658 1.232984 0.993074 
239 1.281547 0.000000 -0.151888 8.694300 -0.096371 1.302650 0.992270 
240 0.940426 0.000000 0.172230 95.993871 -0.053814 35.644696 -0.048537 
241 0.428745 0.000000 -0.313947 -1.516054 0.006567 1.859293 0.999424 
242 0.599305 0.000000 -0.313947 1.385589 -0.008755 2.428004 0.999218 
243 0.428745 0.000000 -0.151888 -1.426737 0.002680 1.527230 0.999563 
244 0.343464 0.000000 -0.557035 82.232408 0.007653 -44.824933 0.122856 
245 0.258184 0.000000 -0.557035 71.736847 0.002793 -50.469478 0.230666 
246 0.343464 0.000000 -0.638065 86.940141 0.011576 -39.589506 0.087408 
247 0.428745 0.000000 -0.557035 93.884769 0.013839 -27.654232 0.042089 
248 0.343464 0.000000 -0.476006 76.177423 0.000679 -49.607663 0.173608 
249 8.103968 0.000000 2.765175 100.712728 0.211526 0.091437 -0.014311 
250 10.832937 0.000000 2.765175 99.546100 0.290263 1.236902 0.008896 
251 8.103968 0.000000 5.358119 101.115725 0.201434 3.422525 -0.023614 
252 4.010516 0.000000 1.468702 105.677799 -0.337692 -0.161365 -0.116794 
253 5.375000 0.000000 1.468702 101.849164 -0.271731 -2.332777 -0.037877 
254 4.010516 0.000000 2.765175 105.858034 0.100842 4.477020 -0.122598 
255 1.963789 0.000000 0.820466 104.160622 0.039252 26.159752 -0.153377 
256 2.646032 0.000000 0.820466 61.757421 0.110498 32.004957 0.516169 
257 1.963789 0.000000 1.468702 105.211307 0.033779 17.973458 -0.139247 
258 0.940426 0.000000 0.496348 96.328103 -0.043999 35.564995 -0.054397 
259 1.281547 0.000000 0.496348 98.179299 -0.036196 35.728627 -0.091571 
260 0.940426 0.000000 0.820466 95.873918 -0.042572 21.560957 0.034332 
261 0.428745 0.000000 0.334289 92.127585 -0.025861 36.089805 0.021003 
262 0.258184 0.000000 0.334289 90.037990 -0.020695 35.378270 0.064154 
263 0.428745 0.000000 0.172230 86.739345 -0.028845 43.992836 0.054092 
264 0.599305 0.000000 0.334289 96.370078 -0.020289 27.583039 -0.004802 
265 0.428745 0.000000 0.496348 96.947992 0.034825 23.817514 0.003381 
266 3.328274 0.000000 -0.476006 102.137957 0.000916 0.147346 -0.043218 
267 3.328274 0.000000 -1.124242 101.398254 0.003087 0.067354 -0.028161 
268 4.010516 0.000000 -0.476006 102.820209 -0.179042 0.097996 -0.057204 
269 3.328274 0.000000 0.172230 7.771208 -0.278248 -2.717221 0.993215 
270 4.010516 0.000000 -3.717186 98.686856 -0.037211 5.260938 0.023323 
271 4.010516 0.000000 -5.013659 98.810772 0.001096 5.737743 0.020351 
272 5.375000 0.000000 -3.717186 98.919938 -0.004280 5.304223 0.018671 
273 3.328274 0.000000 -1.772478 99.035512 -0.154083 3.294512 0.018109 
274 2.646032 0.000000 -1.772478 99.371610 0.029107 2.753617 0.011770 
275 3.328274 0.000000 -2.420714 98.800492 -0.070604 4.165925 0.022110 
276 4.010516 0.000000 -1.772478 98.966423 0.012598 3.228846 0.019522 
277 2.987153 0.000000 -0.800124 101.000700 -0.001789 -0.304625 -0.020123 
278 2.646032 0.000000 -0.800124 101.438826 -0.010384 -2.323163 -0.029523 
279 2.987153 0.000000 -1.124242 101.411274 0.000041 0.147793 -0.028427 
280 3.328274 0.000000 -0.800124 101.294029 0.005104 0.054786 -0.026048 
281 2.987153 0.000000 -0.476006 100.708610 -0.004412 0.000000 -0.014222 
282 3.328274 0.000000 0.820466 110.484624 -0.329876 0.024297 -0.220696 
283 4.010516 0.000000 0.820466 104.204276 -0.309072 -0.313090 -0.085872 
284 3.328274 0.000000 1.468702 109.193951 -0.413105 0.048249 -0.192349 
285 -16.456747 0.000000 62.402895 99.775318 0.000265 6.965695 -0.000364 
286 -38.288495 0.000000 62.402895 99.768508 0.000146 6.973801 -0.000239 
287 5.375000 0.000000 62.402895 99.779013 0.000446 6.950529 -0.000416 
288 -16.456747 0.000000 83.146450 99.767759 0.000229 6.968330 -0.000216 
289 -5.540874 0.000000 31.287562 99.817664 -0.002876 6.929304 -0.001158 
290 -16.456747 0.000000 31.287562 99.806894 0.000172 6.968321 -0.000997 
291 5.375000 0.000000 31.287562 99.828082 -0.001802 6.871540 -0.001286 
292 -5.540874 0.000000 41.659340 99.803241 0.000427 6.945210 -0.000892 
293 -0.082937 0.000000 15.729896 99.939292 0.082356 6.755094 -0.003350 
294 -5.540874 0.000000 15.729896 99.910318 -0.038827 6.922537 -0.002999 
295 5.375000 0.000000 15.729896 100.095252 0.112660 6.568790 -0.006222 
296 -0.082937 0.000000 20.915785 99.945375 -0.006450 6.843993 -0.003592 
297 2.646032 0.000000 7.951063 101.131962 0.177067 6.526794 -0.027030 
298 -0.082937 0.000000 7.951063 100.690032 0.090489 7.090792 -0.018877 
299 5.375000 0.000000 7.951063 100.992238 0.455790 5.627045 -0.023130 
300 2.646032 0.000000 10.544008 100.564948 0.320928 6.565902 -0.015652 
301 4.010516 0.000000 4.061647 103.899245 -0.034820 5.043974 -0.082050 
302 2.646032 0.000000 4.061647 103.372583 -0.014909 7.125683 -0.073667 
303 5.375000 0.000000 4.061647 102.817909 0.056436 3.376275 -0.058292 
304 4.010516 0.000000 5.358119 102.511980 -0.018004 5.552489 -0.053954 
305 3.328274 0.000000 2.116938 108.631755 -0.174356 6.342919 -0.184112 
306 2.646032 0.000000 2.116938 107.906144 -0.386606 10.248554 -0.174892 
307 4.010516 0.000000 2.116938 106.713562 -0.085944 3.138404 -0.139764 
308 3.328274 0.000000 2.765175 106.096690 -0.007780 6.419434 -0.129772 
309 2.987153 0.000000 1.144584 113.010336 -0.096412 10.673079 -0.288526 
310 2.646032 0.000000 1.144584 83.040952 0.070450 37.462224 0.170078 
311 2.987153 0.000000 0.820466 103.258105 -0.052807 10.300495 -0.076834 
312 3.328274 0.000000 1.144584 110.455016 -0.330438 0.022381 -0.220042 
313 2.987153 0.000000 1.468702 116.376248 -0.360416 7.628897 -0.360176 
314 1.281547 0.000000 4.061647 102.310460 0.041601 8.378761 -0.053764 
315 -0.082937 0.000000 4.061647 101.101335 0.131829 8.638246 -0.029612 
316 1.281547 0.000000 5.358119 101.783170 0.036574 7.466887 -0.041557 
317 1.963789 0.000000 2.116938 104.877817 -0.600699 12.498553 -0.115593 
318 1.281547 0.000000 2.116938 102.059650 -0.026017 12.880970 -0.058209 
319 1.963789 0.000000 2.765175 104.129778 -0.428602 10.108280 -0.094537 
320 2.304911 0.000000 1.144584 101.480908 0.126823 13.136926 -0.047097 
321 1.963789 0.000000 1.144584 104.555919 0.016906 29.746442 -0.181679 
322 2.304911 0.000000 0.820466 103.408006 0.076043 20.061671 -0.109569 
323 2.304911 0.000000 1.468702 108.210307 0.012675 17.825368 -0.202721 
324 2.987153 0.000000 0.496348 2.882853 0.155822 -5.768362 0.995839 
325 2.646032 0.000000 0.496348 101.480908 0.126823 13.136926 -0.047097 
326 2.987153 0.000000 0.172230 4.106802 0.099597 -2.976953 0.997426 
327 3.328274 0.000000 0.496348 108.550750 -0.421696 0.000000 -0.178344 
328 2.816592 0.000000 0.982525 86.983906 0.047959 55.131996 -0.060574 
329 2.646032 0.000000 0.982525 71.067125 0.088226 35.160085 0.371322 
330 2.816592 0.000000 0.820466 58.436228 0.080724 41.518401 0.486142 
331 2.987153 0.000000 0.982525 102.822308 -0.052779 15.259787 -0.080529 
332 2.816592 0.000000 1.144584 88.901649 0.044895 34.653545 0.089563 
333 2.304911 0.000000 0.496348 103.691111 0.056617 23.520870 -0.130508 
334 1.963789 0.000000 0.496348 105.229927 0.010700 30.226951 -0.198701 
335 2.304911 0.000000 0.172230 2.103288 0.079030 0.189050 0.999553 
336 2.475471 0.000000 0.982525 90.506197 0.126021 10.884890 0.169013 
337 2.304911 0.000000 0.982525 103.148287 0.085924 18.436102 -0.097947 
338 2.475471 0.000000 0.820466 97.969804 0.116715 13.847789 0.021014 
339 2.475471 0.000000 1.144584 101.480908 0.126823 13.136926 -0.047097 
340 2.816592 0.000000 0.658407 78.173502 0.140445 8.355507 0.381907 
341 2.646032 0.000000 0.658407 87.341681 0.127872 10.235702 0.226664 
342 2.816592 0.000000 0.496348 -0.977545 0.125911 -3.075347 0.998957 
343 2.987153 0.000000 0.658407 2.018872 0.221241 -8.600571 0.992191 
344 2.731312 0.000000 0.901496 43.124437 0.079485 55.187731 0.509459 
345 2.646032 0.000000 0.901496 59.849737 0.090394 41.108971 0.472805 
346 2.731312 0.000000 0.820466 49.878596 0.114569 28.819356 0.668156 
347 2.816592 0.000000 0.901496 64.454183 0.068601 48.240398 0.351852 
348 2.731312 0.000000 0.982525 67.713300 0.066676 49.162323 0.299797 
349 6.739484 0.000000 -1.124242 97.853880 -0.095666 11.796518 0.028545 
350 6.739484 0.000000 -2.420714 99.231584 -0.003756 6.317044 0.011319 
351 8.103968 0.000000 -1.124242 97.261902 0.075714 9.784503 0.044438 
352 6.739484 0.000000 0.172230 -6.222499 0.605787 -1.466883 0.995876 
353 4.692758 0.000000 -0.476006 103.247895 -0.002142 0.058201 -0.066013 
354 4.692758 0.000000 -1.124242 103.162318 0.000039 0.053708 -0.064247 
355 5.375000 0.000000 -0.476006 -3.704092 0.013945 -2.321808 0.998089 
356 4.692758 0.000000 0.172230 7.158239 0.049960 1.592621 0.994622 
357 4.692758 0.000000 -1.772478 100.056073 -0.175630 3.218909 -0.002161 
358 4.692758 0.000000 -2.420714 99.148086 -0.117395 4.333446 0.015086 
359 5.375000 0.000000 -1.772478 101.442684 -0.164011 4.804192 -0.031373 
360 6.739484 0.000000 1.468702 101.071231 -0.533713 -3.340424 -0.022684 
361 8.103968 0.000000 1.468702 99.680405 -0.402023 -2.845221 0.005556 
362 6.739484 0.000000 2.765175 101.974387 0.116114 0.174273 -0.039882 
363 6.057242 0.000000 -0.476006 100.392869 -0.011947 27.962224 -0.086061 
364 6.057242 0.000000 -1.124242 103.378491 -0.033318 14.755518 -0.090484 
365 6.739484 0.000000 -0.476006 96.321334 0.087419 17.107388 0.042953 
366 6.057242 0.000000 0.172230 -4.749145 0.610523 -0.617084 0.997669 
367 5.033879 0.000000 -0.800124 104.045314 -0.050104 0.016185 -0.082543 
368 4.692758 0.000000 -0.800124 102.602466 -0.009417 0.014775 -0.052727 
369 5.033879 0.000000 -1.124242 103.503739 -0.038880 0.000000 -0.071303 
370 5.375000 0.000000 -0.800124 106.129497 -0.076355 5.987618 -0.129933 
371 5.033879 0.000000 -0.476006 103.553797 -0.041264 0.000000 -0.072339 
372 6.057242 0.000000 0.820466 95.253196 -2.870585 -0.756292 0.091802 
373 5.375000 0.000000 0.820466 60.589433 -0.545142 -23.360340 0.578292 
374 6.739484 0.000000 0.820466 99.509927 -2.593300 -0.515028 0.009078 
375 6.057242 0.000000 1.468702 99.596009 -0.348252 -3.002029 0.007150 
376 4.692758 0.000000 0.820466 102.392971 -0.257500 -0.269316 -0.048446 
377 4.692758 0.000000 1.468702 102.167650 -0.243234 -0.373989 -0.043843 
378 27.206747 0.000000 62.402895 99.775504 0.000627 6.935498 -0.000325 
379 49.038495 0.000000 62.402895 99.769678 0.000750 6.926787 -0.000197 
380 27.206747 0.000000 83.146450 99.767915 0.000422 6.955080 -0.000201 
381 16.290874 0.000000 31.287562 99.814606 0.000379 6.817522 -0.000943 
382 27.206747 0.000000 31.287562 99.807347 0.001679 6.780456 -0.000748 
383 16.290874 0.000000 41.659340 99.802340 0.000909 6.891407 -0.000800 
384 10.832937 0.000000 15.729896 99.918986 0.063824 6.372495 -0.002442 
385 16.290874 0.000000 15.729896 99.901448 0.030280 6.263795 -0.001954 
386 10.832937 0.000000 20.915785 99.922684 0.024051 6.632815 -0.002854 
387 8.103968 0.000000 7.951063 100.545537 0.279382 5.057817 -0.013506 
388 10.832937 0.000000 7.951063 100.256350 0.039733 4.825325 -0.007462 
389 8.103968 0.000000 10.544008 100.427885 0.185798 5.820624 -0.011967 
390 6.739484 0.000000 4.061647 101.886176 0.099250 2.467486 -0.038689 
391 8.103968 0.000000 4.061647 101.106367 0.213156 1.908933 -0.022619 
392 6.739484 0.000000 5.358119 101.864100 0.148692 3.681047 -0.038987 
393 6.057242 0.000000 2.116938 102.041267 -0.148274 -1.117457 -0.041369 
394 5.375000 0.000000 2.116938 103.220544 -0.082147 -0.149820 -0.065451 
395 6.739484 0.000000 2.116938 101.326183 -0.134857 -1.046609 -0.026811 
396 6.057242 0.000000 2.765175 102.408835 -0.045811 0.709360 -0.048807 
397 5.716121 0.000000 1.144584 82.079242 -1.039323 -0.443581 0.326172 
398 5.375000 0.000000 1.144584 74.993169 -0.522050 -26.853680 0.365463 
399 5.716121 0.000000 0.820466 80.795299 -0.985816 -0.417071 0.347097 
400 6.057242 0.000000 1.144584 94.591159 -2.423767 -0.729314 0.104611 
401 5.716121 0.000000 1.468702 99.637960 -0.324839 -4.033433 0.005590 
402 27.206747 0.000000 -62.058434 99.742566 -0.000416 6.943942 0.000320 
403 27.206747 0.000000 -82.801989 99.747683 -0.000295 6.958919 0.000197 
404 49.038495 0.000000 -62.058434 99.748269 -0.000430 6.939022 0.000213 
405 16.290874 0.000000 -30.943102 99.723413 0.001305 6.863175 0.000814 
406 16.290874 0.000000 -41.314880 99.723730 -0.000679 6.910553 0.000742 
407 27.206747 0.000000 -30.943102 99.726092 -0.000935 6.838095 0.000795 
408 10.832937 0.000000 -15.385436 99.733501 -0.097787 6.631434 0.000924 
409 10.832937 0.000000 -20.571325 99.657070 0.013302 6.742646 0.002300 
410 16.290874 0.000000 -15.385436 99.715650 -0.019205 6.571394 0.001361 
411 8.103968 0.000000 -7.606603 99.324455 0.046026 6.055658 0.009798 
412 8.103968 0.000000 -10.199547 99.409729 -0.213850 6.344186 0.007741 
413 10.832937 0.000000 -7.606603 99.428778 -0.210162 5.930458 0.007870 
414 6.739484 0.000000 -3.717186 99.040837 -0.014595 5.642862 0.015907 
415 6.739484 0.000000 -5.013659 99.169385 0.140303 5.664888 0.013332 
416 8.103968 0.000000 -3.717186 98.818156 0.175125 5.455352 0.020518 
417 6.057242 0.000000 -1.772478 100.757126 -0.174972 7.414825 -0.020701 
418 6.057242 0.000000 -2.420714 99.556800 -0.077203 5.723529 0.005568 
419 6.739484 0.000000 -1.772478 99.425533 -0.056801 8.015628 0.005031 
420 70.870242 0.000000 -20.571325 99.767041 -0.000912 6.737974 0.000114 
421 70.870242 0.000000 -41.314880 99.754698 -0.000610 6.897345 0.000143 
422 92.701989 0.000000 -20.571325 99.768364 -0.000880 6.763231 0.000053 
423 70.870242 0.000000 0.172230 99.918561 0.004007 4.627813 -0.000514 
424 38.122621 0.000000 -10.199547 99.786633 0.000711 6.231934 0.000379 
425 38.122621 0.000000 -20.571325 99.748259 -0.001130 6.692180 0.000550 
426 49.038495 0.000000 -10.199547 99.792409 -0.001263 6.285514 0.000197 
427 38.122621 0.000000 0.172230 99.984735 0.052625 3.515980 -0.000931 
428 21.748810 0.000000 -5.013659 99.783386 -0.005252 5.252857 0.001568 
429 21.748810 0.000000 -10.199547 99.719634 -0.027104 6.132422 0.001839 
430 27.206747 0.000000 -5.013659 99.827830 -0.019155 5.319658 0.000611 
431 21.748810 0.000000 0.172230 99.960252 0.286256 2.732180 0.000040 
432 13.561905 0.000000 -2.420714 99.295910 0.043214 3.978089 0.012450 
433 13.561905 0.000000 -5.013659 99.447218 -0.261647 5.206026 0.008308 
434 16.290874 0.000000 -2.420714 99.634422 -0.119218 4.157693 0.005568 
435 13.561905 0.000000 0.172230 99.229510 1.134002 1.857554 0.014877 
436 9.468453 0.000000 -1.124242 97.436263 0.247985 6.238567 0.046719 
437 9.468453 0.000000 -2.420714 98.483846 0.176453 5.208667 0.027377 
438 10.832937 0.000000 -1.124242 97.645299 0.213883 4.500105 0.044510 
439 9.468453 0.000000 0.172230 97.135541 1.174600 23.750690 -0.000079 
440 7.421726 0.000000 -0.476006 99.338786 0.202714 19.953850 -0.026639 
441 7.421726 0.000000 -1.124242 98.841514 0.028096 10.578892 0.011844 
442 8.103968 0.000000 -0.476006 94.075460 0.268672 30.536739 0.021724 
443 7.421726 0.000000 0.172230 -1.979644 0.997564 -0.632669 0.999469 
444 6.398363 0.000000 -0.800124 96.317825 0.017812 26.983829 -0.000525 
445 6.057242 0.000000 -0.800124 100.774565 -0.011948 27.756021 -0.092591 
446 6.398363 0.000000 -1.124242 98.915517 -0.225665 13.785097 0.002564 
447 6.739484 0.000000 -0.800124 96.239847 0.085427 17.504422 0.043148 
448 6.398363 0.000000 -0.476006 96.142144 0.022165 26.613500 0.004841 
449 70.870242 0.000000 20.915785 99.801224 0.004684 6.372852 -0.000090 
450 92.701989 0.000000 20.915785 99.807155 0.005395 6.265215 -0.000072 
451 70.870242 0.000000 41.659340 99.770679 0.001500 6.845885 -0.000105 
452 38.122621 0.000000 10.544008 99.874272 0.013468 5.298052 -0.000294 
453 49.038495 0.000000 10.544008 99.890218 0.013824 5.097140 -0.000404 
454 38.122621 0.000000 20.915785 99.808345 0.003661 6.487940 -0.000380 
455 21.748810 0.000000 5.358119 99.922005 0.061888 3.924747 0.000019 
456 27.206747 0.000000 5.358119 99.964253 0.031830 3.769534 -0.000706 
457 21.748810 0.000000 10.544008 99.881602 0.025420 5.506744 -0.000666 
458 13.561905 0.000000 2.765175 99.578840 -0.026543 2.398560 0.007830 
459 16.290874 0.000000 2.765175 99.821055 0.040749 2.637103 0.002880 
460 13.561905 0.000000 5.358119 99.940418 -0.017677 3.750198 -0.000215 
461 9.468453 0.000000 1.468702 99.193324 -0.091505 -1.746476 0.015763 
462 10.832937 0.000000 1.468702 98.004241 0.125803 -2.543102 0.038869 
463 9.468453 0.000000 2.765175 100.017158 0.172371 0.633613 -0.000386 
464 7.421726 0.000000 0.820466 100.923616 0.564982 -2.005289 -0.018992 
465 8.103968 0.000000 0.820466 101.264457 0.085818 -2.916923 -0.026301 
466 7.421726 0.000000 1.468702 99.854307 -0.630835 -3.604821 0.001572 
467 6.398363 0.000000 1.144584 97.352865 -4.287680 -0.841852 0.050333 
468 6.398363 0.000000 0.820466 98.351578 -3.493459 -0.781479 0.031415 
469 6.739484 0.000000 1.144584 99.395842 -2.663015 -0.718352 0.011286 
470 6.398363 0.000000 1.468702 100.541053 -0.319542 -2.782036 -0.011635 
471 7.421726 0.000000 -1.772478 98.694386 -0.046775 7.427909 0.020424 
472 7.421726 0.000000 -2.420714 98.886202 -0.024031 6.215596 0.018288 
473 8.103968 0.000000 -1.772478 98.139167 0.192490 6.774923 0.032277 
474 7.080605 0.000000 -0.800124 97.720669 0.121625 10.289304 0.034479 
475 7.080605 0.000000 -1.124242 98.501249 -0.032719 10.511677 0.018701 
476 7.421726 0.000000 -0.800124 100.563844 0.236092 13.755894 -0.030237 
477 7.080605 0.000000 -0.476006 99.629231 0.186999 12.254622 -0.007619 
478 7.421726 0.000000 2.116938 100.889914 -0.043155 -1.557854 -0.018120 
479 8.103968 0.000000 2.116938 100.292542 0.132033 -1.311719 -0.006033 
480 7.421726 0.000000 2.765175 101.222498 0.015808 0.185257 -0.024603 
481 7.080605 0.000000 1.144584 99.713048 -2.594492 -0.681859 0.005011 
482 7.080605 0.000000 0.820466 100.147193 -2.396912 -0.896728 -0.003601 
483 7.421726 0.000000 1.144584 100.115901 0.726494 -1.656471 -0.002647 
484 7.080605 0.000000 1.468702 100.749960 -0.720498 -3.898508 -0.016627 
485 8.786211 0.000000 -0.476006 91.525184 0.593279 26.852275 0.090174 
486 8.786211 0.000000 -1.124242 96.831373 0.217793 7.371067 0.056931 
487 9.468453 0.000000 -0.476006 97.228966 0.401816 9.154092 0.046257 
488 8.786211 0.000000 0.172230 95.090172 0.663915 18.550460 0.061330 
489 7.762847 0.000000 -0.151888 95.402402 0.222299 29.512192 0.002736 
490 7.421726 0.000000 -0.151888 98.601994 0.200374 20.928649 -0.016040 
491 7.762847 0.000000 -0.476006 95.978185 0.198658 28.945981 -0.004972 
492 8.103968 0.000000 -0.151888 94.441343 0.265355 28.424385 0.027282 
493 7.762847 0.000000 0.172230 -0.173868 0.858309 0.361658 0.999910 
494 8.786211 0.000000 0.820466 100.246134 1.051238 -2.391310 -0.005611 
495 9.468453 0.000000 0.820466 100.437394 1.565959 8.260998 -0.015837 
496 8.786211 0.000000 1.468702 99.277522 -0.098821 -2.826561 0.013597 
497 7.762847 0.000000 1.144584 100.500985 4.893316 -2.347132 -0.012990 
498 7.762847 0.000000 0.820466 101.505917 2.853733 -3.028515 -0.032077 
499 8.103968 0.000000 1.144584 102.563585 -0.195254 -4.126113 -0.053635 
500 7.762847 0.000000 1.468702 99.649840 -0.508127 -3.178364 0.005955 
501 8.445089 0.000000 -0.151888 93.216243 0.441431 26.794703 0.059258 
502 8.445089 0.000000 -0.476006 92.743487 0.488823 27.730294 0.062944 
503 8.786211 0.000000 -0.151888 94.285880 0.667298 19.504940 0.072928 
504 8.445089 0.000000 0.172230 92.762141 0.550192 26.522573 0.069144 
505 8.445089 0.000000 0.496348 102.120084 0.798788 -3.926024 -0.044456 
506 8.103968 0.000000 0.496348 102.563001 -0.195316 -4.125565 -0.053623 
507 8.786211 0.000000 0.496348 99.372093 1.288784 -1.687129 0.012068 
508 8.445089 0.000000 0.820466 101.916641 0.406999 -4.081299 -0.040382 
509 12.197421 0.000000 1.468702 98.798817 0.109819 0.241608 0.023872 
510 12.197421 0.000000 0.172230 98.195683 1.752232 1.780594 0.035137 
511 13.561905 0.000000 1.468702 99.443660 -0.079239 0.570549 0.011063 
512 12.197421 0.000000 2.765175 99.506184 0.178760 1.895116 0.009490 
513 10.150695 0.000000 0.820466 109.310314 -0.529463 -10.123473 -0.205151 
514 10.150695 0.000000 0.172230 86.671482 3.210131 36.382694 0.115405 
515 10.832937 0.000000 0.820466 76.331537 -1.311657 -9.092098 0.408911 
516 10.150695 0.000000 1.468702 100.094506 0.059209 -2.138462 -0.002349 
517 9.468453 0.000000 4.061647 100.347062 0.237684 2.286127 -0.007482 
518 10.832937 0.000000 4.061647 99.952863 0.173210 2.441169 0.000344 
519 9.468453 0.000000 5.358119 100.674399 0.173110 3.328359 -0.014644 
520 10.150695 0.000000 2.116938 99.517397 0.236459 -0.196386 0.009619 
521 9.468453 0.000000 2.116938 99.827567 0.229719 -0.563287 0.003409 
522 10.832937 0.000000 2.116938 99.102902 0.385273 0.113145 0.017845 
523 10.150695 0.000000 2.765175 99.748326 0.267729 0.977251 0.004924 
524 9.809574 0.000000 1.144584 103.001378 0.568949 11.643590 -0.074518 
525 9.468453 0.000000 1.144584 99.811146 1.252813 14.772958 -0.018207 
526 9.809574 0.000000 0.820466 104.990197 0.271796 7.361893 -0.107721 
527 10.150695 0.000000 1.144584 107.490209 -0.198015 7.520737 -0.161075 
528 9.809574 0.000000 1.468702 99.796875 -0.072657 -1.414039 0.003858 
529 12.197421 0.000000 -1.124242 98.614750 0.122073 3.458038 0.026316 
530 12.197421 0.000000 -2.420714 98.958084 0.062558 4.192347 0.018972 
531 13.561905 0.000000 -1.124242 99.224523 0.150923 3.166347 0.014445 
532 10.150695 0.000000 -0.476006 95.874907 0.455655 8.042248 0.074312 
533 10.150695 0.000000 -1.124242 97.521819 0.215281 5.456908 0.045967 
534 10.832937 0.000000 -0.476006 96.164027 0.472151 4.864044 0.072860 
535 11.515179 0.000000 0.820466 96.812799 -2.249238 -1.288907 0.062056 
536 11.515179 0.000000 0.172230 96.470255 2.142410 2.359915 0.068333 
537 12.197421 0.000000 0.820466 98.375501 -2.582619 -0.786696 0.031497 
538 11.515179 0.000000 1.468702 98.089913 0.232904 -0.464460 0.037810 
539 10.491816 0.000000 0.496348 74.892533 -2.168936 29.959201 0.348885 
540 10.150695 0.000000 0.496348 86.760553 0.022651 24.015766 0.189585 
541 10.491816 0.000000 0.172230 73.196526 -3.235414 47.137598 0.240985 
542 10.832937 0.000000 0.496348 58.064591 -2.720526 44.770397 0.461671 
543 10.491816 0.000000 0.820466 86.206786 -1.242757 -7.256342 0.251419 
544 10.491816 0.000000 1.144584 113.914355 -0.909272 -10.673574 -0.309123 
545 10.832937 0.000000 1.144584 95.889596 -0.518883 -5.914590 0.076993 
546 10.491816 0.000000 1.468702 99.170957 0.037663 -3.044311 0.015585 
547 11.515179 0.000000 -0.476006 97.399651 0.477018 3.203477 0.050282 
548 11.515179 0.000000 -1.124242 98.132529 0.313537 3.836187 0.035519 
549 12.197421 0.000000 -0.476006 98.361076 0.338290 2.790199 0.031720 
550 11.174058 0.000000 0.496348 93.820269 -3.960994 6.840616 0.113527 
551 11.174058 0.000000 0.172230 94.658179 2.236022 3.302996 0.102392 
552 11.515179 0.000000 0.496348 96.305246 -4.531187 8.752895 0.062815 
553 11.174058 0.000000 0.820466 94.549838 -2.095934 -2.127380 0.105141 
554 10.662376 0.000000 0.658407 71.047323 -1.745827 11.748708 0.481120 
555 10.491816 0.000000 0.658407 82.629035 -1.427805 1.553940 0.316799 
556 10.662376 0.000000 0.496348 66.739312 -2.259154 33.413475 0.442430 
557 10.832937 0.000000 0.658407 67.900964 -1.563027 12.365776 0.523410 
558 10.662376 0.000000 0.820466 79.879635 -1.204333 -18.009457 0.329345 
559 4.692758 0.000000 2.116938 104.905066 -0.180557 1.417953 -0.100712 
560 4.692758 0.000000 2.765175 104.596598 -0.080459 2.469570 -0.094655 
561 5.033879 0.000000 1.144584 100.837769 -0.314276 -0.121408 -0.016837 
562 4.692758 0.000000 1.144584 102.883503 -0.274784 -0.175140 -0.058512 
563 5.033879 0.000000 0.820466 100.909914 -0.310814 -0.136160 -0.018293 
564 5.033879 0.000000 1.468702 101.050537 -0.242521 0.000000 -0.021127 
565 5.033879 0.000000 0.496348 8.345521 0.120988 3.977761 0.991452 
566 4.692758 0.000000 0.496348 101.050537 -0.242521 0.000000 -0.021127 
567 5.033879 0.000000 0.172230 3.728056 0.075962 1.578773 0.998360 
568 5.375000 0.000000 0.496348 4.201725 0.269763 1.823069 0.997895 
569 5.204439 0.000000 0.982525 98.297729 -0.393790 -4.198440 0.031977 
570 5.033879 0.000000 0.982525 100.772160 -0.317514 -0.108233 -0.015514 
571 5.204439 0.000000 0.820466 96.628831 -0.401223 -7.842461 0.060120 
572 5.375000 0.000000 0.982525 70.019129 -0.573436 -34.896153 0.387925 
573 5.204439 0.000000 1.144584 97.584222 -0.383870 -6.425990 0.043588 
574 5.716121 0.000000 0.496348 -0.429333 1.211398 -0.665961 0.999790 
575 5.716121 0.000000 0.172230 -2.771299 0.522825 -0.149355 0.999202 
576 6.057242 0.000000 0.496348 -3.532047 1.652901 -1.493415 0.998256 
577 5.545561 0.000000 0.982525 51.948645 -0.620942 -25.737040 0.663856 
578 5.545561 0.000000 0.820466 54.094498 -0.620919 -20.410626 0.665681 
579 5.716121 0.000000 0.982525 81.384454 -1.010368 -0.429236 0.337537 
580 5.545561 0.000000 1.144584 65.242197 -0.557360 -35.536150 0.448033 
581 5.545561 0.000000 0.658407 60.861398 -0.714080 -9.662433 0.620202 
582 5.375000 0.000000 0.658407 7.531157 0.273764 2.836208 0.993516 
583 5.545561 0.000000 0.496348 1.843417 0.679692 0.769183 0.999555 
584 5.716121 0.000000 0.658407 81.642448 -1.021120 -0.434562 0.333328 
585 5.460280 0.000000 0.901496 32.121046 -0.572844 -35.872532 0.768107 
586 5.375000 0.000000 0.901496 55.897343 -0.557807 -31.173983 0.590336 
587 5.460280 0.000000 0.820466 51.162285 -0.599519 -24.305758 0.679129 
588 5.545561 0.000000 0.901496 50.531363 -0.614993 -23.744145 0.688242 
589 5.460280 0.000000 0.982525 58.852577 -0.603041 -32.320975 0.549137 
590 7.080605 0.000000 0.496348 -4.632888 4.278286 -4.444541 0.994048 
591 6.739484 0.000000 0.496348 -6.612860 2.682941 -3.582991 0.993623 
592 7.080605 0.000000 0.172230 -4.769454 0.907108 -1.516861 0.997413 
593 7.421726 0.000000 0.496348 99.801534 -2.675131 -1.092644 0.003130 
594 7.762847 0.000000 0.496348 100.500985 4.893316 -2.347132 -0.012990 
595 8.786211 0.000000 2.116938 99.970092 0.199549 -1.128935 0.000467 
596 8.786211 0.000000 2.765175 100.407286 0.191040 0.130518 -0.008168 
597 8.445089 0.000000 1.144584 102.131546 0.796317 -3.936960 -0.044699 
598 8.786211 0.000000 1.144584 100.478763 1.152599 -2.360158 -0.010288 
599 8.445089 0.000000 1.468702 99.511857 -0.157952 -2.911442 0.008889 
600 7.933408 0.000000 0.982525 101.813995 1.878303 -3.289196 -0.038044 
601 7.762847 0.000000 0.982525 101.440585 2.881922 -2.871090 -0.030674 
602 7.933408 0.000000 0.820466 101.676248 1.872736 -3.191471 -0.035175 
603 8.103968 0.000000 0.982525 102.340184 -0.219216 -3.915985 -0.048890 
604 7.933408 0.000000 1.144584 100.797608 2.186915 -2.543066 -0.017141 
605 9.127332 0.000000 0.496348 98.392205 1.409367 -1.091204 0.031580 
606 9.127332 0.000000 0.172230 98.337321 0.846394 13.631044 0.014325 
607 9.468453 0.000000 0.496348 97.070312 2.610775 7.507633 0.051417 
608 9.127332 0.000000 0.820466 98.742004 1.816992 2.447842 0.024072 
609 8.615650 0.000000 0.658407 102.078408 0.641756 -4.846783 -0.044390 
610 8.445089 0.000000 0.658407 101.945266 0.391705 -4.324925 -0.041170 
611 8.615650 0.000000 0.496348 102.113685 0.800167 -3.919920 -0.044321 
612 8.786211 0.000000 0.658407 100.439445 1.001642 -2.546645 -0.009557 
613 8.615650 0.000000 0.820466 101.073537 0.916063 -3.501270 -0.022896 
614 9.809574 0.000000 0.496348 93.640996 1.953550 19.010982 0.086613 
615 9.809574 0.000000 0.172230 91.032713 1.945656 35.056114 0.048033 
616 9.127332 0.000000 1.144584 98.682013 -0.187689 -2.602924 0.025505 
617 9.127332 0.000000 1.468702 99.119817 -0.123163 -2.431224 0.016934 
618 9.297892 0.000000 0.658407 100.426759 1.964060 3.307777 -0.010033 
619 9.127332 0.000000 0.658407 98.957056 1.772325 2.268515 0.019921 
620 9.297892 0.000000 0.496348 97.070312 2.610775 7.507633 0.051417 
621 9.468453 0.000000 0.658407 100.460885 1.679395 8.514713 -0.016771 
622 9.297892 0.000000 0.820466 98.146145 2.318509 5.511994 0.033158 
623 9.980134 0.000000 0.982525 106.971686 -0.052002 5.428025 -0.147241 
624 9.809574 0.000000 0.982525 105.233785 0.229390 7.041691 -0.112379 
625 9.980134 0.000000 0.820466 106.363196 0.065893 4.159564 -0.133044 
626 10.150695 0.000000 0.982525 110.378786 -0.524361 -2.906870 -0.219220 
627 9.980134 0.000000 1.144584 107.476425 -0.196373 7.548922 -0.160821 
628 9.639013 0.000000 0.982525 103.513987 0.495763 7.912646 -0.077800 
629 9.468453 0.000000 0.982525 99.852794 1.722327 9.565020 -0.006504 
630 9.639013 0.000000 0.820466 101.287762 1.091115 9.877927 -0.035797 
631 9.639013 0.000000 1.144584 102.131980 0.755288 11.645909 -0.056714 
632 9.980134 0.000000 0.658407 101.812254 0.732419 5.344532 -0.039484 
633 9.809574 0.000000 0.658407 105.063562 0.161291 2.822810 -0.104635 
634 9.980134 0.000000 0.496348 93.174490 2.015699 18.283515 0.098016 
635 10.150695 0.000000 0.658407 94.889564 -0.260941 10.676271 0.088192 
636 9.894854 0.000000 0.901496 105.410642 0.220495 6.187479 -0.114974 
637 9.809574 0.000000 0.901496 104.878119 0.289360 7.726858 -0.105921 
638 9.894854 0.000000 0.820466 105.854037 0.138311 4.570947 -0.122599 
639 9.980134 0.000000 0.901496 106.215141 0.069311 5.372615 -0.131053 
640 9.894854 0.000000 0.982525 105.328944 0.226327 7.896884 -0.115660 
641 9.639013 0.000000 0.658407 104.093223 0.448415 2.558616 -0.084215 
642 9.639013 0.000000 0.496348 100.841004 0.629806 6.868791 -0.021649 
643 9.724293 0.000000 0.901496 103.707074 0.481822 9.069006 -0.083764 
644 9.639013 0.000000 0.901496 102.162836 0.835571 9.459468 -0.052742 
645 9.724293 0.000000 0.820466 103.627003 0.497082 9.109961 -0.082179 
646 9.724293 0.000000 0.982525 104.651759 0.297715 7.760892 -0.101231 
647 9.894854 0.000000 0.739437 107.033172 -0.117636 -1.385332 -0.145803 
648 9.809574 0.000000 0.739437 106.290991 0.059697 4.199921 -0.131542 
649 9.894854 0.000000 0.658407 104.778806 0.066035 0.802900 -0.097925 
650 9.980134 0.000000 0.739437 107.225665 -0.138900 -1.669229 -0.150015 
651 9.852214 0.000000 0.860981 105.017811 0.264079 7.705260 -0.108818 
652 9.809574 0.000000 0.860981 104.861525 0.292792 7.701604 -0.105534 
653 9.852214 0.000000 0.820466 105.577918 0.183999 4.991943 -0.117165 
654 9.894854 0.000000 0.860981 105.670995 0.165662 5.214453 -0.119358 
655 9.852214 0.000000 0.901496 105.012543 0.264324 7.770110 -0.108808 
656 7.251166 0.000000 0.658407 100.468832 -2.292310 -1.182718 -0.010064 
657 7.080605 0.000000 0.658407 99.713663 -2.595052 -0.684713 0.004998 
658 7.251166 0.000000 0.496348 99.801534 -2.675131 -1.092644 0.003130 
659 7.421726 0.000000 0.658407 100.123289 0.806435 -1.669722 -0.002811 
660 7.251166 0.000000 0.820466 100.106936 -1.974031 -1.164528 -0.002665 
661 7.592287 0.000000 0.658407 101.062783 2.048099 -2.373391 -0.022351 
662 7.592287 0.000000 0.496348 100.500985 4.893316 -2.347132 -0.012990 
663 7.762847 0.000000 0.658407 101.457150 2.830694 -2.880559 -0.030986 
664 7.592287 0.000000 0.820466 100.930756 2.419981 -2.334586 -0.019832 
665 7.251166 0.000000 0.982525 100.425450 -2.315439 -1.171523 -0.009200 
666 7.080605 0.000000 0.982525 99.712804 -2.594270 -0.680726 0.005016 
667 7.421726 0.000000 0.982525 101.061614 0.689753 -2.084775 -0.021827 
668 7.251166 0.000000 1.144584 99.801534 -2.675131 -1.092644 0.003130 
669 7.336446 0.000000 0.739437 100.351435 -0.818819 -1.429548 -0.007312 
670 7.251166 0.000000 0.739437 100.249669 -1.656242 -1.200624 -0.005418 
671 7.336446 0.000000 0.658407 100.613819 -0.105411 -1.677843 -0.012597 
672 7.421726 0.000000 0.739437 100.998936 0.649336 -2.051079 -0.020541 
673 7.336446 0.000000 0.820466 100.236702 -1.181687 -1.362565 -0.005065 
674 7.080605 0.000000 -0.151888 100.563844 0.236092 13.755894 -0.030237 
675 6.739484 0.000000 -0.151888 -6.919283 0.247259 -0.703820 0.995157 
676 7.251166 0.000000 0.334289 -2.739623 1.895211 -2.426220 0.998302 
677 7.080605 0.000000 0.334289 -4.507091 1.779620 -2.750446 0.996895 
678 7.251166 0.000000 0.172230 -3.418419 0.988248 -1.192726 0.998592 
679 7.421726 0.000000 0.334289 -1.028942 1.724804 -1.408336 0.999398 
680 7.336446 0.000000 0.577378 99.801534 -2.675131 -1.092644 0.003130 
681 7.251166 0.000000 0.577378 99.801534 -2.675131 -1.092644 0.003130 
682 7.336446 0.000000 0.496348 99.801534 -2.675131 -1.092644 0.003130 
683 7.421726 0.000000 0.577378 100.112567 0.690412 -1.650490 -0.002573 
684 7.592287 0.000000 0.982525 101.034539 2.065185 -2.358220 -0.021780 
685 7.592287 0.000000 1.144584 100.500985 4.893316 -2.347132 -0.012990 
686 7.507007 0.000000 0.739437 100.878811 1.669764 -2.220731 -0.018425 
687 7.507007 0.000000 0.658407 100.960253 1.690237 -2.272146 -0.020099 
688 7.592287 0.000000 0.739437 100.989786 2.228766 -2.349192 -0.020942 
689 7.507007 0.000000 0.820466 101.016620 1.158889 -2.139148 -0.021028 
690 7.379086 0.000000 0.698922 100.570610 -0.012682 -1.678866 -0.011727 
691 7.336446 0.000000 0.698922 100.569028 -0.214914 -1.650086 -0.011690 
692 7.379086 0.000000 0.658407 100.607348 0.051303 -1.698013 -0.012472 
693 7.421726 0.000000 0.698922 101.053375 0.700756 -2.083136 -0.021662 
694 7.379086 0.000000 0.739437 100.527831 -0.101696 -1.654538 -0.010859 
695 7.592287 0.000000 0.334289 0.151995 1.294313 -0.628602 0.999791 
696 7.592287 0.000000 0.172230 -0.883907 0.851559 -0.437036 0.999830 
697 7.762847 0.000000 0.334289 0.664213 1.100863 0.727327 0.999782 
698 7.507007 0.000000 0.577378 101.570265 2.076831 -2.682893 -0.032803 
699 7.507007 0.000000 0.496348 100.500985 4.893316 -2.347132 -0.012990 
700 7.592287 0.000000 0.577378 102.172679 3.853560 -3.241921 -0.046462 
701 7.379086 0.000000 0.617892 100.113348 0.698863 -1.651891 -0.002590 
702 7.336446 0.000000 0.617892 100.099881 0.553147 -1.627739 -0.002294 
703 7.379086 0.000000 0.577378 100.087985 0.424429 -1.606403 -0.002037 
704 7.421726 0.000000 0.617892 100.128464 0.862430 -1.679003 -0.002927 
705 7.464366 0.000000 0.698922 100.863705 1.462337 -2.188803 -0.018042 
706 7.464366 0.000000 0.658407 100.910077 1.508252 -2.221845 -0.019006 
707 7.507007 0.000000 0.698922 100.919297 1.680011 -2.246298 -0.019257 
708 7.464366 0.000000 0.739437 101.035373 0.897932 -2.107268 -0.021339 
709 7.400406 0.000000 0.678665 100.588638 0.118408 -1.702233 -0.012099 
710 7.379086 0.000000 0.678665 100.589807 0.022129 -1.689064 -0.012116 
711 7.400406 0.000000 0.658407 100.604830 0.137240 -1.709359 -0.012427 
712 7.421726 0.000000 0.678665 101.080341 0.724138 -2.098830 -0.022216 
713 7.400406 0.000000 0.698922 101.039244 0.594932 -2.059485 -0.021352 
714 10.491816 0.000000 -0.151888 93.282240 0.920793 8.280143 0.122902 
715 10.150695 0.000000 -0.151888 93.138666 0.828531 12.689571 0.116348 
716 10.491816 0.000000 -0.476006 95.750422 0.528368 6.388613 0.079076 
717 10.832937 0.000000 -0.151888 94.500409 0.828482 5.159821 0.104236 
718 10.321255 0.000000 0.334289 81.388083 -0.435272 33.773768 0.223512 
719 10.150695 0.000000 0.334289 82.793910 0.404071 37.386782 0.174723 
720 10.321255 0.000000 0.172230 79.046271 0.006482 44.858895 0.173937 
721 10.491816 0.000000 0.334289 75.312968 -2.843513 40.511673 0.267868 
722 10.321255 0.000000 0.496348 80.504802 -1.443321 32.682937 0.244872 
723 9.809574 0.000000 -0.151888 94.334092 1.410332 34.238048 -0.007315 
724 9.468453 0.000000 -0.151888 97.455827 1.137172 22.826606 -0.001999 
725 9.809574 0.000000 -0.476006 96.634384 0.448865 9.322872 0.057468 
726 9.980134 0.000000 0.334289 88.588212 2.518459 32.343419 0.109969 
727 9.809574 0.000000 0.334289 93.490391 2.107896 26.966424 0.052792 
728 9.980134 0.000000 0.172230 88.616854 2.344620 37.652434 0.072385 
729 10.321255 0.000000 0.658407 94.044356 -1.434693 5.941263 0.111830 
730 10.321255 0.000000 0.820466 102.188875 -1.025266 -2.682115 -0.045081 
731 10.235975 0.000000 0.415319 81.640436 -0.422937 36.574692 0.199695 
732 10.150695 0.000000 0.415319 83.916367 0.068521 33.844200 0.181261 
733 10.235975 0.000000 0.334289 81.626817 -0.115441 38.389907 0.186326 
734 10.321255 0.000000 0.415319 80.086395 -1.008494 35.163415 0.234869 
735 10.235975 0.000000 0.496348 86.182634 -0.517361 22.644146 0.205953 
736 19.019842 0.000000 2.765175 99.953251 0.094451 2.504643 0.000307 
737 19.019842 0.000000 0.172230 99.890057 0.352947 2.414886 0.001602 
738 21.748810 0.000000 2.765175 99.993683 0.125050 2.506812 -0.000504 
739 19.019842 0.000000 5.358119 99.897608 0.059431 3.982651 0.000460 
740 14.926389 0.000000 1.468702 99.744855 -0.449682 0.658055 0.005033 
741 14.926389 0.000000 0.172230 99.572016 0.619548 2.080915 0.008070 
742 16.290874 0.000000 1.468702 99.903516 -0.668917 0.507832 0.001858 
743 14.926389 0.000000 2.765175 99.753841 -0.030058 2.503844 0.004290 
744 12.879663 0.000000 0.820466 98.926852 -2.948366 -0.185932 0.020475 
745 12.879663 0.000000 0.172230 98.905165 1.367435 1.846172 0.021249 
746 13.561905 0.000000 0.820466 99.199451 -3.381578 0.488138 0.014780 
747 12.879663 0.000000 1.468702 99.186430 -0.013050 0.585716 0.016171 
748 11.856300 0.000000 0.496348 97.049108 -5.138098 12.718005 0.039332 
749 11.856300 0.000000 0.172230 97.540811 2.026340 2.016219 0.047762 
750 12.197421 0.000000 0.496348 97.293508 -0.455090 14.435569 0.032538 
751 11.856300 0.000000 0.820466 97.840897 -2.396860 -0.923129 0.042056 
752 19.019842 0.000000 -2.420714 99.739258 -0.081728 4.111465 0.003517 
753 19.019842 0.000000 -5.013659 99.730240 -0.116061 5.247222 0.002633 
754 21.748810 0.000000 -2.420714 99.844676 0.013639 4.308936 0.001247 
755 14.926389 0.000000 -1.124242 99.498071 -0.132052 3.242953 0.008960 
756 14.926389 0.000000 -2.420714 99.487270 -0.197412 4.055439 0.008580 
757 16.290874 0.000000 -1.124242 99.663157 -0.065936 3.396317 0.005572 
758 12.879663 0.000000 -0.476006 98.901607 0.287660 2.630552 0.021147 
759 12.879663 0.000000 -1.124242 98.958262 0.131628 3.218152 0.019689 
760 13.561905 0.000000 -0.476006 99.174873 0.355525 2.549201 0.015772 
761 12.538542 0.000000 0.496348 97.862371 4.246414 12.285205 0.025400 
762 12.538542 0.000000 0.172230 98.619799 1.543959 1.797999 0.026852 
763 12.879663 0.000000 0.496348 98.406698 5.943417 8.710776 0.020492 
764 12.538542 0.000000 0.820466 98.700047 -2.781362 -0.505050 0.025031 
765 13.561905 0.000000 7.951063 100.024952 0.176802 4.848175 -0.002853 
766 16.290874 0.000000 7.951063 99.996846 0.092535 4.805318 -0.002247 
767 13.561905 0.000000 10.544008 100.090613 0.126668 5.538339 -0.004882 
768 12.197421 0.000000 4.061647 99.904897 0.151011 2.780335 0.001126 
769 13.561905 0.000000 4.061647 99.808439 -0.038282 3.090322 0.002872 
770 12.197421 0.000000 5.358119 100.003272 -0.001515 3.650899 -0.001398 
771 11.515179 0.000000 2.116938 98.999871 0.302164 0.806052 0.019828 
772 12.197421 0.000000 2.116938 99.188107 0.183805 1.338569 0.015989 
773 11.515179 0.000000 2.765175 99.483960 0.266856 1.559611 0.010044 
774 11.856300 0.000000 1.144584 98.122737 -0.387183 -0.955285 0.037087 
775 11.515179 0.000000 1.144584 97.417921 -0.333241 -1.535331 0.050728 
776 12.197421 0.000000 1.144584 98.598397 -0.529116 -0.805466 0.027743 
777 11.856300 0.000000 1.468702 98.462432 0.131091 0.090753 0.030512 
778 12.026861 0.000000 0.658407 98.012835 -5.043110 0.733140 0.036751 
779 11.856300 0.000000 0.658407 97.772210 -4.708149 0.598114 0.041807 
780 12.026861 0.000000 0.496348 97.295866 -3.916980 14.918145 0.029562 
781 12.197421 0.000000 0.658407 98.227402 -5.283593 0.875718 0.032269 
782 12.026861 0.000000 0.820466 98.142236 -2.535303 -0.815901 0.036101 
783 11.856300 0.000000 -0.151888 97.725334 0.804055 2.444999 0.044313 
784 11.515179 0.000000 -0.151888 96.973830 0.886995 2.762236 0.058766 
785 11.856300 0.000000 -0.476006 97.926878 0.426147 2.919138 0.040162 
786 12.197421 0.000000 -0.151888 98.261909 0.646213 2.258966 0.033908 
787 12.026861 0.000000 0.334289 97.824680 4.069221 2.733729 0.040630 
788 11.856300 0.000000 0.334289 97.369002 4.445069 3.087650 0.048999 
789 12.026861 0.000000 0.172230 97.907533 1.872314 1.911258 0.040696 
790 12.197421 0.000000 0.334289 98.137837 3.768367 2.410370 0.034895 
791 12.879663 0.000000 2.116938 99.371665 0.174049 1.666118 0.012247 
792 13.561905 0.000000 2.116938 99.555440 0.074237 1.681716 0.008588 
793 12.879663 0.000000 2.765175 99.573351 0.244809 2.121183 0.008059 
794 12.538542 0.000000 1.144584 98.891769 -0.710050 -0.638077 0.021951 
795 12.879663 0.000000 1.144584 99.112392 -0.856742 -0.485699 0.017576 
796 12.538542 0.000000 1.468702 99.007016 0.042392 0.447036 0.019741 
797 12.367982 0.000000 0.658407 98.400629 -5.633990 1.122966 0.028431 
798 12.367982 0.000000 0.496348 97.568860 2.190635 13.764467 0.028606 
799 12.538542 0.000000 0.658407 98.540821 -5.899362 1.454103 0.025279 
800 12.367982 0.000000 0.820466 98.557609 -2.684163 -0.675385 0.027874 
801 12.112141 0.000000 0.577378 97.897551 -7.636468 4.335513 0.033896 
802 12.026861 0.000000 0.577378 98.007837 -7.611247 3.780852 0.032224 
803 12.112141 0.000000 0.496348 97.183043 -1.854989 14.512071 0.034141 
804 12.197421 0.000000 0.577378 97.969941 -7.795046 4.784031 0.031824 
805 12.112141 0.000000 0.658407 98.133509 -5.168579 0.802286 0.034246 
806 12.538542 0.000000 -0.151888 98.624544 0.602200 2.215491 0.026793 
807 12.538542 0.000000 -0.476006 98.665782 0.312776 2.631932 0.025804 
808 12.879663 0.000000 -0.151888 98.890365 0.549832 2.247688 0.021534 
809 12.367982 0.000000 0.334289 98.391470 3.459104 2.312498 0.030181 
810 12.367982 0.000000 0.172230 98.434431 1.631414 1.806656 0.030474 
811 12.538542 0.000000 0.334289 98.589222 3.206870 2.181119 0.026512 
812 12.112141 0.000000 0.415319 97.777952 6.146008 5.931676 0.036651 
813 12.026861 0.000000 0.415319 97.436698 6.698526 6.581446 0.041790 
814 12.112141 0.000000 0.334289 97.992301 3.939867 2.614398 0.037515 
815 12.197421 0.000000 0.415319 97.933424 5.953836 5.310705 0.034539 
816 12.282701 0.000000 0.577378 98.037392 -7.979115 5.311394 0.029679 
817 12.282701 0.000000 0.496348 97.430554 0.943195 14.235090 0.030376 
818 12.367982 0.000000 0.577378 98.093664 -8.135462 5.925509 0.027634 
819 12.282701 0.000000 0.658407 98.318445 -5.453815 0.981948 0.030277 
820 12.154781 0.000000 0.536863 97.586791 -7.664629 9.540246 0.032706 
821 12.112141 0.000000 0.536863 97.566687 -7.829682 9.113494 0.033638 
822 12.154781 0.000000 0.496348 97.243302 -1.123683 14.479041 0.033283 
823 12.197421 0.000000 0.536863 97.612104 -7.492904 10.005164 0.031563 
824 12.154781 0.000000 0.577378 97.940585 -7.722759 4.577981 0.032704 
825 -60.120242 0.000000 -62.058434 99.750097 -0.000136 6.976300 0.000125 
826 -81.951989 0.000000 -62.058434 99.752652 -0.000092 6.976940 0.000073 
827 -60.120242 0.000000 -82.801989 99.751215 -0.000122 6.975175 0.000104 
828 70.870242 0.000000 -62.058434 99.752451 -0.000436 6.938291 0.000131 
829 70.870242 0.000000 -82.801989 99.752460 -0.000329 6.954527 0.000108 
830 92.701989 0.000000 -62.058434 99.754901 -0.000439 6.939248 0.000081 
831 -60.120242 0.000000 62.402895 99.763459 0.000085 6.976495 -0.000142 
832 -81.951989 0.000000 62.402895 99.760559 0.000053 6.977068 -0.000085 
833 -60.120242 0.000000 83.146450 99.762305 0.000101 6.975169 -0.000117 
834 -27.372621 0.000000 -30.943102 99.729992 -0.000419 6.976932 0.000525 
835 -38.288495 0.000000 -30.943102 99.740471 -0.000289 6.980223 0.000311 
836 -27.372621 0.000000 -41.314880 99.735162 -0.000344 6.972794 0.000428 
837 70.870242 0.000000 62.402895 99.765660 0.000827 6.922279 -0.000110 
838 92.701989 0.000000 62.402895 99.763506 0.000880 6.919141 -0.000063 
839 70.870242 0.000000 83.146450 99.763248 0.000549 6.947487 -0.000097 
840 38.122621 0.000000 -30.943102 99.741127 -0.000847 6.835022 0.000499 
841 38.122621 0.000000 -41.314880 99.741349 -0.000652 6.894595 0.000413 
842 49.038495 0.000000 -30.943102 99.750238 -0.000790 6.838092 0.000313 
843 -27.372621 0.000000 31.287562 99.785569 0.000067 6.979730 -0.000588 
844 -38.288495 0.000000 31.287562 99.773371 0.000033 6.981923 -0.000347 
845 -27.372621 0.000000 41.659340 99.780786 0.000152 6.973919 -0.000484 
846 -10.998810 0.000000 -15.385436 99.636910 -0.040139 6.955462 0.002411 
847 -16.456747 0.000000 -15.385436 99.698485 0.000660 6.961145 0.001175 
848 -10.998810 0.000000 -20.571325 99.691097 0.001328 6.934122 0.001360 
849 38.122621 0.000000 31.287562 99.791618 0.001938 6.764599 -0.000413 
850 49.038495 0.000000 31.287562 99.783463 0.002108 6.753371 -0.000235 
851 38.122621 0.000000 41.659340 99.782983 0.001258 6.862464 -0.000374 
852 21.748810 0.000000 -15.385436 99.718523 0.004370 6.533019 0.001354 
853 21.748810 0.000000 -20.571325 99.721202 0.006713 6.707845 0.001069 
854 27.206747 0.000000 -15.385436 99.740295 0.003096 6.529515 0.000924 
855 -10.998810 0.000000 15.729896 99.875291 -0.038140 7.002168 -0.002411 
856 -16.456747 0.000000 15.729896 99.806230 -0.005270 6.987058 -0.001010 
857 -10.998810 0.000000 20.915785 99.834685 -0.005872 6.956633 -0.001536 
858 21.748810 0.000000 15.729896 99.848219 0.007027 6.235665 -0.000855 
859 27.206747 0.000000 15.729896 99.830471 0.007627 6.203711 -0.000461 
860 21.748810 0.000000 20.915785 99.830916 0.003779 6.553718 -0.000916 
861 13.561905 0.000000 -7.606603 99.549012 -0.217101 5.874870 0.005543 
862 13.561905 0.000000 -10.199547 99.554270 -0.230540 6.204996 0.005039 
863 16.290874 0.000000 -7.606603 99.582589 -0.202562 5.779538 0.004986 
864 -2.811905 0.000000 7.951063 100.233161 0.268830 7.233680 -0.009909 
865 -5.540874 0.000000 7.951063 99.977890 0.160300 7.195724 -0.004738 
866 -2.811905 0.000000 10.544008 100.159704 0.192295 7.036047 -0.008151 
867 1.963789 0.000000 -1.772478 98.670382 0.017908 1.690837 0.026130 
868 1.963789 0.000000 -2.420714 98.301493 0.051709 3.928581 0.032138 
869 -1.447421 0.000000 4.061647 100.327307 0.203359 8.384216 -0.013590 
870 -2.811905 0.000000 4.061647 99.921694 0.129547 7.923970 -0.004715 
871 -1.447421 0.000000 5.358119 100.299994 0.068706 7.636445 -0.011841 
872 0.599305 0.000000 2.116938 100.409827 -0.018173 11.929342 -0.022444 
873 -0.082937 0.000000 2.116938 99.514676 0.016200 10.829770 -0.002045 
874 0.599305 0.000000 2.765175 101.265278 -0.442641 10.201745 -0.035893 
875 -0.765179 0.000000 2.116938 99.158752 0.030117 10.013289 0.006728 
876 -1.447421 0.000000 2.116938 99.222452 0.082556 9.179762 0.007063 
877 -0.765179 0.000000 2.765175 100.094950 -0.245189 9.483602 -0.010900 
878 0.428745 0.000000 0.010171 69.486841 -0.035009 65.417595 0.089212 
879 0.599305 0.000000 0.010171 1.078823 -0.012570 -0.985282 0.999787 
880 -0.424058 0.000000 0.496348 92.568076 0.107123 13.020518 0.126161 
881 -0.765179 0.000000 0.496348 94.550874 0.170996 10.914496 0.094098 
882 -0.424058 0.000000 0.820466 95.211200 0.037739 12.517392 0.077814 
883 -0.253497 0.000000 0.010171 81.659623 -0.014614 13.636984 0.314574 
884 -0.424058 0.000000 0.010171 87.106598 -0.014339 11.130971 0.228854 
885 -0.253497 0.000000 0.172230 85.367833 -0.013243 15.281383 0.247881 
886 -0.253497 0.000000 -0.638065 85.521152 0.040400 0.827974 0.268545 
887 -0.424058 0.000000 -0.638065 88.863173 0.024877 3.880340 0.208828 
888 -0.253497 0.000000 -0.800124 89.020267 0.043138 0.898282 0.207458 
889 0.087624 0.000000 0.334289 85.752609 -0.001055 26.636288 0.193700 
890 -0.082937 0.000000 0.334289 86.697680 -0.005965 19.853130 0.208937 
891 0.087624 0.000000 0.496348 91.058150 -0.000526 21.581618 0.124265 
892 9.468453 0.000000 -3.717186 98.828774 0.169459 5.177824 0.020603 
893 9.468453 0.000000 -5.013659 99.350080 0.094755 5.618108 0.009799 
894 10.832937 0.000000 -3.717186 99.233961 0.181978 5.182821 0.012573 
895 1.622668 0.000000 0.496348 102.134740 -0.016022 33.510797 -0.155448 
896 1.622668 0.000000 0.172230 100.329043 -0.036903 36.208021 -0.137694 
897 1.622668 0.000000 0.820466 102.515552 -0.012596 33.103591 -0.160529 
898 1.622668 0.000000 1.144584 104.555919 0.016906 29.746442 -0.181679 
899 1.281547 0.000000 1.144584 99.339607 -0.039889 20.182090 -0.027568 
900 1.622668 0.000000 1.468702 102.700331 0.007641 17.797062 -0.086409 
901 2.987153 0.000000 -0.151888 4.195833 0.064530 -1.265325 0.998079 
902 2.646032 0.000000 -0.151888 2.680061 0.006725 -1.073158 0.999167 
903 3.328274 0.000000 -0.151888 6.716444 0.106575 -0.887540 0.995409 
904 2.475471 0.000000 0.658407 95.031749 0.104540 14.908837 0.074668 
905 2.304911 0.000000 0.658407 103.616907 0.070506 20.826362 -0.117021 
906 2.475471 0.000000 0.496348 101.480908 0.126823 13.136926 -0.047097 
907 5.033879 0.000000 -0.151888 1.532335 0.031611 -0.217297 0.999760 
908 4.692758 0.000000 -0.151888 5.255724 0.013716 0.058450 0.997237 
909 5.375000 0.000000 -0.151888 -2.001062 0.042078 -0.619027 0.999561 
910 5.716121 0.000000 -0.800124 105.573802 -0.037497 18.682160 -0.149485 
911 5.716121 0.000000 -1.124242 106.226170 -0.046069 16.154432 -0.154497 
912 5.716121 0.000000 -0.476006 103.630112 -0.011958 26.213373 -0.142634 
913 6.398363 0.000000 -0.151888 -6.454678 0.120112 -1.225968 0.995682 
914 6.057242 0.000000 -0.151888 -5.715956 0.133951 -1.014290 0.996628 
915 6.398363 0.000000 0.172230 -5.972812 0.380066 -1.326656 0.996242 
916 5.716121 0.000000 -0.151888 -4.430798 0.145744 -0.760646 0.997977 
917 6.398363 0.000000 0.496348 -6.128265 1.530448 -2.552708 0.995359 
918 19.019842 0.000000 -7.606603 99.738497 -0.074009 5.862193 0.001786 
919 19.019842 0.000000 -10.199547 99.723069 -0.021179 6.183551 0.001707 
920 21.748810 0.000000 -7.606603 99.754498 -0.010573 5.829230 0.001506 
921 12.197421 0.000000 -3.717186 99.263920 0.077985 4.786888 0.012375 
922 12.197421 0.000000 -5.013659 99.274878 -0.014693 5.137385 0.011811 
923 13.561905 0.000000 -3.717186 99.380059 -0.285268 4.759931 0.010087 
924 14.926389 0.000000 -3.717186 99.508266 -0.219422 4.687545 0.007608 
925 14.926389 0.000000 -5.013659 99.579812 -0.190776 5.263385 0.005612 
926 16.290874 0.000000 -3.717186 99.630690 -0.139960 4.748611 0.005116 
927 8.786211 0.000000 -1.772478 97.985750 0.180228 6.043152 0.036224 
928 8.786211 0.000000 -2.420714 98.480508 0.191248 5.594044 0.027026 
929 9.468453 0.000000 -1.772478 98.087859 0.156682 5.454743 0.034899 
930 10.150695 0.000000 -1.772478 98.168410 0.095475 4.907448 0.033887 
931 10.150695 0.000000 -2.420714 98.517694 0.112519 4.823391 0.027099 
932 10.832937 0.000000 -1.772478 98.283787 0.216932 4.494626 0.032005 
933 7.762847 0.000000 -0.800124 96.615471 0.164207 28.191615 -0.012934 
934 7.762847 0.000000 -1.124242 98.204013 0.050543 10.696938 0.024154 
935 8.103968 0.000000 -0.800124 96.036229 0.118466 13.721619 0.058875 
936 19.019842 0.000000 7.951063 99.894048 0.100474 4.904953 -0.000289 
937 21.748810 0.000000 7.951063 99.903844 0.026884 4.846760 -0.000427 
938 19.019842 0.000000 10.544008 99.861563 0.056299 5.575929 -0.000343 
939 14.926389 0.000000 4.061647 99.788364 0.029157 3.317875 0.003127 
940 16.290874 0.000000 4.061647 99.849655 0.022969 3.340824 0.001888 
941 14.926389 0.000000 5.358119 99.867540 0.043298 3.900135 0.001126 
942 8.445089 0.000000 -0.800124 95.190373 0.275196 10.817669 0.082170 
943 8.445089 0.000000 -1.124242 96.767383 0.235677 8.468427 0.056430 
944 8.786211 0.000000 -0.800124 95.599359 0.308747 8.649835 0.078585 
945 9.127332 0.000000 -0.151888 97.678365 0.844771 13.768051 0.026866 
946 9.127332 0.000000 -0.476006 95.939761 0.442938 8.593189 0.072152 
947 11.515179 0.000000 -1.772478 98.555153 0.263400 4.189456 0.026926 
948 11.515179 0.000000 -2.420714 98.822757 0.185885 4.454361 0.021419 
949 12.197421 0.000000 -1.772478 98.833591 0.060801 3.852273 0.021708 
950 12.879663 0.000000 -1.772478 99.061333 0.184911 3.754958 0.017272 
951 12.879663 0.000000 -2.420714 99.200287 0.055680 4.126096 0.014228 
952 13.561905 0.000000 -1.772478 99.272096 0.058413 3.613037 0.013199 
953 11.174058 0.000000 1.144584 96.382742 -0.312291 -2.719659 0.070287 
954 11.174058 0.000000 1.468702 97.775622 0.203217 -1.324693 0.043813 
955 10.662376 0.000000 0.334289 73.197957 -3.235553 47.126344 0.241070 
956 10.662376 0.000000 0.172230 89.245350 2.011733 8.908223 0.195186 
957 10.832937 0.000000 0.334289 88.965413 2.621963 8.469989 0.200654 
958 10.321255 0.000000 0.982525 111.675945 -0.741391 -11.608565 -0.260683 
959 10.491816 0.000000 0.982525 95.887463 -0.879224 -24.844033 0.018760 
960 10.321255 0.000000 1.144584 113.910394 -0.908624 -10.644292 -0.308970 
961 10.662376 0.000000 0.982525 80.596340 -1.204839 -16.112361 0.324317 
962 10.832937 0.000000 0.982525 88.853428 -0.956549 -41.765331 0.035981 
963 10.662376 0.000000 1.144584 97.673620 -0.572280 -7.711296 0.040007 
964 11.174058 0.000000 -0.151888 95.899751 0.976155 3.528555 0.078983 
965 11.174058 0.000000 -0.476006 96.813405 0.592680 3.745876 0.061278 
966 5.204439 0.000000 0.658407 101.050537 -0.242521 0.000000 -0.021127 
967 5.033879 0.000000 0.658407 102.170563 -0.243236 -0.374964 -0.043902 
968 5.204439 0.000000 0.496348 6.294806 0.167181 2.964725 0.995156 
969 7.933408 0.000000 0.658407 101.828599 1.852588 -3.301916 -0.038340 
970 7.933408 0.000000 0.496348 100.803774 2.130652 -2.547140 -0.017243 
971 8.103968 0.000000 0.658407 102.337780 -0.219474 -3.913724 -0.048839 
972 8.956771 0.000000 0.658407 100.968275 0.523013 -3.630794 -0.020805 
973 8.956771 0.000000 0.496348 100.176877 0.859784 -2.320569 -0.004153 
974 8.956771 0.000000 0.820466 99.319653 1.109409 -1.955392 0.013055 
975 9.639013 0.000000 0.334289 98.585425 1.150555 20.751377 -0.015103 
976 9.468453 0.000000 0.334289 96.964695 1.283220 25.750816 -0.006690 
977 9.639013 0.000000 0.172230 96.789890 1.224351 25.753872 -0.003304 
978 9.297892 0.000000 0.982525 98.972894 2.447361 6.056931 0.016169 
979 9.127332 0.000000 0.982525 99.624344 1.658822 1.852509 0.006881 
980 9.297892 0.000000 1.144584 97.070312 2.610775 7.507633 0.051417 
981 9.724293 0.000000 0.739437 104.345638 0.314338 3.739765 -0.090210 
982 9.639013 0.000000 0.739437 103.661990 0.528908 4.118571 -0.076305 
983 9.724293 0.000000 0.658407 104.904449 0.198973 1.979248 -0.100890 
984 7.464366 0.000000 0.617892 100.953223 1.549183 -2.252391 -0.019903 
985 7.464366 0.000000 0.577378 100.145752 1.049501 -1.710010 -0.003320 
986 7.507007 0.000000 0.617892 100.998129 1.700126 -2.296097 -0.020878 
987 12.282701 0.000000 0.415319 98.089849 5.772460 4.905039 0.032100 
988 12.282701 0.000000 0.334289 98.270285 3.615249 2.342540 0.032439 
989 12.367982 0.000000 0.415319 98.224363 5.538861 4.538043 0.030070 
990 0.940426 0.000000 1.144584 98.104084 -0.021761 18.062639 0.004933 
991 0.599305 0.000000 1.144584 97.524516 -0.032400 16.342159 0.022190 
992 0.940426 0.000000 1.468702 99.555202 -0.006818 15.686470 -0.015730 
993 0.258184 0.000000 1.144584 97.081313 -0.029924 14.768239 0.035712 
994 -0.082937 0.000000 1.144584 96.766978 0.014917 13.288245 0.045957 
995 0.258184 0.000000 1.468702 98.224094 -0.002717 13.263982 0.017609 
996 -0.424058 0.000000 1.144584 96.822998 0.023193 11.826451 0.048544 
997 -0.765179 0.000000 1.144584 97.084951 0.101086 10.843082 0.045693 
998 -0.424058 0.000000 1.468702 97.817352 0.017141 11.189890 0.030655 
999 2.304911 0.000000 -0.151888 3.073372 0.073135 -0.403693 0.999039 
1000 1.963789 0.000000 -0.151888 5.173374 -0.023300 0.271140 0.997316 
1001 2.304911 0.000000 -0.476006 101.138906 -0.018071 -6.685808 -0.027378 
1002 1.622668 0.000000 -0.151888 7.274573 -0.021165 0.862321 0.994634 
1003 1.622668 0.000000 -0.476006 101.107582 -0.028513 -11.917408 -0.036477 
1004 9.127332 0.000000 -0.800124 96.526103 0.322227 7.486142 0.062657 
1005 9.127332 0.000000 -1.124242 97.156689 0.246193 6.642387 0.051640 
1006 9.468453 0.000000 -0.800124 97.126893 0.330616 7.151867 0.051511 
1007 8.274529 0.000000 0.658407 101.783353 0.296531 -3.489329 -0.037211 
1008 8.274529 0.000000 0.496348 102.065708 0.138124 -3.705812 -0.043116 
1009 8.274529 0.000000 0.820466 101.645731 0.280862 -3.355387 -0.034319 
1010 9.809574 0.000000 -0.800124 97.080980 0.243663 6.895125 0.052768 
1011 9.809574 0.000000 -1.124242 97.523829 0.226497 5.888662 0.045438 
1012 10.150695 0.000000 -0.800124 96.880388 0.230083 6.259201 0.057496 
1013 10.491816 0.000000 -0.800124 96.840968 0.279317 5.488179 0.059163 
1014 10.491816 0.000000 -1.124242 97.470623 0.204617 4.961540 0.047482 
1015 10.832937 0.000000 -0.800124 97.016840 0.243557 4.619553 0.056633 
1016 11.174058 0.000000 -0.800124 97.368783 0.369430 3.901797 0.050396 
1017 11.174058 0.000000 -1.124242 97.858050 0.325744 4.036821 0.040740 
1018 11.515179 0.000000 -0.800124 97.780862 0.287996 3.593331 0.042591 
1019 11.856300 0.000000 -0.800124 98.187521 0.312039 3.341383 0.034795 
1020 11.856300 0.000000 -1.124242 98.384587 0.258454 3.611464 0.030736 
1021 12.197421 0.000000 -0.800124 98.486280 0.188786 3.154073 0.029047 
1022 7.933408 0.000000 0.334289 1.108366 1.083533 1.287455 0.999594 
1023 7.933408 0.000000 0.172230 92.605327 0.316051 31.211035 0.045002 
1024 8.103968 0.000000 0.334289 1.733061 1.162667 1.732554 0.999264 
1025 8.274529 0.000000 0.982525 101.798560 0.290572 -3.502706 -0.037530 
1026 8.445089 0.000000 0.982525 101.424669 0.524475 -3.200102 -0.029748 
1027 8.274529 0.000000 1.144584 102.584223 -0.193040 -4.145526 -0.054075 
1028 8.615650 0.000000 0.982525 101.956893 0.833966 -3.770336 -0.041012 
1029 8.786211 0.000000 0.982525 101.028428 0.843247 -3.026633 -0.021661 
1030 8.615650 0.000000 1.144584 102.126442 0.797417 -3.932090 -0.044591 
1031 9.297892 0.000000 0.334289 99.796061 0.935472 14.423241 -0.016816 
1032 9.127332 0.000000 0.334289 98.281923 0.946857 15.232515 0.010774 
1033 9.297892 0.000000 0.172230 99.999405 0.916554 14.635010 -0.021490 
1034 8.956771 0.000000 0.982525 100.024681 0.906652 -2.215730 -0.001067 
1035 8.956771 0.000000 1.144584 98.392205 1.409367 -1.091204 0.031580 
1036 12.538542 0.000000 -0.800124 98.730626 0.186206 2.984461 0.024332 
1037 12.538542 0.000000 -1.124242 98.806591 0.122251 3.285970 0.022645 
1038 12.879663 0.000000 -0.800124 98.934131 0.172577 2.957527 0.020326 
1039 -0.253497 0.000000 0.334289 88.767854 -0.026060 15.526917 0.187918 
1040 -0.424058 0.000000 0.334289 90.818533 -0.068966 12.923588 0.158497 
1041 -0.253497 0.000000 0.496348 91.438070 0.018670 15.082150 0.141161 
1042 1.622668 0.000000 -0.800124 101.110446 -0.026892 -11.209334 -0.034897 
1043 1.622668 0.000000 -1.124242 100.511529 -0.030094 -10.793158 -0.021906 
1044 1.963789 0.000000 -0.800124 101.285434 -0.016126 -9.382218 -0.034677 
1045 2.304911 0.000000 -0.800124 101.671923 -0.015282 -6.642159 -0.038130 
1046 2.304911 0.000000 -1.124242 101.138475 -0.018055 -6.716185 -0.027410 
1047 8.274529 0.000000 0.334289 0.963409 1.251151 2.241715 0.999248 
1048 8.274529 0.000000 0.172230 92.032095 0.463176 28.897842 0.069479 
1049 8.445089 0.000000 0.334289 1.471432 1.498786 1.852183 0.999216 
1050 8.615650 0.000000 0.334289 0.632536 1.575977 1.265579 0.999551 
1051 8.615650 0.000000 0.172230 92.755705 0.550416 26.524288 0.069254 
1052 8.786211 0.000000 0.334289 -1.322817 1.550598 1.380355 0.999394 
1053 8.956771 0.000000 0.334289 95.237662 0.775194 13.187445 0.075528 
1054 8.956771 0.000000 0.172230 98.052835 0.661432 10.635315 0.027209 
1 11 78 76 77 
2 78 10 24 76 
3 76 24 14 79 
4 77 76 79 6 
5 24 82 80 81 
6 82 23 40 80 
7 80 40 27 83 
8 81 80 83 14 
9 40 86 84 85 
10 86 39 56 84 
11 84 56 43 87 
12 85 84 87 27 
13 56 90 88 89 
14 89 88 91 43 
15 6 79 104 105 
16 79 14 36 104 
17 104 36 19 106 
18 105 104 106 20 
19 14 83 107 108 
20 83 27 52 107 
21 107 52 35 109 
22 108 107 109 36 
23 27 87 110 111 
24 87 43 68 110 
25 110 68 51 112 
26 111 110 112 52 
27 43 91 113 114 
28 114 113 115 68 
29 88 118 116 117 
30 117 116 119 91 
31 91 119 129 130 
32 130 129 131 113 
33 116 134 132 133 
34 133 132 135 119 
35 119 135 145 146 
36 146 145 147 129 
37 132 150 148 149 
38 149 148 151 135 
39 12 154 152 153 
40 154 7 155 152 
41 152 155 13 25 
42 153 152 25 10 
43 25 158 156 157 
44 158 13 159 156 
45 156 159 26 41 
46 157 156 41 23 
47 41 162 160 161 
48 162 26 163 160 
49 160 163 42 57 
50 161 160 57 39 
51 57 166 164 165 
52 166 42 167 164 
53 164 167 58 73 
54 165 164 73 55 
55 55 170 168 169 
56 170 73 171 168 
57 168 171 71 101 
58 169 168 101 72 
59 72 174 172 173 
60 174 101 175 172 
61 172 175 99 126 
62 173 172 126 100 
63 100 178 176 177 
64 178 126 179 176 
65 125 182 180 181 
66 182 142 183 180 
67 180 183 140 184 
68 39 187 185 186 
69 187 57 165 185 
70 185 165 55 90 
71 186 185 90 56 
72 90 190 188 189 
73 190 55 169 188 
74 188 169 72 118 
75 189 188 118 88 
76 118 193 191 192 
77 193 72 173 191 
78 191 173 100 134 
79 192 191 134 116 
80 134 196 194 195 
81 196 100 177 194 
82 195 194 150 132 
83 150 199 197 198 
84 199 125 181 197 
85 197 181 141 200 
86 198 197 200 148 
87 201 203 136 204 
88 202 201 204 137 
89 141 184 205 206 
90 184 140 207 205 
91 205 207 144 208 
92 206 205 208 59 
93 181 211 209 210 
94 211 180 212 209 
95 209 212 184 213 
96 210 209 213 141 
97 126 227 226 179 
98 227 99 228 226 
99 226 228 127 229 
100 179 226 229 124 
101 176 232 230 231 
102 232 179 233 230 
103 230 233 124 234 
104 177 237 235 236 
105 237 176 231 235 
106 235 231 142 182 
107 236 235 182 125 
108 124 229 238 143 
109 229 127 239 238 
110 238 239 103 240 
111 143 238 240 128 
112 142 234 241 183 
113 234 124 242 241 
114 241 242 143 243 
115 183 241 243 140 
116 231 246 244 245 
117 246 230 247 244 
118 244 247 234 248 
119 245 244 248 142 
120 128 240 258 203 
121 240 103 259 258 
122 258 259 138 260 
123 203 258 260 136 
124 144 263 261 262 
125 263 128 264 261 
126 261 264 203 265 
127 262 261 265 201 
128 267 218 268 266 
129 266 268 221 269 
130 73 271 270 171 
131 271 58 272 270 
132 270 272 74 219 
133 171 270 219 71 
134 71 275 273 274 
135 275 219 276 273 
136 273 276 218 267 
137 274 273 267 102 
138 102 279 277 278 
139 279 267 280 277 
140 277 280 266 281 
141 278 277 281 224 
142 269 221 283 282 
143 282 283 252 284 
144 19 38 285 286 
145 38 21 287 285 
146 285 287 9 288 
147 286 285 288 22 
148 35 54 289 290 
149 54 37 291 289 
150 289 291 21 292 
151 290 289 292 38 
152 51 70 293 294 
153 70 53 295 293 
154 293 295 37 296 
155 294 293 296 54 
156 67 98 297 298 
157 98 69 299 297 
158 297 299 53 300 
159 298 297 300 70 
160 95 254 301 302 
161 254 97 303 301 
162 301 303 69 304 
163 302 301 304 98 
164 122 284 305 306 
165 284 252 307 305 
166 305 307 254 308 
167 306 305 308 95 
168 311 282 312 309 
169 309 312 284 313 
170 310 309 313 122 
171 96 123 314 315 
172 123 95 302 314 
173 314 302 98 316 
174 315 314 316 67 
175 120 257 317 318 
176 257 122 306 317 
177 317 306 95 319 
178 318 317 319 123 
179 255 322 320 321 
180 320 310 122 323 
181 321 320 323 257 
182 75 326 324 325 
183 326 269 327 324 
184 324 327 282 311 
185 330 311 331 328 
186 328 331 309 332 
187 329 328 332 310 
188 225 335 333 334 
189 335 75 325 333 
190 334 333 322 255 
191 322 338 336 337 
192 338 256 329 336 
193 336 329 310 339 
194 337 336 339 320 
195 325 342 340 341 
196 342 324 343 340 
197 340 343 311 330 
198 341 340 330 256 
199 256 346 344 345 
200 346 330 347 344 
201 344 347 328 348 
202 345 344 348 329 
203 218 354 353 268 
204 268 353 356 221 
205 219 358 357 276 
206 358 74 359 357 
207 357 359 220 354 
208 276 357 354 218 
209 354 369 367 368 
210 369 220 370 367 
211 367 370 355 371 
212 368 367 371 353 
213 221 356 376 283 
214 283 376 377 252 
215 21 46 378 287 
216 46 28 379 378 
217 378 379 30 380 
218 287 378 380 9 
219 37 62 381 291 
220 62 44 382 381 
221 381 382 46 383 
222 291 381 383 21 
223 53 94 384 295 
224 94 60 385 384 
225 384 385 62 386 
226 295 384 386 37 
227 69 251 387 299 
228 251 92 388 387 
229 387 388 94 389 
230 299 387 389 53 
231 97 362 390 303 
232 362 249 391 390 
233 390 391 251 392 
234 303 390 392 69 
235 253 375 393 394 
236 375 360 395 393 
237 393 395 362 396 
238 394 393 396 97 
239 399 372 400 397 
240 397 400 375 401 
241 398 397 401 253 
242 7 403 402 155 
243 403 16 404 402 
244 402 404 15 32 
245 155 402 32 13 
246 13 406 405 159 
247 406 32 407 405 
248 405 407 31 48 
249 159 405 48 26 
250 26 409 408 163 
251 409 48 410 408 
252 408 410 47 64 
253 163 408 64 42 
254 42 412 411 167 
255 412 64 413 411 
256 411 413 63 215 
257 167 411 215 58 
258 58 415 414 272 
259 415 215 416 414 
260 414 416 214 350 
261 272 414 350 74 
262 74 418 417 359 
263 418 350 419 417 
264 417 419 349 364 
265 359 417 364 220 
266 15 421 420 33 
267 421 17 422 420 
268 420 422 8 423 
269 33 420 423 18 
270 31 425 424 49 
271 425 33 426 424 
272 424 426 18 427 
273 49 424 427 34 
274 429 49 430 428 
275 428 430 34 431 
276 364 446 444 445 
277 446 349 447 444 
278 444 447 365 448 
279 445 444 448 363 
280 18 423 449 45 
281 423 8 450 449 
282 449 450 29 451 
283 45 449 451 28 
284 34 427 452 61 
285 427 18 453 452 
286 452 453 45 454 
287 61 452 454 44 
288 431 34 456 455 
289 455 456 61 457 
290 372 468 467 400 
291 468 374 469 467 
292 467 469 360 470 
293 400 467 470 375 
294 350 472 471 419 
295 472 214 473 471 
296 471 473 351 441 
297 419 471 441 349 
298 349 475 474 447 
299 475 441 476 474 
300 474 476 440 477 
301 447 474 477 365 
302 360 466 478 395 
303 466 361 479 478 
304 478 479 249 480 
305 395 478 480 362 
306 374 482 481 469 
307 481 483 466 484 
308 469 481 484 360 
309 440 491 489 490 
310 491 442 492 489 
311 489 492 217 493 
312 490 489 493 443 
313 497 499 361 500 
314 483 497 500 466 
315 442 502 501 492 
316 502 485 503 501 
317 501 503 488 504 
318 492 501 504 217 
319 249 463 517 391 
320 463 250 518 517 
321 517 518 92 519 
322 391 517 519 251 
323 461 516 520 521 
324 516 462 522 520 
325 520 522 250 523 
326 521 520 523 463 
327 524 527 516 528 
328 525 524 528 461 
329 544 545 462 546 
330 527 544 546 516 
331 66 551 550 542 
332 551 536 552 550 
333 550 552 535 553 
334 542 550 553 515 
335 539 556 554 555 
336 556 542 557 554 
337 554 557 515 558 
338 555 554 558 543 
339 252 377 559 307 
340 377 253 394 559 
341 559 394 97 560 
342 307 559 560 254 
343 376 563 561 562 
344 561 398 253 564 
345 562 561 564 377 
346 356 567 565 566 
347 567 5 568 565 
348 566 565 563 376 
349 563 571 569 570 
350 571 373 572 569 
351 569 572 398 573 
352 570 569 573 561 
353 5 575 574 568 
354 575 366 576 574 
355 574 576 372 399 
356 578 399 579 577 
357 577 579 397 580 
358 572 577 580 398 
359 568 583 581 582 
360 583 574 584 581 
361 581 584 399 578 
362 582 581 578 373 
363 373 587 585 586 
364 587 578 588 585 
365 585 588 577 589 
366 586 585 589 572 
367 352 592 590 591 
368 591 590 482 374 
369 361 496 595 479 
370 496 461 521 595 
371 595 521 463 596 
372 479 595 596 249 
373 597 598 496 599 
374 499 597 599 361 
375 498 602 600 601 
376 602 465 603 600 
377 600 603 499 604 
378 601 600 604 497 
379 505 611 609 610 
380 611 507 612 609 
381 609 612 494 613 
382 610 609 613 508 
383 616 525 461 617 
384 598 616 617 496 
385 605 620 618 619 
386 620 607 621 618 
387 618 621 495 622 
388 619 618 622 608 
389 625 513 626 623 
390 623 626 527 627 
391 624 623 627 524 
392 495 630 628 629 
393 628 624 524 631 
394 629 628 631 525 
395 614 634 632 633 
396 634 540 635 632 
397 632 635 513 625 
398 638 625 639 636 
399 636 639 623 640 
400 637 636 640 624 
401 607 642 641 621 
402 642 614 633 641 
403 621 641 630 495 
404 630 645 643 644 
405 645 526 637 643 
406 643 637 624 646 
407 644 643 646 628 
408 633 649 647 648 
409 649 632 650 647 
410 647 650 625 638 
411 648 647 638 526 
412 526 653 651 652 
413 653 638 654 651 
414 651 654 636 655 
415 652 651 655 637 
416 590 658 656 657 
417 657 656 660 482 
418 662 594 663 661 
419 661 663 498 664 
420 482 660 665 666 
421 660 464 667 665 
422 665 667 483 668 
423 666 665 668 481 
424 656 671 669 670 
425 669 672 464 673 
426 670 669 673 660 
427 365 477 674 675 
428 477 440 490 674 
429 674 490 443 592 
430 675 674 592 352 
431 592 678 676 677 
432 678 443 679 676 
433 676 679 593 658 
434 677 676 658 590 
435 658 682 680 681 
436 682 593 683 680 
437 681 680 671 656 
438 464 664 684 667 
439 664 498 601 684 
440 684 601 497 685 
441 667 684 685 483 
442 687 661 688 686 
443 686 688 664 689 
444 672 686 689 464 
445 671 692 690 691 
446 690 693 672 694 
447 691 690 694 669 
448 443 696 695 679 
449 696 493 697 695 
450 695 697 594 662 
451 679 695 662 593 
452 593 699 698 683 
453 699 662 700 698 
454 698 700 661 687 
455 680 703 701 702 
456 703 683 704 701 
457 701 704 659 692 
458 702 701 692 671 
459 659 706 705 693 
460 706 687 707 705 
461 705 707 686 708 
462 693 705 708 672 
463 692 711 709 710 
464 711 659 712 709 
465 709 712 693 713 
466 710 709 713 690 
467 532 716 714 715 
468 716 534 717 714 
469 714 717 66 541 
470 715 714 541 514 
471 514 720 718 719 
472 720 541 721 718 
473 718 721 539 722 
474 487 725 723 724 
475 725 532 715 723 
476 723 715 514 615 
477 724 723 615 439 
478 615 728 726 727 
479 728 514 719 726 
480 726 719 540 634 
481 727 726 634 614 
482 540 722 729 635 
483 722 539 555 729 
484 729 555 543 730 
485 635 729 730 513 
486 719 733 731 732 
487 733 718 734 731 
488 731 734 722 735 
489 732 731 735 540 
490 50 737 736 459 
491 737 431 738 736 
492 736 738 455 739 
493 459 736 739 93 
494 435 741 740 511 
495 741 50 742 740 
496 740 742 459 743 
497 511 740 743 458 
498 745 435 746 744 
499 744 746 511 747 
500 536 749 748 552 
501 552 748 751 535 
502 65 753 752 434 
503 753 428 754 752 
504 752 754 431 737 
505 434 752 737 50 
506 432 756 755 531 
507 756 434 757 755 
508 755 757 50 741 
509 531 755 741 435 
510 759 531 760 758 
511 758 760 435 745 
512 762 745 763 761 
513 761 763 744 764 
514 92 460 765 388 
515 460 93 766 765 
516 765 766 60 767 
517 388 765 767 94 
518 250 512 768 518 
519 512 458 769 768 
520 768 769 460 770 
521 518 768 770 92 
522 462 538 771 522 
523 538 509 772 771 
524 771 772 512 773 
525 522 771 773 250 
526 535 751 774 775 
527 751 537 776 774 
528 774 776 509 777 
529 775 774 777 538 
530 748 780 778 779 
531 778 781 537 782 
532 779 778 782 751 
533 547 785 783 784 
534 785 549 786 783 
535 783 786 510 749 
536 784 783 749 536 
537 749 789 787 788 
538 789 510 790 787 
539 788 787 780 748 
540 509 747 791 772 
541 747 511 792 791 
542 791 792 458 793 
543 772 791 793 512 
544 537 764 794 776 
545 764 744 795 794 
546 794 795 747 796 
547 776 794 796 509 
548 798 761 799 797 
549 797 799 764 800 
550 781 797 800 537 
551 780 803 801 802 
552 801 804 781 805 
553 802 801 805 778 
554 549 807 806 786 
555 807 758 808 806 
556 806 808 745 762 
557 786 806 762 510 
558 510 810 809 790 
559 810 762 811 809 
560 809 811 761 798 
561 787 814 812 813 
562 814 790 815 812 
563 812 815 750 803 
564 813 812 803 780 
565 750 817 816 804 
566 817 798 818 816 
567 816 818 797 819 
568 804 816 819 781 
569 803 822 820 821 
570 822 750 823 820 
571 820 823 804 824 
572 821 820 824 801 
573 1 827 825 826 
574 827 12 153 825 
575 825 153 10 78 
576 826 825 78 11 
577 16 829 828 404 
578 829 2 830 828 
579 828 830 17 421 
580 404 828 421 15 
581 20 106 831 832 
582 106 19 286 831 
583 831 286 22 833 
584 832 831 833 4 
585 10 836 834 835 
586 836 25 157 834 
587 834 157 23 82 
588 835 834 82 24 
589 28 451 837 379 
590 451 29 838 837 
591 837 838 3 839 
592 379 837 839 30 
593 32 841 840 407 
594 841 15 842 840 
595 840 842 33 425 
596 407 840 425 31 
597 36 109 843 844 
598 109 35 290 843 
599 843 290 38 845 
600 844 843 845 19 
601 23 848 846 847 
602 848 41 161 846 
603 846 161 39 86 
604 847 846 86 40 
605 44 454 849 382 
606 454 45 850 849 
607 849 850 28 851 
608 382 849 851 46 
609 48 853 852 410 
610 853 31 854 852 
611 852 854 49 429 
612 410 852 429 47 
613 52 112 855 856 
614 112 51 294 855 
615 855 294 54 857 
616 856 855 857 35 
617 60 457 858 385 
618 457 61 859 858 
619 858 859 44 860 
620 385 858 860 62 
621 64 862 861 413 
622 862 47 863 861 
623 861 863 65 433 
624 413 861 433 63 
625 68 115 864 865 
626 115 67 298 864 
627 864 298 70 866 
628 865 864 866 51 
629 101 868 867 175 
630 868 71 274 867 
631 867 274 102 223 
632 175 867 223 99 
633 113 131 869 870 
634 131 96 315 869 
635 869 315 67 871 
636 870 869 871 115 
637 121 139 872 873 
638 139 120 318 872 
639 872 318 123 874 
640 873 872 874 96 
641 129 147 875 876 
642 147 121 873 875 
643 875 873 96 877 
644 876 875 877 131 
645 140 243 878 207 
646 243 143 879 878 
647 878 879 128 263 
648 207 878 263 144 
649 135 151 880 881 
650 880 202 137 882 
651 881 880 882 145 
652 148 200 883 884 
653 200 141 206 883 
654 883 206 59 885 
655 884 883 885 151 
656 194 888 886 887 
657 888 177 236 886 
658 886 236 125 199 
659 887 886 199 150 
660 59 208 889 890 
661 208 144 262 889 
662 889 262 201 891 
663 890 889 891 202 
664 215 893 892 416 
665 893 63 894 892 
666 892 894 216 437 
667 416 892 437 214 
668 103 896 895 259 
669 896 225 334 895 
670 895 334 255 897 
671 259 895 897 138 
672 138 897 898 899 
673 897 255 321 898 
674 898 321 257 900 
675 899 898 900 120 
676 224 281 901 902 
677 281 266 903 901 
678 901 903 269 326 
679 902 901 326 75 
680 333 906 904 905 
681 906 325 341 904 
682 904 341 256 338 
683 905 904 338 322 
684 353 371 907 908 
685 371 355 909 907 
686 907 909 5 567 
687 908 907 567 356 
688 220 911 910 370 
689 911 364 445 910 
690 910 445 363 912 
691 370 910 912 355 
692 363 448 913 914 
693 448 365 675 913 
694 913 675 352 915 
695 914 913 915 366 
696 355 912 916 909 
697 912 363 914 916 
698 916 914 366 575 
699 909 916 575 5 
700 366 915 917 576 
701 915 352 591 917 
702 917 591 374 468 
703 576 917 468 372 
704 47 919 918 863 
705 919 429 920 918 
706 918 920 428 753 
707 863 918 753 65 
708 63 922 921 894 
709 922 433 923 921 
710 921 923 432 530 
711 894 921 530 216 
712 433 925 924 923 
713 925 65 926 924 
714 924 926 434 756 
715 923 924 756 432 
716 214 928 927 473 
717 928 437 929 927 
718 927 929 436 486 
719 473 927 486 351 
720 437 931 930 929 
721 931 216 932 930 
722 930 932 438 533 
723 929 930 533 436 
724 441 934 933 476 
725 934 351 935 933 
726 933 935 442 491 
727 476 933 491 440 
728 93 739 936 766 
729 739 455 937 936 
730 936 937 457 938 
731 766 936 938 60 
732 458 743 939 769 
733 743 459 940 939 
734 939 940 93 941 
735 769 939 941 460 
736 351 943 942 935 
737 943 486 944 942 
738 942 944 485 502 
739 935 942 502 442 
740 485 946 945 503 
741 946 487 724 945 
742 945 724 439 606 
743 503 945 606 488 
744 216 948 947 932 
745 948 530 949 947 
746 947 949 529 548 
747 932 947 548 438 
748 530 951 950 949 
749 951 432 952 950 
750 950 952 531 759 
751 949 950 759 529 
752 515 553 953 545 
753 553 535 775 953 
754 953 775 538 954 
755 545 953 954 462 
756 541 956 955 721 
757 956 66 957 955 
758 955 957 542 556 
759 721 955 556 539 
760 513 730 958 626 
761 730 543 959 958 
762 958 959 544 960 
763 626 958 960 527 
764 543 558 961 959 
765 558 515 962 961 
766 961 962 545 963 
767 959 961 963 544 
768 534 965 964 717 
769 965 547 784 964 
770 964 784 536 551 
771 717 964 551 66 
772 565 968 966 967 
773 968 568 582 966 
774 966 582 373 571 
775 967 966 571 563 
776 594 970 969 663 
777 970 506 971 969 
778 969 971 465 602 
779 663 969 602 498 
780 507 973 972 612 
781 973 605 619 972 
782 972 619 608 974 
783 612 972 974 494 
784 439 977 975 976 
785 977 615 727 975 
786 975 727 614 642 
787 976 975 642 607 
788 608 622 978 979 
789 622 495 629 978 
790 978 629 525 980 
791 979 978 980 616 
792 641 983 981 982 
793 983 633 648 981 
794 981 648 526 645 
795 982 981 645 630 
796 683 985 984 704 
797 985 698 986 984 
798 984 986 687 706 
799 704 984 706 659 
800 790 988 987 815 
801 988 809 989 987 
802 987 989 798 817 
803 815 987 817 750 
804 136 260 990 991 
805 260 138 899 990 
806 990 899 120 992 
807 991 990 992 139 
808 137 204 993 994 
809 204 136 991 993 
810 993 991 139 995 
811 994 993 995 121 
812 145 882 996 997 
813 882 137 994 996 
814 996 994 121 998 
815 997 996 998 147 
816 222 1001 999 1000 
817 1001 224 902 999 
818 999 902 75 335 
819 1000 999 335 225 
820 127 1003 1002 239 
821 1003 222 1000 1002 
822 1002 1000 225 896 
823 239 1002 896 103 
824 486 1005 1004 944 
825 1005 436 1006 1004 
826 1004 1006 487 946 
827 944 1004 946 485 
828 506 1008 1007 971 
829 1008 505 610 1007 
830 1007 610 508 1009 
831 971 1007 1009 465 
832 436 1011 1010 1006 
833 1011 533 1012 1010 
834 1010 1012 532 725 
835 1006 1010 725 487 
836 533 1014 1013 1012 
837 1014 438 1015 1013 
838 1013 1015 534 716 
839 1012 1013 716 532 
840 438 1017 1016 1015 
841 1017 548 1018 1016 
842 1016 1018 547 965 
843 1015 1016 965 534 
844 548 1020 1019 1018 
845 1020 529 1021 1019 
846 1019 1021 549 785 
847 1018 1019 785 547 
848 493 1023 1022 697 
849 1023 217 1024 1022 
850 1022 1024 506 970 
851 697 1022 970 594 
852 465 1009 1025 603 
853 1009 508 1026 1025 
854 1025 1026 597 1027 
855 603 1025 1027 499 
856 508 613 1028 1026 
857 613 494 1029 1028 
858 1028 1029 598 1030 
859 1026 1028 1030 597 
860 606 1033 1031 1032 
861 1033 439 976 1031 
862 1031 976 607 620 
863 1032 1031 620 605 
864 494 974 1034 1029 
865 974 608 979 1034 
866 1034 979 616 1035 
867 1029 1034 1035 598 
868 529 1037 1036 1021 
869 1037 759 1038 1036 
870 1036 1038 758 807 
871 1021 1036 807 549 
872 151 885 1039 1040 
873 885 59 890 1039 
874 1039 890 202 1041 
875 1040 1039 1041 880 
876 99 1043 1042 228 
877 1043 223 1044 1042 
878 1042 1044 222 1003 
879 228 1042 1003 127 
880 223 1046 1045 1044 
881 1046 102 278 1045 
882 1045 278 224 1001 
883 1044 1045 1001 222 
884 217 1048 1047 1024 
885 1048 504 1049 1047 
886 1047 1049 505 1008 
887 1024 1047 1008 506 
888 504 1051 1050 1049 
889 1051 488 1052 1050 
890 1050 1052 507 611 
891 1049 1050 611 505 
892 488 1054 1053 1052 
893 1054 606 1032 1053 
894 1053 1032 605 973 
895 1052 1053 973 507 
