Force Coefficients for group 1 --> C:/Users/alphamale/Downloads/OpenVSP-3.51.2-win64-Python3.13/Analysis/04_Clean_Aero/03_Final_Clean_Polar/Tyche_R2T1_G1_4_ANALYSIS 

      Time              Cx               Cy               Cz               Cxo              Cyo              Czo              Cxi              Cyi              Czi              Cmx              Cmy              Cmz             Cmxo            Cmyo              Cmzo             Cmxi             Cmyi             Cmzi              CL               CD               CS              CLo              CDo              CSo              CLi               CDi             CSi              Cwx              Cwy              Cwz              Cxiw             Cyiw             Cziw             CLw              CDw              CSw               CLiw            CDiw             CSiw
  1.000000000000   0.007675432705   0.000000000000   0.000081131552   0.007675432705   0.000000000000   0.000081131552   0.000000000000   0.000000000000   0.000000000000   0.000000000000   0.002881207380   0.000000000000   0.000000000000   0.002881207380   0.000000000000   0.000000000000   0.000000000000   0.000000000000  -0.000454477201   0.007662395187   0.000000000000  -0.000454477201   0.007662395187   0.000000000000   0.000000000000   0.000000000000   0.000000000000   0.007675432705   0.000000000000   0.000081131552   0.000000000000   0.000000000000   0.000000000000  -0.000454477201   0.007662395187   0.000000000000   0.000000000000   0.000000000000   0.000000000000 
  2.000000000000  -0.019737444463   0.000219144823   0.744203664286   0.011300803706  -0.000000028070  -0.000006422851  -0.031038248170   0.000219172893   0.744210087136  -0.000554216700  -1.479205363641   0.000146284525   0.000000120274   0.004990779381   0.000005353999  -0.000554336974  -1.484196143023   0.000140930526   0.743767636089   0.032223658327   0.000219144823  -0.000794711422   0.011272827481  -0.000000028070   0.744562347511   0.020950830846   0.000219172893  -0.016927762968   0.000147095993   0.717501624375  -0.028228566674   0.000147124063   0.717508047226   0.716934647532   0.033163855434   0.000147095993   0.717729358954   0.021891027953   0.000147124063 
  3.000000000000  -0.020715091616   0.000060854303   0.668365884903   0.010597551497  -0.000000001887   0.000009941412  -0.031312643114   0.000060856191   0.668355943491  -0.000244854716  -1.346161024791   0.000220295819   0.000000028017   0.004579953842   0.000001734093  -0.000244882733  -1.350740978633   0.000218561725   0.668182790944   0.025958216608   0.000060854303  -0.000729330627   0.010572429872  -0.000000001887   0.668912121571   0.015385786735   0.000060856191  -0.017765254277   0.000008767325   0.643348765405  -0.028362805774   0.000008769212   0.643338823992   0.643020841640   0.027155762252   0.000008767325   0.643750172268   0.016583332380   0.000008769212 
  4.000000000000  -0.020915824013  -0.000138672800   0.673498784074   0.010642669537   0.000000007643   0.000009240337  -0.031558493550  -0.000138680443   0.673489543737   0.000168632101  -1.354657712735   0.000150943509  -0.000000037694   0.004607219240  -0.000001755597   0.000168669795  -1.359264931975   0.000152699106   0.673317189014   0.026116026131  -0.000138672800  -0.000733177270   0.010617389102   0.000000007643   0.674050366285   0.015498637029  -0.000138680443  -0.017188563486  -0.000047249635   0.648478017203  -0.027831233023  -0.000047257279   0.648468776867   0.648097370923   0.028088846772  -0.000047249635   0.648830548194   0.017471457669  -0.000047257279 
  5.000000000000  -0.018897290206  -0.000168715738   0.671611765944   0.010638834194   0.000000008043   0.000009301522  -0.029536124400  -0.000168723781   0.671602464422   0.000182589288  -1.347558541560   0.000083562698  -0.000000038665   0.004604910650  -0.000001852585   0.000182627953  -1.352163452210   0.000085415283   0.671293961765   0.027998011160  -0.000168715738  -0.000732848695   0.010613567370   0.000000008043   0.672026810460   0.017384443790  -0.000168723781  -0.017257217239  -0.000051257983   0.648024665234  -0.027896051433  -0.000051266026   0.648015363712   0.647649912340   0.027988736021  -0.000051257983   0.648382761035   0.017375168651  -0.000051266026 
  6.000000000000  -0.020849782305  -0.000041504876   0.671055935101   0.010631695362   0.000000009155   0.000009447112  -0.031481477666  -0.000041514031   0.671046487988   0.000192758525  -1.349523951529   0.000228881365  -0.000000044303   0.004600687296  -0.000002033364   0.000192802828  -1.354124638825   0.000230914729   0.670875683862   0.026011502435  -0.000041504876  -0.000732205479   0.010606456083   0.000000009155   0.671607889340   0.015405046351  -0.000041514031  -0.017242289367  -0.000057095314   0.647122259282  -0.027873984729  -0.000057104470   0.647112812170   0.646748663288   0.027940678872  -0.000057095314   0.647480868767   0.017334222788  -0.000057104470 
  7.000000000000  -0.019884919861  -0.000159500476   0.670143995421   0.010630670565   0.000000009050   0.000009473441  -0.030515590426  -0.000159509526   0.670134521980   0.000194658682  -1.346250379238   0.000045679050  -0.000000043700   0.004600097898  -0.000002018835   0.000194702383  -1.350850477135   0.000047697885   0.669898660220   0.026910400826  -0.000159500476  -0.000732107728   0.010605435620   0.000000009050   0.670630767947   0.016304965206  -0.000159509526  -0.017272361272  -0.000059519624   0.647038084313  -0.027903031838  -0.000059528674   0.647028610872   0.646666791075   0.027904808471  -0.000059519624   0.647398898803   0.017299372852  -0.000059528674 
  8.000000000000  -0.024056889472  -0.000548409618   0.670613016726   0.010631459710   0.000000008667   0.000009433554  -0.034688349182  -0.000548418285   0.670603583172   0.000189093075  -1.347900295475  -0.000011684828  -0.000000042516   0.004600503253  -0.000001957521   0.000189135591  -1.352500798728  -0.000009727307   0.670657560901   0.022781311196  -0.000548409618  -0.000732202566   0.010606220060   0.000000008667   0.671389763467   0.012175091136  -0.000548418285  -0.017241756716  -0.000051198898   0.646896855408  -0.027873216426  -0.000051207564   0.646887421855   0.646523771331   0.027925486846  -0.000051198898   0.647255973897   0.017319266786  -0.000051207564 
  9.000000000000  -0.019931852608   0.000638836729   0.669415637106   0.010631565237   0.000000008459   0.000009454449  -0.030563417845   0.000638828271   0.669406182658   0.000122836975  -1.342812404445   0.000572574294  -0.000000040947   0.004600622579  -0.000001878138   0.000122877923  -1.347413027024   0.000574452432   0.669175350012   0.026812774696   0.000638836729  -0.000732189083   0.010606326787   0.000000008459   0.669907539095   0.016206447909   0.000638828271  -0.017221331561  -0.000055740568   0.647131197511  -0.027852896798  -0.000055749027   0.647121743063   0.646756117802   0.027962209126  -0.000055740568   0.647488306885   0.017355882338  -0.000055749027 
 10.000000000000  -0.022090236386   0.001162723151   0.668995365057   0.010632598499   0.000000007832   0.000009414365  -0.032722834885   0.001162715319   0.668985950692   0.000142779968  -1.343549371644   0.000868581971  -0.000000040829   0.004601180975  -0.000001912748   0.000142820797  -1.348150552619   0.000870494720   0.668906662965   0.024630331937   0.001162723151  -0.000732301146   0.010607354736   0.000000007832   0.669638964112   0.014022977201   0.001162715319  -0.017150066751  -0.000052629002   0.647242642589  -0.027782665250  -0.000052636834   0.647233228224   0.646862320223   0.028041074353  -0.000052629002   0.647594621369   0.017433719617  -0.000052636834 
 11.000000000000  -0.019234080895  -0.001534476369   0.670633314765   0.010631109756   0.000000008388   0.000009456691  -0.029865190652  -0.001534484757   0.670623858073   0.000233918696  -1.348873331265  -0.000403203635  -0.000000041599   0.004600332747  -0.000001974605   0.000233960294  -1.353473664011  -0.000401229030   0.670341387375   0.027593787572  -0.001534476369  -0.000732155073   0.010605872573   0.000000008388   0.671073542448   0.016987915000  -0.001534484757  -0.017285344814  -0.000050857108   0.647145444256  -0.027916454570  -0.000050865496   0.647135987564   0.646774795180   0.027899345608  -0.000050857108   0.647506950254   0.017293473036  -0.000050865496 
 12.000000000000  -0.022133323282   0.000247679647   0.670130044157   0.010632174851   0.000000007483   0.000009417085  -0.032765498133   0.000247672164   0.670120627072   0.000208323066  -1.342523941749   0.000136340990  -0.000000038657   0.004600915998  -0.000001848523   0.000208361723  -1.347124857747   0.000138189514   0.670041583634   0.024666501211   0.000247679647  -0.000732268881   0.010606932310   0.000000007483   0.670773852515   0.014059568901   0.000247672164  -0.017284603272  -0.000049136269   0.647167258660  -0.027916778123  -0.000049143752   0.647157841576   0.646796504719   0.027901607040  -0.000049136269   0.647528773600   0.017294674730  -0.000049143752 
 13.000000000000  -0.018219726131   0.000692367410   0.670626499799   0.010632889780   0.000000007288   0.000009414588  -0.028852615911   0.000692360122   0.670617085210   0.000184704002  -1.346416318836   0.000402439392  -0.000000037481   0.004601371682  -0.000001811578   0.000184741483  -1.351017690518   0.000404250969   0.670263831198   0.028605196032   0.000692367410  -0.000732321242   0.010607645323   0.000000007288   0.670996152440   0.017997550708   0.000692360122  -0.017281676893  -0.000050773727   0.647254449934  -0.027914566673  -0.000050781015   0.647245035346   0.646883279466   0.027910608446  -0.000050773727   0.647615600707   0.017302963122  -0.000050781015 
 14.000000000000  -0.025251785418  -0.002149445495   0.671128861881   0.010634883469   0.000000006512   0.000009360997  -0.035886668887  -0.002149452007   0.671119500884   0.000279656793  -1.348261516971  -0.000657485807  -0.000000034519   0.004602512568  -0.000001509449   0.000279691312  -1.352864029539  -0.000655976357   0.671255501211   0.021625309495  -0.002149445495  -0.000732513776   0.010609630417   0.000000006512   0.671988014986   0.011015679078  -0.002149452007  -0.017360276604  -0.000038573528   0.647259327824  -0.027995160072  -0.000038580040   0.647249966828   0.646893628312   0.027832540465  -0.000038573528   0.647626142088   0.017222910047  -0.000038580040 
 15.000000000000  -0.020629033107   0.000105919585   0.669710286846   0.010635052168   0.000000006655   0.000009366485  -0.031264085275   0.000105912930   0.669700920361   0.000101060608  -1.345888006290   0.000290754197  -0.000000031844   0.004602636983  -0.000001243699   0.000101092453  -1.350490643273   0.000291997896   0.669517914853   0.026137846221   0.000105919585  -0.000732520069   0.010609799088   0.000000006655   0.670250434922   0.015528047133   0.000105912930  -0.017242072178  -0.000042688130   0.647419980096  -0.027877124346  -0.000042694786   0.647410613611   0.647045643719   0.027961663486  -0.000042688130   0.647778163788   0.017351864398  -0.000042694786 
 16.000000000000  -0.021787797407  -0.000161883311   0.670173371497   0.010634178151   0.000000006847   0.000009372490  -0.032421975558  -0.000161890158   0.670163999008   0.000260784585  -1.344855806313  -0.000069659275  -0.000000033437   0.004602091538  -0.000001460200   0.000260818022  -1.349457897850  -0.000068199075   0.670060702765   0.025014207765  -0.000161883311  -0.000732453110   0.010608927619   0.000000006847   0.670793155875   0.014405280146  -0.000161890158  -0.017122380392  -0.000037285746   0.647348560765  -0.027756558543  -0.000037292593   0.647339188275   0.646966049085   0.028076081748  -0.000037285746   0.647698502195   0.017467154129  -0.000037292593 
 17.000000000000  -0.022015428471  -0.000849366874   0.669972114727   0.010632615968   0.000000007077   0.000009399014  -0.032648044439  -0.000849373951   0.669962715713   0.000055476808  -1.340969842417   0.000107554745  -0.000000034672   0.004601157036  -0.000001639418   0.000055511480  -1.345570999453   0.000109194162   0.669875814987   0.024773092236  -0.000849366874  -0.000732317678   0.010607371092   0.000000007077   0.670608132664   0.014165721144  -0.000849373951  -0.017298903469  -0.000043141209   0.647054975344  -0.027931519437  -0.000043148286   0.647045576330   0.646685492451   0.027879509189  -0.000043141209   0.647417810129   0.017272138097  -0.000043148286 
 18.000000000000  -0.020826994191   0.000262925936   0.669141246184   0.010634894095   0.000000006453   0.000009348541  -0.031461888286   0.000262919483   0.669131897643   0.000242691959  -1.343896316784   0.000547147966  -0.000000035132   0.004602492129  -0.000001747692   0.000242727091  -1.348498808913   0.000548895658   0.668964069412   0.025900673091   0.000262925936  -0.000732526942   0.010609640149   0.000000006453   0.669696596355   0.015291032942   0.000262919483  -0.017142014308  -0.000036844922   0.647485808218  -0.027776908404  -0.000036851375   0.647476459677   0.647104331803   0.028066069558  -0.000036844922   0.647836858745   0.017456429409  -0.000036851375 
 19.000000000000  -0.020736059138  -0.001103112732   0.670422945734   0.010632361558   0.000000007371   0.000009416885  -0.031368420696  -0.001103120102   0.670413528849   0.000273643663  -1.348556374173  -0.000199701459  -0.000000034592   0.004601037730  -0.000001665304   0.000273678255  -1.353157411903  -0.000198036155   0.670236303498   0.026080793471  -0.001103112732  -0.000732282104   0.010607118548   0.000000007371   0.670968585602   0.015473674923  -0.001103120102  -0.017141833205  -0.000045908202   0.647173439508  -0.027774194762  -0.000045915572   0.647164022623   0.646792711374   0.028044460481  -0.000045908202   0.647524993478   0.017437341932  -0.000045915572 
 20.000000000000  -0.021224260720   0.000079320119   0.671153758629   0.010638336321  -0.000000000301   0.000009197092  -0.031862597042   0.000079320420   0.671144561536   0.000185276907  -1.346566596224   0.000064501056  -0.000000022916   0.004604300369  -0.000001464368   0.000185299824  -1.351170896593   0.000065965424   0.670999391391   0.025644760054   0.000079320119  -0.000732918139   0.010613063426  -0.000000000301   0.671732309530   0.015031696629   0.000079320420  -0.017083564986  -0.000017276928   0.647754825586  -0.027721901307  -0.000017276626   0.647745628494   0.647368616640   0.028143142203  -0.000017276928   0.648101534779   0.017530078778  -0.000017276626 
