2 0.000000 66.880000 272.412825
975 826 
1 -79.021551 0.000000 -82.477363 66.878230 -0.002429 0.000312 0.000053 
2 92.672542 0.000000 -82.477363 66.878431 -0.015849 -0.010259 0.000047 
3 92.672542 0.000000 85.501989 66.881562 0.015516 -0.010019 -0.000047 
4 -79.021551 0.000000 85.501989 66.881760 0.002439 0.000295 -0.000053 
5 6.825495 0.000000 1.512313 67.188639 0.002677 -4.301208 -0.013387 
6 -79.021551 0.000000 1.512313 66.880029 0.000032 0.002438 -0.000001 
7 6.825495 0.000000 -82.477363 66.874941 -0.008895 -0.005342 0.000151 
8 92.672542 0.000000 1.512313 66.880069 1.077587 -1.597397 -0.000832 
9 6.825495 0.000000 85.501989 66.884944 0.008745 -0.005218 -0.000148 
10 -36.098028 0.000000 -40.482525 66.872508 -0.004619 0.001155 0.000224 
11 -79.021551 0.000000 -40.482525 66.878232 -0.001668 0.001455 0.000053 
12 -36.098028 0.000000 -82.477363 66.876303 -0.004697 -0.001039 0.000111 
13 6.825495 0.000000 -40.482525 66.859885 -0.017181 -0.022716 0.000601 
14 -36.098028 0.000000 1.512313 66.880267 0.000119 0.010508 -0.000008 
15 49.749019 0.000000 -40.482525 66.874110 -0.031774 -0.040719 0.000176 
16 49.749019 0.000000 -82.477363 66.876652 -0.013316 -0.009225 0.000100 
17 92.672542 0.000000 -40.482525 66.878533 -0.035440 -0.040468 0.000043 
18 49.749019 0.000000 1.512313 66.880184 1.076428 -1.601429 -0.000838 
19 -36.098028 0.000000 43.507151 66.887402 0.004662 0.001013 -0.000221 
20 -79.021551 0.000000 43.507151 66.881785 0.001708 0.001421 -0.000053 
21 6.825495 0.000000 43.507151 66.899223 0.016636 -0.021671 -0.000575 
22 -36.098028 0.000000 85.501989 66.883637 0.004673 -0.001044 -0.000109 
23 -14.636266 0.000000 -19.485106 66.846586 -0.008304 0.004012 0.000999 
24 -36.098028 0.000000 -19.485106 66.872332 -0.003085 0.006117 0.000229 
25 -14.636266 0.000000 -40.482525 66.864527 -0.008922 -0.004885 0.000463 
26 6.825495 0.000000 -19.485106 66.803052 -0.031775 -0.097700 0.002297 
27 -14.636266 0.000000 1.512313 66.882569 0.000457 0.047865 -0.000077 
28 49.749019 0.000000 43.507151 66.885840 0.030439 -0.038873 -0.000175 
29 92.672542 0.000000 43.507151 66.881481 0.034087 -0.038707 -0.000045 
30 49.749019 0.000000 85.501989 66.883299 0.013027 -0.008990 -0.000099 
31 28.287257 0.000000 -19.485106 66.859674 -0.063851 -0.153931 0.000602 
32 28.287257 0.000000 -40.482525 66.867315 -0.026384 -0.037206 0.000379 
33 49.749019 0.000000 -19.485106 66.874714 -0.071902 -0.152002 0.000152 
34 28.287257 0.000000 1.512313 66.880757 1.075635 -1.618176 -0.000867 
35 -14.636266 0.000000 22.509732 66.912406 0.008527 0.002781 -0.000969 
36 -36.098028 0.000000 22.509732 66.887813 0.003239 0.005812 -0.000234 
37 6.825495 0.000000 22.509732 66.950669 0.029923 -0.089032 -0.002116 
38 -14.636266 0.000000 43.507151 66.894956 0.008847 -0.004904 -0.000447 
39 -3.905385 0.000000 -8.986396 66.724685 -0.013531 0.008996 0.004639 
40 -14.636266 0.000000 -8.986396 66.844297 -0.005249 0.027317 0.001067 
41 -3.905385 0.000000 -19.485106 66.813279 -0.015860 -0.025047 0.001994 
42 6.825495 0.000000 -8.986396 66.624019 -0.049469 -0.386337 0.007606 
43 -3.905385 0.000000 1.512313 66.911791 0.001496 0.247125 -0.000965 
44 28.287257 0.000000 22.509732 66.900078 0.059024 -0.141203 -0.000606 
45 49.749019 0.000000 22.509732 66.885387 0.066402 -0.139802 -0.000166 
46 28.287257 0.000000 43.507151 66.892335 0.025253 -0.035379 -0.000369 
47 17.556376 0.000000 -8.986396 66.821955 -0.125805 -0.492157 0.001677 
48 17.556376 0.000000 -19.485106 66.835745 -0.051407 -0.144981 0.001318 
49 28.287257 0.000000 -8.986396 66.863383 -0.148032 -0.477429 0.000441 
50 17.556376 0.000000 1.512313 66.893391 1.117205 -1.686212 -0.001315 
51 -3.905385 0.000000 12.011023 67.024528 0.014268 -0.001833 -0.004327 
52 -14.636266 0.000000 12.011023 66.916786 0.005868 0.024300 -0.001101 
53 6.825495 0.000000 12.011023 67.101741 0.046975 -0.325637 -0.006666 
54 -3.905385 0.000000 22.509732 66.941868 0.015897 -0.025305 -0.001851 
55 1.460055 0.000000 -3.737042 66.106010 -0.015333 -0.005336 0.023012 
56 -3.905385 0.000000 -3.737042 66.701173 -0.007408 0.129256 0.005337 
57 1.460055 0.000000 -8.986396 66.602698 -0.024164 -0.133146 0.008271 
58 6.825495 0.000000 -3.737042 66.255079 -0.052546 -1.233769 0.018260 
59 1.460055 0.000000 1.512313 67.490789 0.003307 1.621727 -0.018937 
60 17.556376 0.000000 12.011023 66.936627 0.105302 -0.427448 -0.001737 
61 28.287257 0.000000 12.011023 66.897292 0.125576 -0.416565 -0.000559 
62 17.556376 0.000000 22.509732 66.922275 0.047350 -0.131948 -0.001269 
63 12.190936 0.000000 -3.737042 66.802107 -0.206485 -1.101967 0.002047 
64 12.190936 0.000000 -8.986396 66.755074 -0.091408 -0.486309 0.003678 
65 17.556376 0.000000 -3.737042 66.841493 -0.302396 -1.027661 0.000895 
66 12.190936 0.000000 1.512313 66.814430 1.222405 -1.841288 0.000868 
67 1.460055 0.000000 6.761668 67.491236 0.020325 -0.098439 -0.018364 
68 -3.905385 0.000000 6.761668 67.067210 0.009561 0.095639 -0.005608 
69 6.825495 0.000000 6.761668 67.393993 0.057521 -0.918771 -0.015619 
70 1.460055 0.000000 12.011023 67.118977 0.024928 -0.127731 -0.007163 
71 4.142775 0.000000 -1.112364 64.286899 -0.007153 -1.226714 0.075705 
72 1.460055 0.000000 -1.112364 65.795203 -0.005579 0.651463 0.032082 
73 4.142775 0.000000 -3.737042 65.903728 -0.025639 -0.662593 0.028883 
74 6.825495 0.000000 -1.112364 66.072420 -0.024937 -2.840880 0.022200 
75 4.142775 0.000000 1.512313 72.578109 -0.004841 -1.922379 -0.178483 
76 12.190936 0.000000 6.761668 66.982929 0.158080 -0.934674 -0.003281 
77 17.556376 0.000000 6.761668 66.921456 0.215943 -0.869200 -0.001419 
78 12.190936 0.000000 12.011023 66.998695 0.078879 -0.417384 -0.003593 
79 9.508216 0.000000 -1.112364 67.177230 -0.132505 -2.076297 -0.009876 
80 9.508216 0.000000 -3.737042 66.689734 -0.114311 -1.231164 0.005340 
81 12.190936 0.000000 -1.112364 66.898427 -0.557220 -1.574994 -0.001175 
82 9.508216 0.000000 1.512313 65.227338 0.000000 -1.911504 0.047994 
83 71.210780 0.000000 -19.485106 66.878068 -0.074023 -0.149821 0.000052 
84 71.210780 0.000000 -40.482525 66.877201 -0.034251 -0.040832 0.000083 
85 92.672542 0.000000 -19.485106 66.879108 -0.074821 -0.148699 0.000020 
86 71.210780 0.000000 1.512313 66.880094 1.077035 -1.598121 -0.000833 
87 39.018138 0.000000 -8.986396 66.873279 -0.152850 -0.470094 0.000146 
88 39.018138 0.000000 -19.485106 66.870081 -0.069321 -0.153536 0.000290 
89 49.749019 0.000000 -8.986396 66.876869 -0.154460 -0.465506 0.000040 
90 39.018138 0.000000 1.512313 66.880331 1.076060 -1.606214 -0.000846 
91 22.921817 0.000000 -3.737042 66.861093 -0.321482 -0.999975 0.000319 
92 22.921817 0.000000 -8.986396 66.850445 -0.140654 -0.484059 0.000827 
93 28.287257 0.000000 -3.737042 66.870749 -0.327616 -0.986994 0.000035 
94 22.921817 0.000000 1.512313 66.881171 1.076062 -1.634640 -0.000891 
95 14.873656 0.000000 -1.112364 66.859016 -0.683533 -1.556189 -0.000018 
96 14.873656 0.000000 -3.737042 66.825129 -0.271617 -1.050955 0.001377 
97 17.556376 0.000000 -1.112364 66.863964 -0.725004 -1.527281 -0.000160 
98 14.873656 0.000000 1.512313 66.876320 1.188780 -1.775880 -0.000911 
99 9.508216 0.000000 4.136991 66.936107 0.160088 -1.601288 -0.002258 
100 6.825495 0.000000 4.136991 67.620829 0.049704 -1.868722 -0.023058 
101 12.190936 0.000000 4.136991 66.887112 0.361174 -1.287374 -0.000612 
102 9.508216 0.000000 6.761668 67.107279 0.104193 -0.985579 -0.007028 
103 10.849576 0.000000 0.199975 66.835655 -1.054323 -2.346738 -0.000154 
104 9.508216 0.000000 0.199975 68.553011 0.022754 -2.328960 -0.051869 
105 10.849576 0.000000 -1.112364 67.037688 -0.347589 -1.634086 -0.005345 
106 12.190936 0.000000 0.199975 66.839716 -1.917676 -2.876243 -0.001467 
107 10.849576 0.000000 1.512313 66.724098 0.376812 -1.595541 0.004056 
108 8.166856 0.000000 0.199975 67.107175 0.000166 -4.391693 -0.011117 
109 6.825495 0.000000 0.199975 66.335573 0.005060 -4.503699 0.011680 
110 8.166856 0.000000 -1.112364 66.795878 -0.052643 -2.646742 0.000947 
111 8.166856 0.000000 1.512313 66.432390 0.022247 -3.888312 0.009960 
112 71.210780 0.000000 22.509732 66.881995 0.068592 -0.137751 -0.000065 
113 92.672542 0.000000 22.509732 66.880928 0.069430 -0.136668 -0.000033 
114 71.210780 0.000000 43.507151 66.882808 0.032891 -0.039042 -0.000085 
115 39.018138 0.000000 12.011023 66.887064 0.130773 -0.409900 -0.000253 
116 49.749019 0.000000 12.011023 66.883358 0.132351 -0.405534 -0.000141 
117 39.018138 0.000000 22.509732 66.889984 0.063802 -0.141150 -0.000304 
118 22.921817 0.000000 6.761668 66.899206 0.237156 -0.846002 -0.000747 
119 28.287257 0.000000 6.761668 66.890513 0.242026 -0.834782 -0.000483 
120 22.921817 0.000000 12.011023 66.910305 0.118521 -0.421916 -0.000949 
121 14.873656 0.000000 4.136991 66.906897 0.434832 -1.216945 -0.001178 
122 17.556376 0.000000 4.136991 66.905700 0.451333 -1.188774 -0.001130 
123 14.873656 0.000000 6.761668 66.942762 0.195839 -0.891160 -0.002064 
124 10.849576 0.000000 2.824652 66.671834 0.056207 -1.502955 0.005710 
125 9.508216 0.000000 2.824652 66.576778 -0.000000 -1.940701 0.008205 
126 12.190936 0.000000 2.824652 66.827116 0.330742 -1.408360 0.001113 
127 10.849576 0.000000 4.136991 66.872134 0.275578 -1.391641 -0.000215 
128 10.178896 0.000000 0.856144 66.484778 0.082185 -0.191594 0.011774 
129 9.508216 0.000000 0.856144 65.165929 0.042232 -0.284991 0.050583 
130 10.178896 0.000000 0.199975 67.467683 -0.112998 -1.748299 -0.018338 
131 10.849576 0.000000 0.856144 67.005468 2.836271 -11.574378 -0.035504 
132 10.178896 0.000000 1.512313 66.152292 0.000000 -1.283431 0.021275 
133 28.287257 0.000000 -61.479944 66.872805 -0.015937 -0.014896 0.000215 
134 6.825495 0.000000 -61.479944 66.871014 -0.011728 -0.009714 0.000269 
135 28.287257 0.000000 -82.477363 66.875553 -0.011284 -0.007692 0.000133 
136 49.749019 0.000000 -61.479944 66.875404 -0.019142 -0.017438 0.000137 
137 17.556376 0.000000 -29.983815 66.852695 -0.031215 -0.060641 0.000815 
138 6.825495 0.000000 -29.983815 66.844271 -0.022421 -0.041615 0.001068 
139 17.556376 0.000000 -40.482525 66.862826 -0.022099 -0.031673 0.000513 
140 28.287257 0.000000 -29.983815 66.863086 -0.038067 -0.069530 0.000504 
141 12.190936 0.000000 -14.235751 66.789421 -0.058221 -0.233911 0.002694 
142 6.825495 0.000000 -14.235751 66.749808 -0.039380 -0.177020 0.003882 
143 12.190936 0.000000 -19.485106 66.817980 -0.041774 -0.128286 0.001850 
144 17.556376 0.000000 -14.235751 66.825410 -0.074523 -0.253209 0.001616 
145 9.508216 0.000000 -6.361719 66.652789 -0.087970 -0.735398 0.006660 
146 6.825495 0.000000 -6.361719 66.494542 -0.054062 -0.641992 0.011401 
147 9.508216 0.000000 -8.986396 66.693847 -0.068955 -0.458972 0.005511 
148 12.190936 0.000000 -6.361719 66.753411 -0.128610 -0.736935 0.003657 
149 10.849576 0.000000 -2.424703 66.863854 -0.216864 -1.399117 0.000035 
150 9.508216 0.000000 -2.424703 66.812013 -0.131260 -1.592795 0.001461 
151 10.849576 0.000000 -3.737042 66.773332 -0.161176 -1.154732 0.002883 
152 12.190936 0.000000 -2.424703 66.845839 -0.306892 -1.310203 0.000616 
153 10.178896 0.000000 -0.456195 67.356898 -0.234403 -1.827757 -0.015071 
154 9.508216 0.000000 -0.456195 67.634552 -0.095407 -2.285625 -0.023862 
155 10.178896 0.000000 -1.112364 67.139321 -0.221741 -1.790475 -0.008498 
156 10.849576 0.000000 -0.456195 67.076131 -0.510928 -1.743387 -0.006612 
157 13.532296 0.000000 0.199975 66.820200 -1.852543 -3.277054 -0.001381 
158 13.532296 0.000000 -1.112364 66.860896 -0.646683 -1.571181 -0.000074 
159 14.873656 0.000000 0.199975 66.846880 -2.813195 -2.817260 -0.002554 
160 13.532296 0.000000 1.512313 66.853762 1.224164 -1.866950 -0.000330 
161 11.520256 0.000000 0.856144 66.501479 4.715811 -9.131473 -0.012326 
162 11.520256 0.000000 0.199975 66.853720 -1.752070 -2.715391 -0.001549 
163 12.190936 0.000000 0.856144 66.576655 4.880437 -7.665934 -0.009413 
164 11.520256 0.000000 1.512313 66.774330 1.024904 -1.797621 0.002200 
165 10.514236 0.000000 0.528059 66.151036 -0.163911 -2.103977 0.020685 
166 10.178896 0.000000 0.528059 67.326393 0.183730 -1.413563 -0.013848 
167 10.514236 0.000000 0.199975 67.006811 -0.454304 -1.955010 -0.004696 
168 10.849576 0.000000 0.528059 66.180348 -2.347133 -4.317081 0.015415 
169 10.514236 0.000000 0.856144 68.235743 0.333075 -0.230366 -0.040990 
170 11.520256 0.000000 -0.456195 66.951979 -0.766934 -1.769066 -0.002985 
171 11.520256 0.000000 -1.112364 66.942880 -0.470315 -1.587774 -0.002494 
172 12.190936 0.000000 -0.456195 66.893499 -0.899516 -1.801732 -0.001310 
173 11.184916 0.000000 0.528059 66.633553 -3.472800 -4.864276 -0.000630 
174 11.184916 0.000000 0.199975 66.851221 -1.522872 -2.581193 -0.001148 
175 11.520256 0.000000 0.528059 66.686888 -3.746486 -5.239151 -0.003508 
176 11.184916 0.000000 0.856144 66.474478 4.728579 -9.379570 -0.012577 
177 4.142775 0.000000 4.136991 68.494171 0.021123 -0.913653 -0.049040 
178 1.460055 0.000000 4.136991 67.867148 0.012634 0.231182 -0.029750 
179 4.142775 0.000000 6.761668 67.623814 0.032481 -0.538104 -0.022432 
180 8.166856 0.000000 2.824652 66.901859 0.071094 -2.549431 -0.002108 
181 6.825495 0.000000 2.824652 67.620449 0.032485 -2.832439 -0.024059 
182 8.166856 0.000000 4.136991 67.187471 0.084728 -1.823992 -0.009961 
183 10.178896 0.000000 2.168483 66.336074 0.000000 -1.660609 0.015583 
184 9.508216 0.000000 2.168483 66.106212 -0.000000 -2.103513 0.022017 
185 10.849576 0.000000 2.168483 66.610759 0.160505 -1.492733 0.007531 
186 10.178896 0.000000 2.824652 66.629482 0.000000 -1.620882 0.006890 
187 10.514236 0.000000 1.184229 67.001780 -0.000000 -1.377638 -0.004069 
188 10.178896 0.000000 1.184229 66.218310 -0.000000 -0.904464 0.019507 
189 10.849576 0.000000 1.184229 67.080019 1.104469 -2.390022 -0.007540 
190 10.514236 0.000000 1.512313 66.513232 -0.000000 -1.385904 0.010508 
191 10.681906 0.000000 0.692102 62.172237 0.574747 -5.843053 0.128121 
192 10.514236 0.000000 0.692102 65.014878 1.008858 -1.186897 0.054455 
193 10.681906 0.000000 0.528059 65.785748 -1.066418 -3.305493 0.029758 
194 10.849576 0.000000 0.692102 65.496327 -3.495585 -9.839482 0.016573 
195 10.681906 0.000000 0.856144 73.391757 0.469747 -4.224327 -0.208248 
196 13.532296 0.000000 2.824652 66.876503 0.495347 -1.297299 -0.000327 
197 14.873656 0.000000 2.824652 66.894095 0.406218 -1.273395 -0.000821 
198 13.532296 0.000000 4.136991 66.901219 0.411038 -1.242339 -0.001017 
199 11.520256 0.000000 2.168483 66.741680 0.427860 -1.473396 0.003606 
200 12.190936 0.000000 2.168483 66.815246 0.606849 -1.458274 0.001378 
201 11.520256 0.000000 2.824652 66.773456 0.269004 -1.437011 0.002706 
202 11.184916 0.000000 1.184229 66.816671 1.978943 -2.631387 -0.000531 
203 11.520256 0.000000 1.184229 66.763282 1.876650 -2.933370 0.000776 
204 11.184916 0.000000 1.512313 66.756839 0.778721 -1.737724 0.002869 
205 11.017246 0.000000 0.692102 66.128210 -4.064791 -10.343237 -0.005256 
206 11.017246 0.000000 0.528059 66.517596 -3.110640 -4.660760 0.003788 
207 11.184916 0.000000 0.692102 66.210346 -3.923487 -11.008479 -0.010610 
208 11.017246 0.000000 0.856144 66.546442 4.490057 -9.624837 -0.015268 
209 10.681906 0.000000 1.020186 68.406002 0.000000 -3.056455 -0.048243 
210 10.514236 0.000000 1.020186 67.838455 -0.000000 -1.309969 -0.029251 
211 10.849576 0.000000 1.020186 67.431912 2.096072 -4.372141 -0.021829 
212 10.681906 0.000000 1.184229 67.179604 0.000000 -1.912293 -0.009797 
213 10.765741 0.000000 0.774123 68.280228 1.155732 -2.057647 -0.043556 
214 10.681906 0.000000 0.774123 69.071391 1.204232 -1.620614 -0.067517 
215 10.765741 0.000000 0.692102 63.995588 -2.017100 -9.183754 0.064631 
216 10.849576 0.000000 0.774123 65.721534 -0.885839 -14.908140 -0.015521 
217 10.765741 0.000000 0.856144 72.247820 0.667805 -4.624952 -0.171845 
218 8.837536 0.000000 0.856144 65.467221 -0.000000 -7.788787 0.028239 
219 8.166856 0.000000 0.856144 66.685612 -0.009908 -4.931540 0.000367 
220 8.837536 0.000000 0.199975 68.303367 0.006580 -4.168205 -0.046902 
221 8.837536 0.000000 1.512313 65.463516 0.052632 -3.477812 0.039206 
222 9.843556 0.000000 0.528059 68.224437 0.156286 -1.420293 -0.041065 
223 9.508216 0.000000 0.528059 69.278159 0.098624 -1.869969 -0.073785 
224 9.843556 0.000000 0.199975 68.015644 -0.000128 -1.856566 -0.035020 
225 9.843556 0.000000 0.856144 65.834321 0.046141 0.057318 0.031025 
226 10.346566 0.000000 0.692102 66.512264 0.673021 -0.658052 0.010769 
227 10.178896 0.000000 0.692102 67.258424 0.483665 -0.601781 -0.011482 
228 10.346566 0.000000 0.528059 66.794888 0.123576 -1.566440 0.001992 
229 10.346566 0.000000 0.856144 66.998892 0.156917 -0.154010 -0.003569 
230 10.598071 0.000000 0.774123 67.777100 1.131654 -0.236982 -0.027306 
231 10.514236 0.000000 0.774123 67.243024 0.809727 -0.027438 -0.011032 
232 10.598071 0.000000 0.692102 63.438043 1.210916 -2.346010 0.098722 
233 10.598071 0.000000 0.856144 69.979108 0.577808 -0.725945 -0.095016 
234 11.017246 0.000000 1.020186 66.916473 2.936822 -4.608776 -0.007768 
235 11.184916 0.000000 1.020186 66.751421 3.406126 -4.558786 -0.003399 
236 11.017246 0.000000 1.184229 66.910440 1.672600 -2.578340 -0.003022 
237 10.765741 0.000000 0.938165 69.517930 0.000000 -4.627551 -0.085229 
238 10.681906 0.000000 0.938165 70.606330 0.000000 -4.509455 -0.119084 
239 10.849576 0.000000 0.938165 67.464361 3.825035 -6.812298 -0.031197 
240 10.765741 0.000000 1.020186 68.252362 0.000000 -3.295911 -0.043889 
241 10.723823 0.000000 0.815133 70.702765 0.960477 -2.938578 -0.119721 
242 10.681906 0.000000 0.815133 70.560172 0.949012 -2.409567 -0.114580 
243 10.723823 0.000000 0.774123 68.893762 1.272343 -1.945182 -0.062335 
244 10.765741 0.000000 0.815133 70.598517 0.943215 -3.314385 -0.116946 
245 10.723823 0.000000 0.856144 72.598127 0.557691 -4.924133 -0.183797 
246 9.843556 0.000000 1.184229 65.419423 -0.000000 -0.958481 0.042995 
247 9.508216 0.000000 1.184229 64.552695 0.000000 -1.453510 0.067913 
248 9.843556 0.000000 1.512313 65.686891 -0.000000 -1.469798 0.034878 
249 10.346566 0.000000 1.020186 66.921241 -0.000000 -0.748196 -0.001359 
250 10.178896 0.000000 1.020186 66.296267 0.000000 -0.576382 0.017306 
251 10.346566 0.000000 1.184229 66.623291 -0.000000 -1.055388 0.007413 
252 10.598071 0.000000 0.938165 69.665586 -0.000000 -2.176691 -0.086095 
253 10.514236 0.000000 0.938165 68.485263 -0.000000 -1.066757 -0.048835 
254 10.598071 0.000000 1.020186 68.339805 -0.000000 -2.119142 -0.045135 
255 10.639988 0.000000 0.815133 69.656577 0.973713 -1.445294 -0.085434 
256 10.598071 0.000000 0.815133 68.682589 0.842815 -0.392813 -0.054825 
257 10.639988 0.000000 0.774123 68.548676 1.225417 -0.907683 -0.051043 
258 10.639988 0.000000 0.856144 71.481946 0.556500 -1.943064 -0.143266 
259 10.514236 0.000000 -0.128110 67.192304 -0.413704 -1.774157 -0.010103 
260 10.178896 0.000000 -0.128110 67.451282 -0.213796 -1.803621 -0.017894 
261 10.514236 0.000000 -0.456195 67.196123 -0.361234 -1.759724 -0.010197 
262 10.849576 0.000000 -0.128110 67.033924 -0.680656 -1.854000 -0.005480 
263 10.681906 0.000000 0.364017 66.564603 -0.887952 -2.726145 0.007572 
264 10.514236 0.000000 0.364017 66.732504 -0.400909 -2.272215 0.003216 
265 10.681906 0.000000 0.199975 66.877933 -0.741383 -2.157563 -0.001102 
266 10.849576 0.000000 0.364017 66.599162 -1.450728 -3.128693 0.005722 
267 10.765741 0.000000 0.610080 65.244610 -2.070623 -5.349132 0.040952 
268 10.681906 0.000000 0.610080 64.785473 -0.895317 -4.069133 0.057774 
269 10.765741 0.000000 0.528059 65.934613 -1.736427 -3.913118 0.023974 
270 10.849576 0.000000 0.610080 65.846982 -3.034051 -5.984417 0.020588 
271 10.723823 0.000000 0.733112 66.289447 1.549301 0.000000 0.017045 
272 10.681906 0.000000 0.733112 66.306756 1.683056 0.000000 0.016436 
273 10.723823 0.000000 0.692102 62.823583 -0.748079 -7.861536 0.103683 
274 10.765741 0.000000 0.733112 66.306915 1.431348 0.000000 0.016606 
275 10.702865 0.000000 0.794628 70.579831 0.874293 -3.872852 -0.117225 
276 10.681906 0.000000 0.794628 71.329430 0.950934 -2.614658 -0.139214 
277 10.702865 0.000000 0.774123 69.191421 1.221686 -1.924106 -0.071477 
278 10.723823 0.000000 0.794628 69.739780 1.129882 -2.369530 -0.088889 
279 10.702865 0.000000 0.815133 70.589246 0.969240 -2.768908 -0.115922 
280 10.598071 0.000000 0.610080 65.029065 -0.093717 -2.662725 0.052998 
281 10.514236 0.000000 0.610080 65.639411 0.242681 -1.785130 0.036029 
282 10.598071 0.000000 0.528059 65.875049 -0.515487 -2.637061 0.028212 
283 10.639988 0.000000 0.733112 66.345439 1.596465 0.000000 0.015352 
284 10.598071 0.000000 0.733112 66.457398 1.500110 0.000000 0.012095 
285 10.639988 0.000000 0.692102 62.532368 1.216640 -3.823875 0.122187 
286 10.660947 0.000000 0.794628 70.310279 1.053922 -1.697455 -0.106103 
287 10.639988 0.000000 0.794628 70.041957 0.934372 -1.001643 -0.097211 
288 10.660947 0.000000 0.774123 68.916477 1.176606 -1.354368 -0.062546 
289 10.660947 0.000000 0.815133 70.102098 0.956496 -1.855987 -0.099650 
290 10.639988 0.000000 0.897154 72.168692 0.000000 -3.093439 -0.166547 
291 10.598071 0.000000 0.897154 70.687890 -0.000000 -1.633529 -0.117711 
292 10.681906 0.000000 0.897154 73.337209 0.057159 -4.856926 -0.207695 
293 10.639988 0.000000 0.938165 70.312417 0.000000 -3.221854 -0.107599 
294 10.660947 0.000000 0.835639 71.567696 0.723530 -2.450293 -0.146554 
295 10.639988 0.000000 0.835639 70.912447 0.748109 -1.765306 -0.125045 
296 10.681906 0.000000 0.835639 72.448125 0.685898 -3.525332 -0.176326 
297 10.660947 0.000000 0.856144 72.560017 0.482085 -2.999527 -0.179133 
298 10.671426 0.000000 0.804881 70.775049 1.033325 -2.222108 -0.121213 
299 10.660947 0.000000 0.804881 70.453822 1.013225 -1.747720 -0.110641 
300 10.671426 0.000000 0.794628 70.593139 1.059088 -2.126890 -0.115383 
301 10.681906 0.000000 0.804881 71.478004 0.926849 -2.707707 -0.144058 
302 10.671426 0.000000 0.815133 70.625607 0.986998 -2.222798 -0.116469 
303 10.430401 0.000000 0.774123 66.976872 0.521131 -0.027226 -0.002960 
304 10.346566 0.000000 0.774123 66.960556 0.297989 -0.046460 -0.002431 
305 10.430401 0.000000 0.692102 65.923691 0.816726 -0.816169 0.028095 
306 10.430401 0.000000 0.856144 67.444289 0.240770 -0.174173 -0.016966 
307 10.556153 0.000000 0.815133 68.080073 0.717721 -0.089225 -0.036326 
308 10.514236 0.000000 0.815133 67.665407 0.545815 -0.059492 -0.023692 
309 10.556153 0.000000 0.774123 67.402435 0.909441 -0.046202 -0.015869 
310 10.556153 0.000000 0.856144 68.703907 0.499121 -0.259728 -0.055357 
311 10.430401 0.000000 0.938165 67.624395 -0.000000 -0.629385 -0.022473 
312 10.346566 0.000000 0.938165 67.043255 -0.000000 -0.473699 -0.004938 
313 10.430401 0.000000 1.020186 67.288665 -0.000000 -0.953998 -0.012462 
314 10.472318 0.000000 0.815133 67.452078 0.416983 -0.068460 -0.017221 
315 10.430401 0.000000 0.815133 67.230271 0.349557 -0.058776 -0.010530 
316 10.472318 0.000000 0.774123 67.062176 0.650557 -0.028910 -0.005550 
317 10.472318 0.000000 0.856144 67.697143 0.296805 -0.199905 -0.024614 
318 10.556153 0.000000 0.733112 66.604325 1.160910 0.000000 0.007926 
319 10.514236 0.000000 0.733112 66.714414 0.983069 0.000000 0.004730 
320 10.556153 0.000000 0.692102 64.328536 1.118660 -1.584035 0.074004 
321 10.535195 0.000000 0.794628 67.813667 0.617621 -0.047141 -0.028201 
322 10.514236 0.000000 0.794628 67.644826 0.544483 -0.059369 -0.023069 
323 10.535195 0.000000 0.774123 67.240998 0.834927 -0.027022 -0.010981 
324 10.556153 0.000000 0.794628 67.984834 0.714998 -0.053810 -0.033427 
325 10.535195 0.000000 0.815133 67.900271 0.566272 -0.056452 -0.030816 
326 10.011226 0.000000 0.692102 67.723736 0.364053 -0.545217 -0.025487 
327 9.843556 0.000000 0.692102 68.252928 0.284573 -0.439664 -0.041539 
328 10.011226 0.000000 0.528059 67.772300 0.178855 -1.375637 -0.027292 
329 10.011226 0.000000 0.856144 66.190992 0.048278 -0.122986 0.020494 
330 10.262731 0.000000 0.774123 66.810971 0.240751 -0.048832 0.002050 
331 10.178896 0.000000 0.774123 66.720614 0.224961 -0.056823 0.004749 
332 10.262731 0.000000 0.692102 66.934462 0.566321 -0.617078 -0.001786 
333 10.262731 0.000000 0.856144 66.721978 0.068203 -0.176359 0.004712 
334 10.388483 0.000000 0.815133 67.097639 0.294166 -0.058589 -0.006539 
335 10.346566 0.000000 0.815133 66.979056 0.249634 -0.061240 -0.002979 
336 10.388483 0.000000 0.774123 67.071485 0.350189 -0.045161 -0.005762 
337 10.388483 0.000000 0.856144 67.312837 0.130699 -0.158560 -0.012995 
338 10.011226 0.000000 1.020186 65.839819 0.000000 -0.507823 0.030806 
339 9.843556 0.000000 1.020186 65.330528 -0.000000 -0.574784 0.045725 
340 10.011226 0.000000 1.184229 65.841094 0.000000 -0.856660 0.030662 
341 10.095061 0.000000 0.774123 66.611553 0.184224 -0.072228 0.008003 
342 10.011226 0.000000 0.774123 66.521319 0.128174 -0.056322 0.010693 
343 10.095061 0.000000 0.692102 67.505708 0.414320 -0.580473 -0.018913 
344 10.095061 0.000000 0.856144 66.309465 0.070656 -0.192074 0.016979 
345 10.095061 0.000000 0.938165 66.105901 0.000000 -0.355318 0.022987 
346 10.011226 0.000000 0.938165 65.889739 0.000000 -0.322675 0.029371 
347 10.178896 0.000000 0.938165 66.377462 0.000000 -0.405466 0.014935 
348 10.095061 0.000000 1.020186 66.054844 0.000000 -0.514996 0.024464 
349 10.136978 0.000000 0.815133 66.566547 0.173656 -0.095715 0.009343 
350 10.095061 0.000000 0.815133 66.498900 0.135972 -0.107986 0.011357 
351 10.136978 0.000000 0.774123 66.612271 0.186773 -0.081767 0.007981 
352 10.178896 0.000000 0.815133 66.654213 0.179498 -0.090327 0.006732 
353 10.136978 0.000000 0.856144 66.455127 0.114918 -0.161823 0.012656 
354 8.166856 0.000000 -2.424703 66.553356 -0.074848 -1.795616 0.009022 
355 6.825495 0.000000 -2.424703 66.147878 -0.044049 -1.805733 0.021044 
356 8.166856 0.000000 -3.737042 66.518853 -0.078560 -1.280654 0.010403 
357 8.837536 0.000000 -0.456195 67.479772 -0.050068 -2.942274 -0.019952 
358 8.166856 0.000000 -0.456195 66.997496 -0.031180 -3.297630 -0.005948 
359 8.837536 0.000000 -1.112364 67.060653 -0.081337 -2.399906 -0.006699 
360 9.843556 0.000000 -0.128110 67.765988 -0.105450 -1.951386 -0.027524 
361 9.508216 0.000000 -0.128110 68.004681 -0.052258 -2.333178 -0.035133 
362 9.843556 0.000000 -0.456195 67.524795 -0.148262 -2.011306 -0.020284 
363 10.011226 0.000000 0.364017 67.769965 0.066258 -1.807363 -0.027522 
364 9.843556 0.000000 0.364017 68.130568 0.086703 -1.879056 -0.038538 
365 10.011226 0.000000 0.199975 67.737041 -0.039319 -1.753578 -0.026481 
366 10.178896 0.000000 0.364017 67.410547 0.012506 -1.840521 -0.016686 
367 10.095061 0.000000 0.610080 67.531415 0.299193 -0.963894 -0.019803 
368 10.011226 0.000000 0.610080 67.760077 0.271040 -0.949084 -0.026709 
369 10.095061 0.000000 0.528059 67.554309 0.185265 -1.378059 -0.020699 
370 10.178896 0.000000 0.610080 67.283365 0.328242 -1.004229 -0.012348 
371 10.136978 0.000000 0.733112 66.809888 0.272997 0.000000 0.002079 
372 10.095061 0.000000 0.733112 66.809792 0.269861 0.000000 0.002082 
373 10.136978 0.000000 0.692102 67.391740 0.447319 -0.588827 -0.015484 
374 10.178896 0.000000 0.733112 66.809948 0.301848 0.000000 0.002073 
375 10.262731 0.000000 0.938165 66.680273 -0.000000 -0.440664 0.005920 
376 10.262731 0.000000 1.020186 66.597512 -0.000000 -0.660338 0.008332 
377 10.220813 0.000000 0.815133 66.702718 0.201053 -0.077751 0.005284 
378 10.220813 0.000000 0.774123 66.721693 0.222764 -0.064144 0.004716 
379 10.262731 0.000000 0.815133 66.775894 0.182034 -0.080694 0.003102 
380 10.220813 0.000000 0.856144 66.657892 0.157846 -0.132641 0.006621 
381 10.157937 0.000000 0.794628 66.549099 0.160476 -0.109525 0.009862 
382 10.136978 0.000000 0.794628 66.570355 0.175611 -0.094765 0.009229 
383 10.157937 0.000000 0.774123 66.653521 0.201479 -0.073172 0.006751 
384 10.178896 0.000000 0.794628 66.584171 0.175790 -0.102865 0.008818 
385 10.157937 0.000000 0.815133 66.606143 0.180618 -0.089245 0.008164 
386 9.172876 0.000000 0.528059 70.527920 0.037170 -3.466764 -0.114751 
387 8.837536 0.000000 0.528059 68.916005 -0.010547 -6.064801 -0.070035 
388 9.172876 0.000000 0.199975 68.801221 0.017310 -3.235444 -0.060618 
389 9.172876 0.000000 0.856144 62.991311 0.016816 -0.486632 0.112855 
390 9.675886 0.000000 0.692102 68.917107 0.217676 -0.544022 -0.061923 
391 9.508216 0.000000 0.692102 69.569436 0.164722 -0.820744 -0.082199 
392 9.675886 0.000000 0.528059 68.724079 0.128195 -1.574987 -0.056464 
393 9.675886 0.000000 0.856144 65.271754 0.039273 -0.018657 0.047515 
394 9.927391 0.000000 0.774123 66.452457 0.115910 0.000177 0.012742 
395 9.843556 0.000000 0.774123 66.298528 0.098703 0.074016 0.017310 
396 9.927391 0.000000 0.692102 67.957554 0.324628 -0.490458 -0.032560 
397 9.927391 0.000000 0.856144 66.031136 0.043181 -0.023173 0.025223 
398 8.837536 0.000000 2.168483 66.238554 0.110143 -2.688340 0.017472 
399 8.166856 0.000000 2.168483 66.657271 0.052724 -3.077671 0.004531 
400 8.837536 0.000000 2.824652 66.655142 0.126033 -2.283032 0.005544 
401 9.172876 0.000000 1.184229 63.827280 0.000000 -2.825693 0.087421 
402 8.837536 0.000000 1.184229 64.311349 -0.000000 -4.593366 0.070622 
403 9.172876 0.000000 1.512313 65.066741 0.000000 -2.746819 0.051802 
404 9.675886 0.000000 1.020186 64.743790 0.000000 -0.691536 0.062755 
405 9.508216 0.000000 1.020186 64.150176 0.000000 -0.958910 0.079762 
406 9.675886 0.000000 1.184229 65.007703 0.000000 -1.114121 0.054929 
407 9.759721 0.000000 0.774123 66.223353 0.090817 0.092279 0.019536 
408 9.675886 0.000000 0.774123 65.943742 0.070326 0.082357 0.027800 
409 9.759721 0.000000 0.692102 68.580599 0.249292 -0.468442 -0.051565 
410 9.759721 0.000000 0.856144 65.621387 0.046503 0.071804 0.037282 
411 9.340546 0.000000 0.692102 70.501488 0.118571 -0.929184 -0.111426 
412 9.172876 0.000000 0.692102 72.311117 0.070133 -1.879141 -0.169799 
413 9.340546 0.000000 0.528059 69.919783 0.068243 -2.376247 -0.094232 
414 9.340546 0.000000 0.856144 64.333475 0.023592 -0.167148 0.074696 
415 9.592051 0.000000 0.774123 65.714561 0.064110 -0.014146 0.034547 
416 9.508216 0.000000 0.774123 65.799696 0.062916 -0.160036 0.032038 
417 9.592051 0.000000 0.692102 69.259004 0.190053 -0.673784 -0.072517 
418 9.592051 0.000000 0.856144 64.994897 0.035907 -0.181951 0.055571 
419 9.340546 0.000000 1.020186 63.364166 0.000000 -1.340116 0.101974 
420 9.172876 0.000000 1.020186 62.376747 0.000000 -2.466510 0.128773 
421 9.340546 0.000000 1.184229 64.119351 0.000000 -1.948890 0.080002 
422 9.424381 0.000000 0.774123 65.699216 0.052577 -0.138194 0.034994 
423 9.340546 0.000000 0.774123 65.408094 0.041811 0.010324 0.043532 
424 9.424381 0.000000 0.692102 69.911232 0.141738 -0.872516 -0.092876 
425 9.424381 0.000000 0.856144 64.920940 0.030124 -0.267031 0.057710 
426 9.592051 0.000000 0.938165 64.278238 0.000000 -0.523814 0.076229 
427 9.508216 0.000000 0.938165 64.005474 0.000000 -0.696582 0.084005 
428 9.675886 0.000000 0.938165 64.651277 0.000000 -0.357400 0.065509 
429 9.592051 0.000000 1.020186 64.463039 0.000000 -0.827799 0.070818 
430 9.550133 0.000000 0.815133 65.410316 0.051241 -0.061729 0.043466 
431 9.508216 0.000000 0.815133 65.424184 0.052450 -0.240432 0.043048 
432 9.550133 0.000000 0.774123 65.781830 0.064234 -0.032227 0.032569 
433 9.592051 0.000000 0.815133 65.542773 0.057492 -0.027754 0.039588 
434 9.550133 0.000000 0.856144 64.439953 0.018697 -0.270249 0.071620 
435 5.484135 0.000000 0.199975 64.261071 0.008460 -5.390009 0.070289 
436 4.142775 0.000000 0.199975 61.651728 0.006703 -1.662379 0.149619 
437 5.484135 0.000000 -1.112364 64.999114 -0.012292 -2.576770 0.053971 
438 5.484135 0.000000 1.512313 69.295338 -0.004510 -5.588148 -0.080515 
439 7.496176 0.000000 0.856144 66.718458 -0.013402 -4.790730 -0.000306 
440 6.825495 0.000000 0.856144 66.705712 -0.015866 -5.179291 -0.000792 
441 7.496176 0.000000 0.199975 66.659117 0.003109 -4.334258 0.002395 
442 7.496176 0.000000 1.512313 66.867973 0.010106 -3.995199 -0.003209 
443 8.502196 0.000000 0.528059 67.356716 -0.035117 -5.730648 -0.021649 
444 8.166856 0.000000 0.528059 66.928519 -0.000269 -5.366268 -0.007889 
445 8.502196 0.000000 0.199975 67.565058 0.001396 -4.427922 -0.024974 
446 8.502196 0.000000 0.856144 66.584780 -0.007944 -5.466648 0.002128 
447 9.005206 0.000000 0.692102 73.295140 0.014506 -6.375292 -0.210128 
448 8.837536 0.000000 0.692102 68.570568 -0.010665 -7.465276 -0.063654 
449 9.005206 0.000000 0.528059 70.278031 0.008408 -5.146506 -0.110119 
450 9.005206 0.000000 0.856144 61.854083 0.005663 -3.568391 0.141803 
451 9.256711 0.000000 0.774123 65.662343 0.042476 -0.030084 0.036081 
452 9.172876 0.000000 0.774123 65.041582 0.030266 -0.063954 0.054220 
453 9.256711 0.000000 0.692102 71.279911 0.094513 -1.226826 -0.136243 
454 9.256711 0.000000 0.856144 64.099757 0.023801 -0.258632 0.081398 
455 9.424381 0.000000 0.938165 63.765222 0.000000 -0.738000 0.090854 
456 9.340546 0.000000 0.938165 63.108398 0.000000 -0.831380 0.109452 
457 9.424381 0.000000 1.020186 63.782543 0.000000 -1.095814 0.090214 
458 9.382463 0.000000 0.815133 65.427357 0.042709 -0.101024 0.042966 
459 9.340546 0.000000 0.815133 65.189812 0.038345 0.021895 0.049905 
460 9.382463 0.000000 0.774123 65.928395 0.052834 -0.072922 0.028253 
461 9.424381 0.000000 0.815133 65.478903 0.046266 -0.172279 0.041453 
462 9.382463 0.000000 0.856144 64.599815 0.025675 -0.175668 0.067018 
463 8.502196 0.000000 1.184229 66.003544 0.008906 -4.602000 0.021303 
464 8.166856 0.000000 1.184229 66.467870 0.005612 -4.415372 0.007928 
465 8.502196 0.000000 1.512313 66.023624 0.031597 -3.811649 0.022197 
466 9.005206 0.000000 1.020186 62.616513 0.000000 -4.815809 0.118248 
467 8.837536 0.000000 1.020186 64.252810 -0.000000 -5.870104 0.069318 
468 9.005206 0.000000 1.184229 64.109028 -0.000000 -3.867253 0.077804 
469 9.256711 0.000000 0.938165 62.339879 0.000000 -1.150234 0.130865 
470 9.172876 0.000000 0.938165 61.408499 0.000000 -1.797975 0.156206 
471 9.256711 0.000000 1.020186 62.902995 0.000000 -1.739544 0.114717 
472 9.298628 0.000000 0.815133 64.912395 0.033887 0.049038 0.057974 
473 9.256711 0.000000 0.815133 64.677981 0.031391 -0.115932 0.064763 
474 9.298628 0.000000 0.774123 65.370222 0.040506 0.061305 0.044638 
475 9.298628 0.000000 0.856144 63.792442 0.019222 -0.178863 0.090193 
476 9.172876 0.000000 -0.128110 68.052186 -0.031162 -2.863480 -0.037194 
477 8.837536 0.000000 -0.128110 67.813105 -0.023775 -3.369425 -0.030637 
478 9.172876 0.000000 -0.456195 67.622946 -0.066626 -2.616415 -0.023872 
479 9.340546 0.000000 0.364017 69.263319 0.063717 -2.821307 -0.074322 
480 9.172876 0.000000 0.364017 69.447128 0.047732 -3.548532 -0.081057 
481 9.340546 0.000000 0.199975 68.749854 0.022215 -2.726352 -0.058360 
482 9.508216 0.000000 0.364017 68.906829 0.077577 -2.352131 -0.062768 
483 9.424381 0.000000 0.610080 69.804217 0.112168 -1.491460 -0.089859 
484 9.340546 0.000000 0.610080 70.257776 0.093113 -1.735260 -0.104236 
485 9.424381 0.000000 0.528059 69.584432 0.083248 -2.078326 -0.083477 
486 9.508216 0.000000 0.610080 69.441273 0.131718 -1.337103 -0.078463 
487 9.382463 0.000000 0.733112 66.786539 0.077362 0.000000 0.002792 
488 9.340546 0.000000 0.733112 66.782691 0.066879 0.000000 0.002907 
489 9.382463 0.000000 0.692102 70.170416 0.130590 -0.882270 -0.100996 
490 9.424381 0.000000 0.733112 66.786847 0.078321 0.000000 0.002782 
491 9.361504 0.000000 0.794628 65.395832 0.037374 -0.107221 0.043888 
492 9.340546 0.000000 0.794628 65.149739 0.038173 0.045998 0.051072 
493 9.361504 0.000000 0.774123 65.663871 0.048409 -0.010333 0.036036 
494 9.382463 0.000000 0.794628 65.689943 0.046956 -0.107768 0.035268 
495 9.361504 0.000000 0.815133 65.243180 0.040296 -0.032198 0.048348 
496 9.089041 0.000000 0.774123 64.787316 0.018397 -0.384861 0.061568 
497 9.005206 0.000000 0.774123 65.363255 0.011129 -1.274893 0.044479 
498 9.089041 0.000000 0.692102 73.407908 0.043605 -3.422743 -0.207359 
499 9.089041 0.000000 0.856144 61.708211 0.010731 -1.257268 0.148325 
500 9.214793 0.000000 0.815133 64.600230 0.028995 -0.107141 0.067010 
501 9.172876 0.000000 0.815133 64.332354 0.026346 -0.129721 0.074731 
502 9.214793 0.000000 0.774123 66.134536 0.040317 -0.026129 0.022168 
503 9.214793 0.000000 0.856144 62.641423 0.011468 -0.372139 0.122704 
504 9.089041 0.000000 0.938165 60.428010 0.000000 -3.058175 0.181545 
505 9.005206 0.000000 0.938165 60.363021 0.000000 -5.872887 0.177680 
506 9.089041 0.000000 1.020186 62.167499 0.000000 -3.666501 0.132954 
507 9.130958 0.000000 0.815133 64.162239 0.021405 -0.212205 0.079611 
508 9.089041 0.000000 0.815133 63.885907 0.016275 -0.486056 0.087479 
509 9.130958 0.000000 0.774123 65.071617 0.025686 -0.115560 0.053344 
510 9.130958 0.000000 0.856144 62.802401 0.014911 -0.644058 0.118128 
511 8.669866 0.000000 0.692102 67.378623 -0.012979 -6.270052 -0.023756 
512 8.502196 0.000000 0.692102 67.039718 -0.014549 -5.675275 -0.011983 
513 8.669866 0.000000 0.528059 67.882385 -0.021837 -5.979701 -0.038194 
514 8.669866 0.000000 0.856144 66.403973 -0.010642 -6.149860 0.005729 
515 8.921371 0.000000 0.774123 64.023102 0.002477 -6.497892 0.074169 
516 8.837536 0.000000 0.774123 65.650390 -0.000000 -7.991029 0.022156 
517 8.921371 0.000000 0.692102 70.477761 -0.004668 -8.027990 -0.124891 
518 8.921371 0.000000 0.856144 63.710823 0.000920 -7.647661 0.079451 
519 9.047123 0.000000 0.815133 63.453408 0.011765 -1.020536 0.099612 
520 9.005206 0.000000 0.815133 64.247547 0.009656 -1.840177 0.076415 
521 9.047123 0.000000 0.774123 65.286106 0.014394 -0.745182 0.046972 
522 9.047123 0.000000 0.856144 62.563169 0.009403 -1.879288 0.124136 
523 9.005206 0.000000 0.364017 69.224981 0.032993 -4.374926 -0.075634 
524 8.837536 0.000000 0.364017 68.614720 0.021839 -4.933552 -0.057990 
525 9.005206 0.000000 0.199975 68.644838 0.011307 -3.760832 -0.056635 
526 9.089041 0.000000 0.610080 71.667321 0.033387 -4.063332 -0.151977 
527 9.005206 0.000000 0.610080 71.286041 0.014798 -5.508586 -0.142884 
528 9.089041 0.000000 0.528059 70.584509 0.021809 -4.287102 -0.117958 
529 9.172876 0.000000 0.610080 71.342912 0.053401 -2.894288 -0.139787 
530 9.047123 0.000000 0.733112 66.766755 0.014632 0.000000 0.003384 
531 9.005206 0.000000 0.733112 66.766185 0.011657 0.000000 0.003401 
532 9.047123 0.000000 0.692102 73.691172 0.028961 -4.737390 -0.219073 
533 9.089041 0.000000 0.733112 66.768449 0.023536 0.000000 0.003333 
534 9.068082 0.000000 0.794628 63.791744 0.014422 -0.529639 0.090157 
535 9.047123 0.000000 0.794628 62.967339 0.011379 -0.928721 0.113390 
536 9.068082 0.000000 0.774123 65.607517 0.016030 -0.363316 0.037661 
537 9.089041 0.000000 0.794628 64.029559 0.016140 -0.427958 0.083383 
538 9.068082 0.000000 0.815133 64.071446 0.014842 -0.741963 0.082101 
539 8.669866 0.000000 1.020186 65.703549 -0.004372 -5.431317 0.028276 
540 8.502196 0.000000 1.020186 66.198015 -0.000383 -5.072007 0.014539 
541 8.669866 0.000000 1.184229 65.528114 0.007824 -4.666044 0.035151 
542 8.921371 0.000000 0.938165 63.404464 -0.000000 -6.852163 0.090736 
543 8.837536 0.000000 0.938165 64.764190 -0.000000 -6.781315 0.051990 
544 8.921371 0.000000 1.020186 63.641345 -0.000000 -5.612592 0.087462 
545 8.963288 0.000000 0.815133 61.773771 0.004067 -5.407879 0.140331 
546 8.921371 0.000000 0.815133 63.815069 0.001818 -7.348552 0.077482 
547 8.963288 0.000000 0.774123 62.539338 0.005067 -4.415585 0.121233 
548 8.963288 0.000000 0.856144 62.496524 0.003672 -5.445681 0.120159 
549 9.026164 0.000000 0.794628 62.681553 0.008891 -0.990453 0.121392 
550 9.005206 0.000000 0.794628 61.126030 0.006355 -3.621687 0.161734 
551 9.026164 0.000000 0.774123 65.171239 0.011811 -0.849294 0.050285 
552 9.026164 0.000000 0.815133 63.326294 0.009272 -1.422850 0.102995 
553 8.921371 0.000000 0.610080 70.117192 0.000780 -6.470440 -0.108509 
554 8.837536 0.000000 0.610080 68.946822 -0.007304 -6.618544 -0.072555 
555 8.921371 0.000000 0.528059 69.638609 -0.002505 -5.789877 -0.091690 
556 8.963288 0.000000 0.733112 66.765443 0.008119 0.000000 0.003423 
557 8.921371 0.000000 0.733112 70.191599 -0.017279 -9.476681 -0.121561 
558 8.963288 0.000000 0.692102 72.000133 0.002536 -7.638733 -0.172020 
559 8.984247 0.000000 0.794628 61.037094 0.005847 -4.252818 0.163052 
560 8.963288 0.000000 0.794628 61.178427 0.004126 -5.367081 0.156794 
561 8.984247 0.000000 0.774123 63.151485 0.007708 -2.729315 0.106725 
562 8.984247 0.000000 0.815133 61.997084 0.006264 -3.909531 0.137273 
563 8.963288 0.000000 0.897154 61.506666 -0.000000 -8.033422 0.139803 
564 8.921371 0.000000 0.897154 63.336281 0.000000 -7.909369 0.089179 
565 9.005206 0.000000 0.897154 58.687406 0.000000 -6.849749 0.219499 
566 8.963288 0.000000 0.938165 61.995424 0.000000 -6.750583 0.130548 
567 8.984247 0.000000 0.835639 62.744265 0.006128 -3.889943 0.116469 
568 8.963288 0.000000 0.835639 62.937039 0.004265 -5.291600 0.108176 
569 9.005206 0.000000 0.835639 63.222597 0.008634 -2.492423 0.104993 
570 8.984247 0.000000 0.856144 61.446821 0.003726 -5.240266 0.149737 
571 8.994726 0.000000 0.804881 60.987928 0.005816 -3.782992 0.165237 
572 8.984247 0.000000 0.804881 60.890714 0.005669 -4.401275 0.166755 
573 8.994726 0.000000 0.794628 61.095454 0.005964 -3.700429 0.162441 
574 9.005206 0.000000 0.804881 61.008919 0.006235 -3.697806 0.164807 
575 8.994726 0.000000 0.815133 62.467401 0.006670 -3.320806 0.125137 
576 28.287257 0.000000 64.504570 66.887022 0.015493 -0.014386 -0.000210 
577 6.825495 0.000000 64.504570 66.888717 0.011470 -0.009413 -0.000261 
578 49.749019 0.000000 64.504570 66.884530 0.018589 -0.016870 -0.000136 
579 28.287257 0.000000 85.501989 66.884358 0.011054 -0.007493 -0.000130 
580 17.556376 0.000000 33.008442 66.906017 0.029459 -0.056713 -0.000779 
581 6.825495 0.000000 33.008442 66.913586 0.021452 -0.039099 -0.001005 
582 28.287257 0.000000 33.008442 66.896450 0.035877 -0.064795 -0.000493 
583 17.556376 0.000000 43.507151 66.896518 0.021224 -0.030085 -0.000494 
584 12.190936 0.000000 17.260377 66.964202 0.052475 -0.206235 -0.002530 
585 6.825495 0.000000 17.260377 66.996694 0.036926 -0.156563 -0.003498 
586 17.556376 0.000000 17.260377 66.932665 0.066250 -0.226016 -0.001588 
587 12.190936 0.000000 22.509732 66.937920 0.039028 -0.116264 -0.001736 
588 9.508216 0.000000 9.386345 67.093304 0.078148 -0.605057 -0.006472 
589 6.825495 0.000000 9.386345 67.206469 0.052267 -0.518188 -0.009847 
590 12.190936 0.000000 9.386345 67.008101 0.106567 -0.621716 -0.003923 
591 9.508216 0.000000 12.011023 67.049067 0.062076 -0.388636 -0.005097 
592 10.849576 0.000000 5.449329 66.974924 0.170002 -1.179928 -0.003158 
593 9.508216 0.000000 5.449329 67.060622 0.121277 -1.263488 -0.005769 
594 12.190936 0.000000 5.449329 66.940365 0.213617 -1.115094 -0.002094 
595 10.849576 0.000000 6.761668 67.028186 0.130191 -0.962747 -0.004647 
596 10.178896 0.000000 3.480821 66.763449 -0.000000 -1.627522 0.002890 
597 9.508216 0.000000 3.480821 66.800434 0.236349 -1.795882 0.001644 
598 10.849576 0.000000 3.480821 66.783638 0.157424 -1.463126 0.002395 
599 10.178896 0.000000 4.136991 66.886178 0.219578 -1.485259 -0.000689 
600 11.520256 0.000000 3.480821 66.828595 0.193068 -1.334261 0.001130 
601 12.190936 0.000000 3.480821 66.867515 0.034779 -1.156260 0.000074 
602 11.520256 0.000000 4.136991 66.881273 0.321469 -1.331570 -0.000458 
603 8.166856 0.000000 5.449329 67.244554 0.083276 -1.329388 -0.011328 
604 6.825495 0.000000 5.449329 67.521842 0.055357 -1.289654 -0.019658 
605 8.166856 0.000000 6.761668 67.227868 0.077143 -0.980148 -0.010646 
606 10.178896 0.000000 4.793160 66.968254 0.170722 -1.354441 -0.003058 
607 9.508216 0.000000 4.793160 67.022241 0.135963 -1.432129 -0.004721 
608 10.849576 0.000000 4.793160 66.940457 0.205024 -1.295113 -0.002193 
609 10.178896 0.000000 5.449329 67.009203 0.145272 -1.219773 -0.004205 
610 10.514236 0.000000 3.808906 66.821563 0.343870 -1.482213 0.001229 
611 10.178896 0.000000 3.808906 66.825231 0.297221 -1.542593 0.001085 
612 10.514236 0.000000 3.480821 66.768909 -0.000000 -1.548898 0.002783 
613 10.849576 0.000000 3.808906 66.827380 0.382547 -1.433290 0.001081 
614 10.514236 0.000000 4.136991 66.875534 0.249088 -1.433759 -0.000340 
615 10.514236 0.000000 3.152737 66.725963 -0.000000 -1.536444 0.004073 
616 10.178896 0.000000 3.152737 66.698483 -0.000000 -1.627300 0.004829 
617 10.514236 0.000000 2.824652 66.695828 -0.000000 -1.524013 0.004981 
618 10.849576 0.000000 3.152737 66.738142 0.079792 -1.496874 0.003735 
619 14.873656 0.000000 9.386345 66.959599 0.130381 -0.616248 -0.002470 
620 17.556376 0.000000 9.386345 66.932545 0.145933 -0.606820 -0.001659 
621 14.873656 0.000000 12.011023 66.961807 0.093768 -0.426218 -0.002490 
622 13.532296 0.000000 5.449329 66.931850 0.249605 -1.075093 -0.001823 
623 14.873656 0.000000 5.449329 66.925858 0.271732 -1.052819 -0.001636 
624 13.532296 0.000000 6.761668 66.958041 0.178140 -0.908989 -0.002527 
625 11.520256 0.000000 4.793160 66.921455 0.235560 -1.243544 -0.001598 
626 12.190936 0.000000 4.793160 66.913786 0.264729 -1.203182 -0.001350 
627 11.520256 0.000000 5.449329 66.957999 0.194329 -1.146889 -0.002636 
628 11.184916 0.000000 3.808906 66.841545 0.412432 -1.399061 0.000674 
629 11.184916 0.000000 3.480821 66.803557 0.273222 -1.395488 0.001833 
630 11.520256 0.000000 3.808906 66.851520 0.438951 -1.368763 0.000390 
631 11.184916 0.000000 4.136991 66.874002 0.300168 -1.359358 -0.000254 
632 10.681906 0.000000 3.644864 66.798596 0.660485 -1.475551 0.001849 
633 10.514236 0.000000 3.644864 66.794428 0.573868 -1.501944 0.001979 
634 10.681906 0.000000 3.480821 66.774367 0.000000 -1.502549 0.002652 
635 10.849576 0.000000 3.644864 66.804160 0.617315 -1.449182 0.001712 
636 10.681906 0.000000 3.808906 66.823908 0.364057 -1.456036 0.001173 
637 12.861616 0.000000 0.856144 66.637726 4.237797 -6.779899 -0.007060 
638 12.861616 0.000000 0.199975 66.806797 -1.957518 -3.063446 -0.000767 
639 13.532296 0.000000 0.856144 66.667195 4.063988 -5.895438 -0.005109 
640 12.861616 0.000000 1.512313 66.835956 1.257852 -1.879501 0.000173 
641 20.239096 0.000000 -1.112364 66.868173 -0.747719 -1.503885 -0.000277 
642 20.239096 0.000000 -3.737042 66.853915 -0.315626 -1.010775 0.000529 
643 22.921817 0.000000 -1.112364 66.870670 -0.752819 -1.489684 -0.000344 
644 20.239096 0.000000 1.512313 66.885364 1.077585 -1.649038 -0.001028 
645 16.215016 0.000000 0.199975 66.848361 -3.141878 -2.947482 -0.003203 
646 16.215016 0.000000 -1.112364 66.861041 -0.707369 -1.544753 -0.000078 
647 17.556376 0.000000 0.199975 66.861943 -3.048729 -3.261850 -0.003917 
648 16.215016 0.000000 1.512313 66.889378 1.157872 -1.731460 -0.001250 
649 14.202976 0.000000 0.856144 66.741703 3.689072 -5.447988 -0.005547 
650 14.202976 0.000000 0.199975 66.831936 -2.141795 -3.177874 -0.001847 
651 14.873656 0.000000 0.856144 66.729195 3.839517 -5.187592 -0.004808 
652 14.202976 0.000000 1.512313 66.867644 1.201540 -1.813215 -0.000688 
653 14.873656 0.000000 -6.361719 66.802333 -0.162611 -0.721170 0.002199 
654 14.873656 0.000000 -8.986396 66.796201 -0.111249 -0.491972 0.002448 
655 17.556376 0.000000 -6.361719 66.827746 -0.180103 -0.708814 0.001442 
656 13.532296 0.000000 -2.424703 66.841109 -0.364447 -1.270084 0.000772 
657 13.532296 0.000000 -3.737042 66.816235 -0.245052 -1.069280 0.001637 
658 14.873656 0.000000 -2.424703 66.842026 -0.397088 -1.250344 0.000750 
659 14.202976 0.000000 -0.456195 66.858526 -1.020204 -1.833615 -0.000342 
660 13.532296 0.000000 -0.456195 66.859397 -0.998888 -1.828661 -0.000355 
661 14.202976 0.000000 -1.112364 66.856461 -0.667585 -1.566856 0.000055 
662 14.873656 0.000000 -0.456195 66.861755 -1.037423 -1.826716 -0.000441 
663 20.239096 0.000000 4.136991 66.897356 0.452899 -1.176407 -0.000874 
664 22.921817 0.000000 4.136991 66.891438 0.456457 -1.163186 -0.000691 
665 20.239096 0.000000 6.761668 66.908748 0.230909 -0.855657 -0.001035 
666 16.215016 0.000000 2.824652 66.905857 0.380892 -1.181440 -0.001118 
667 17.556376 0.000000 2.824652 66.904949 0.460135 -1.165551 -0.001097 
668 16.215016 0.000000 4.136991 66.907880 0.446621 -1.198700 -0.001200 
669 15.544336 0.000000 0.856144 66.769864 3.692846 -4.422775 -0.004131 
670 15.544336 0.000000 0.199975 66.855227 -3.007021 -2.795357 -0.003028 
671 16.215016 0.000000 0.856144 66.789694 3.439992 -4.037429 -0.003591 
672 15.544336 0.000000 1.512313 66.883026 1.175765 -1.749287 -0.001084 
673 14.538316 0.000000 0.528059 66.402835 -5.257175 -9.021692 -0.010157 
674 14.202976 0.000000 0.528059 66.426422 -6.027844 -8.352271 -0.010201 
675 14.538316 0.000000 0.199975 66.834557 -2.175136 -3.199444 -0.001988 
676 14.873656 0.000000 0.528059 66.432147 -4.410189 -9.558276 -0.011426 
677 14.538316 0.000000 0.856144 66.745382 3.672229 -5.386718 -0.005480 
678 18.897736 0.000000 0.199975 66.854563 -2.774668 -2.233751 -0.002076 
679 18.897736 0.000000 -1.112364 66.866509 -0.740430 -1.514921 -0.000232 
680 20.239096 0.000000 0.199975 66.876560 -1.778807 -1.241921 -0.000949 
681 18.897736 0.000000 1.512313 66.889474 1.087059 -1.659060 -0.001163 
682 16.885696 0.000000 0.856144 66.815370 3.201077 -3.699541 -0.003419 
683 16.885696 0.000000 0.199975 66.850683 -3.142820 -3.145014 -0.003543 
684 17.556376 0.000000 0.856144 66.837351 2.941035 -3.487095 -0.003377 
685 16.885696 0.000000 1.512313 66.893198 1.137315 -1.708317 -0.001336 
686 18.897736 0.000000 2.824652 66.898826 0.445798 -1.188466 -0.000923 
687 20.239096 0.000000 2.824652 66.892117 0.443886 -1.180861 -0.000718 
688 18.897736 0.000000 4.136991 66.902074 0.451294 -1.182743 -0.001019 
689 18.227056 0.000000 0.856144 66.843568 2.782685 -3.397367 -0.003222 
690 18.227056 0.000000 0.199975 66.866409 -2.797034 -3.447032 -0.003999 
691 18.897736 0.000000 0.856144 66.861842 2.772802 -3.285385 -0.003589 
692 18.227056 0.000000 1.512313 66.892251 1.099775 -1.670854 -0.001261 
693 12.861616 0.000000 -0.456195 66.868308 -0.963162 -1.821640 -0.000600 
694 12.861616 0.000000 -1.112364 66.868378 -0.612414 -1.581344 -0.000295 
695 12.526276 0.000000 0.528059 66.470969 -4.332537 -6.945019 -0.002786 
696 12.190936 0.000000 0.528059 66.686238 -4.069942 -6.008073 -0.005987 
697 12.526276 0.000000 0.199975 66.818990 -1.951603 -2.960033 -0.000987 
698 12.861616 0.000000 0.528059 66.409423 -4.153203 -8.447042 -0.005786 
699 12.526276 0.000000 0.856144 66.655358 4.356431 -7.200035 -0.009126 
700 11.855596 0.000000 0.528059 66.706311 -3.853751 -5.594454 -0.005130 
701 11.855596 0.000000 0.199975 66.847399 -1.860176 -2.802584 -0.001555 
702 11.855596 0.000000 0.856144 66.259746 5.591729 -9.052727 -0.006850 
703 12.861616 0.000000 2.168483 66.847600 0.628481 -1.447939 0.000412 
704 13.532296 0.000000 2.168483 66.868203 0.634103 -1.428973 -0.000194 
705 12.861616 0.000000 2.824652 66.861574 0.359554 -1.388989 0.000091 
706 12.526276 0.000000 1.184229 66.803253 2.195322 -2.741097 -0.000464 
707 12.190936 0.000000 1.184229 66.797120 2.173269 -2.748693 -0.000268 
708 12.861616 0.000000 1.184229 66.803162 2.182940 -2.710184 -0.000411 
709 12.526276 0.000000 1.512313 66.826370 1.254717 -1.862881 0.000475 
710 12.358606 0.000000 0.692102 66.056285 -0.741173 -14.519279 -0.022772 
711 12.190936 0.000000 0.692102 65.967217 -3.363283 -13.818590 -0.018110 
712 12.358606 0.000000 0.528059 66.584766 -4.345185 -6.371075 -0.004487 
713 12.526276 0.000000 0.692102 66.277873 -0.446678 -12.806092 -0.018784 
714 12.358606 0.000000 0.856144 66.647127 4.554994 -7.382291 -0.009871 
715 -14.636266 0.000000 -61.479944 66.872047 -0.007731 -0.003976 0.000238 
716 -36.098028 0.000000 -61.479944 66.874656 -0.004906 -0.000635 0.000160 
717 -14.636266 0.000000 -82.477363 66.875282 -0.006575 -0.002849 0.000141 
718 71.210780 0.000000 -61.479944 66.877268 -0.021150 -0.018221 0.000082 
719 71.210780 0.000000 -82.477363 66.877679 -0.014816 -0.009973 0.000069 
720 92.672542 0.000000 -61.479944 66.878356 -0.022340 -0.018336 0.000049 
721 -14.636266 0.000000 64.504570 66.887744 0.007639 -0.003920 -0.000232 
722 -36.098028 0.000000 64.504570 66.885254 0.004897 -0.000674 -0.000157 
723 -14.636266 0.000000 85.501989 66.884618 0.006501 -0.002806 -0.000138 
724 -3.905385 0.000000 -29.983815 66.846713 -0.014452 -0.018283 0.000995 
725 -14.636266 0.000000 -29.983815 66.857167 -0.009130 -0.003726 0.000683 
726 -3.905385 0.000000 -40.482525 66.860661 -0.012558 -0.012611 0.000578 
727 71.210780 0.000000 64.504570 66.882716 0.020557 -0.017658 -0.000081 
728 92.672542 0.000000 64.504570 66.881643 0.021737 -0.017785 -0.000049 
729 71.210780 0.000000 85.501989 66.882300 0.014496 -0.009731 -0.000069 
730 39.018138 0.000000 -29.983815 66.869985 -0.042426 -0.071447 0.000298 
731 39.018138 0.000000 -40.482525 66.871276 -0.029577 -0.039785 0.000260 
732 49.749019 0.000000 -29.983815 66.873944 -0.044990 -0.071667 0.000179 
733 -3.905385 0.000000 33.008442 66.911451 0.014182 -0.017670 -0.000941 
734 -14.636266 0.000000 33.008442 66.902032 0.009136 -0.004249 -0.000659 
735 -3.905385 0.000000 43.507151 66.898516 0.012305 -0.012220 -0.000554 
736 1.460055 0.000000 -14.235751 66.744268 -0.024731 -0.089424 0.004053 
737 -3.905385 0.000000 -14.235751 66.779000 -0.015638 -0.022211 0.003018 
738 1.460055 0.000000 -19.485106 66.801129 -0.022638 -0.058647 0.002356 
739 39.018138 0.000000 33.008442 66.889908 0.040050 -0.067243 -0.000298 
740 49.749019 0.000000 33.008442 66.886058 0.042564 -0.067553 -0.000183 
741 39.018138 0.000000 43.507151 66.888574 0.028305 -0.037916 -0.000257 
742 22.921817 0.000000 -14.235751 66.847469 -0.085129 -0.257249 0.000956 
743 22.921817 0.000000 -19.485106 66.849934 -0.058646 -0.151906 0.000893 
744 28.287257 0.000000 -14.235751 66.859962 -0.091146 -0.256400 0.000583 
745 1.460055 0.000000 17.260377 67.001211 0.024391 -0.082925 -0.003630 
746 -3.905385 0.000000 17.260377 66.973170 0.015860 -0.024005 -0.002788 
747 1.460055 0.000000 22.509732 66.952311 0.021953 -0.054678 -0.002164 
748 4.142775 0.000000 -6.361719 66.389064 -0.033214 -0.401792 0.014591 
749 1.460055 0.000000 -6.361719 66.445894 -0.021399 -0.138238 0.012935 
750 4.142775 0.000000 -8.986396 66.583789 -0.034382 -0.263999 0.008823 
751 22.921817 0.000000 17.260377 66.912163 0.075650 -0.230801 -0.000975 
752 28.287257 0.000000 17.260377 66.900151 0.081318 -0.230576 -0.000616 
753 22.921817 0.000000 22.509732 66.909236 0.053947 -0.138811 -0.000879 
754 4.142775 0.000000 9.386345 67.277287 0.035201 -0.338591 -0.011942 
755 1.460055 0.000000 9.386345 67.242946 0.024075 -0.145111 -0.010888 
756 4.142775 0.000000 12.011023 67.131176 0.034481 -0.231312 -0.007538 
757 5.484135 0.000000 -2.424703 65.684662 -0.026950 -1.493903 0.034927 
758 4.142775 0.000000 -2.424703 65.396511 -0.018133 -0.874425 0.043700 
759 5.484135 0.000000 -3.737042 66.033895 -0.036038 -1.011327 0.024913 
760 20.239096 0.000000 -6.361719 66.843474 -0.191002 -0.700693 0.000974 
761 20.239096 0.000000 -8.986396 66.839031 -0.134947 -0.487050 0.001168 
762 22.921817 0.000000 -6.361719 66.855259 -0.200382 -0.694008 0.000623 
763 16.215016 0.000000 -2.424703 66.846003 -0.417046 -1.236462 0.000636 
764 16.215016 0.000000 -3.737042 66.833407 -0.289439 -1.038395 0.001133 
765 17.556376 0.000000 -2.424703 66.851593 -0.431636 -1.226712 0.000471 
766 7.496176 0.000000 -0.456195 66.566592 -0.018949 -3.452762 0.006685 
767 6.825495 0.000000 -0.456195 66.125091 -0.011886 -3.613770 0.019528 
768 7.496176 0.000000 -1.112364 66.464749 -0.035069 -2.782864 0.010648 
769 20.239096 0.000000 9.386345 66.915723 0.155298 -0.599702 -0.001154 
770 22.921817 0.000000 9.386345 66.906051 0.161026 -0.593569 -0.000864 
771 20.239096 0.000000 12.011023 66.921240 0.113593 -0.424790 -0.001277 
772 16.215016 0.000000 5.449329 66.919693 0.286026 -1.039762 -0.001447 
773 17.556376 0.000000 5.449329 66.914177 0.294272 -1.030597 -0.001279 
774 16.215016 0.000000 6.761668 66.930716 0.208298 -0.877714 -0.001699 
775 11.855596 0.000000 1.184229 66.777516 2.096532 -2.788559 0.000341 
776 11.855596 0.000000 1.512313 66.795934 1.154346 -1.820658 0.001473 
777 10.346566 0.000000 0.364017 67.054812 -0.119039 -1.960449 -0.006097 
778 10.346566 0.000000 0.199975 67.218641 -0.245392 -1.798238 -0.010889 
779 11.184916 0.000000 -0.128110 66.956001 -0.921245 -1.943045 -0.003308 
780 11.184916 0.000000 -0.456195 66.994464 -0.652194 -1.757217 -0.004211 
781 11.520256 0.000000 -0.128110 66.920355 -1.086303 -2.005228 -0.002370 
782 11.017246 0.000000 0.364017 66.695171 -1.925931 -3.359877 0.002166 
783 11.017246 0.000000 0.199975 66.837228 -1.326374 -2.491819 -0.000503 
784 11.184916 0.000000 0.364017 66.755902 -2.212307 -3.491811 -0.000112 
785 5.484135 0.000000 2.824652 68.783358 0.017717 -2.673671 -0.059327 
786 4.142775 0.000000 2.824652 69.670608 0.010522 -1.269329 -0.085552 
787 5.484135 0.000000 4.136991 68.133179 0.031613 -1.575776 -0.038382 
788 5.484135 0.000000 5.449329 67.772813 0.039164 -1.068612 -0.027133 
789 4.142775 0.000000 5.449329 67.898337 0.028062 -0.687683 -0.030790 
790 5.484135 0.000000 6.761668 67.527999 0.042406 -0.760482 -0.019602 
791 7.496176 0.000000 2.168483 67.059828 0.031153 -3.294797 -0.007812 
792 6.825495 0.000000 2.168483 67.495675 0.019127 -3.535478 -0.021291 
793 7.496176 0.000000 2.824652 67.219772 0.046618 -2.725759 -0.011848 
794 8.837536 0.000000 3.480821 66.889646 0.121921 -1.976854 -0.001165 
795 8.166856 0.000000 3.480821 67.069929 0.081120 -2.143557 -0.006716 
796 8.837536 0.000000 4.136991 67.039651 0.114915 -1.733483 -0.005455 
797 7.496176 0.000000 3.480821 67.330412 0.058756 -2.248046 -0.014645 
798 6.825495 0.000000 3.480821 67.625198 0.042741 -2.268351 -0.023560 
799 7.496176 0.000000 4.136991 67.379051 0.064252 -1.878033 -0.015769 
800 14.202976 0.000000 2.168483 66.883385 0.635993 -1.408300 -0.000635 
801 14.873656 0.000000 2.168483 66.888777 0.649829 -1.378442 -0.000782 
802 14.202976 0.000000 2.824652 66.887517 0.442760 -1.298802 -0.000646 
803 12.861616 0.000000 3.480821 66.891453 -0.058488 -0.793816 -0.000484 
804 13.532296 0.000000 3.480821 66.909519 0.235232 -0.356192 -0.000924 
805 12.861616 0.000000 4.136991 66.895366 0.390417 -1.261842 -0.000850 
806 9.675886 0.000000 0.364017 68.513408 0.086874 -2.048557 -0.050382 
807 9.675886 0.000000 0.199975 68.294492 0.016234 -2.040873 -0.043678 
808 10.262731 0.000000 0.610080 66.993300 0.353745 -1.056686 -0.003669 
809 10.262731 0.000000 0.528059 67.074338 0.167200 -1.480058 -0.006316 
810 10.346566 0.000000 0.610080 66.642230 0.368018 -1.138023 0.006778 
811 10.430401 0.000000 0.610080 66.199464 0.349811 -1.352540 0.019811 
812 10.430401 0.000000 0.528059 66.481995 0.027973 -1.763807 0.011171 
813 10.723823 0.000000 0.897154 73.387334 0.000000 -5.998085 -0.212108 
814 10.765741 0.000000 0.897154 73.252563 0.000000 -7.119930 -0.210979 
815 10.723823 0.000000 0.938165 70.475486 0.000000 -5.081893 -0.116184 
816 10.702865 0.000000 0.835639 72.784514 0.633027 -4.507985 -0.188998 
817 10.723823 0.000000 0.835639 72.279397 0.703149 -4.350381 -0.172325 
818 10.702865 0.000000 0.856144 73.576670 0.433939 -5.506596 -0.217106 
819 10.556153 0.000000 0.897154 69.282073 -0.000000 -0.848358 -0.073283 
820 10.514236 0.000000 0.897154 68.593075 -0.000000 -0.656344 -0.051981 
821 10.556153 0.000000 0.938165 68.934659 -0.000000 -1.508442 -0.062896 
822 10.472318 0.000000 0.733112 66.788033 0.721205 0.000000 0.002632 
823 10.430401 0.000000 0.733112 66.794614 0.634893 0.000000 0.002462 
824 10.472318 0.000000 0.692102 65.526776 0.906537 -0.961063 0.039668 
825 10.472318 0.000000 0.897154 68.071712 -0.000000 -0.545126 -0.036021 
826 10.430401 0.000000 0.897154 67.759319 -0.000000 -0.463821 -0.026516 
827 10.472318 0.000000 0.938165 68.003759 -0.000000 -0.774699 -0.034022 
828 9.927391 0.000000 0.610080 67.994913 0.244806 -0.941807 -0.033830 
829 9.843556 0.000000 0.610080 68.252255 0.219734 -0.946057 -0.041668 
830 9.927391 0.000000 0.528059 67.992565 0.168327 -1.391622 -0.033987 
831 10.220813 0.000000 0.733112 66.809662 0.317803 0.000000 0.002080 
832 10.220813 0.000000 0.692102 67.106351 0.522699 -0.599399 -0.006922 
833 10.262731 0.000000 0.733112 66.808485 0.364524 0.000000 0.002108 
834 10.304648 0.000000 0.815133 66.860493 0.218746 -0.062938 0.000572 
835 10.304648 0.000000 0.774123 66.829926 0.261888 -0.046892 0.001481 
836 10.304648 0.000000 0.856144 66.904032 0.141762 -0.156326 -0.000729 
837 9.927391 0.000000 0.938165 65.660227 0.000000 -0.307795 0.036123 
838 9.843556 0.000000 0.938165 65.362057 0.000000 -0.301253 0.044858 
839 9.927391 0.000000 1.020186 65.594113 0.000000 -0.551037 0.038016 
840 8.502196 0.000000 -0.128110 67.437915 -0.019286 -3.654873 -0.019740 
841 8.166856 0.000000 -0.128110 67.098923 -0.016256 -3.764743 -0.009726 
842 8.502196 0.000000 -0.456195 67.252565 -0.039317 -3.176479 -0.013428 
843 9.592051 0.000000 0.610080 69.125767 0.152472 -1.185681 -0.068605 
844 9.592051 0.000000 0.528059 68.994141 0.114220 -1.700381 -0.064870 
845 9.675886 0.000000 0.610080 68.821866 0.173953 -1.070424 -0.059176 
846 9.759721 0.000000 0.610080 68.529213 0.196610 -0.994000 -0.050156 
847 9.759721 0.000000 0.528059 68.467354 0.142751 -1.488256 -0.048532 
848 9.759721 0.000000 0.938165 65.012393 -0.000000 -0.309293 0.055048 
849 9.759721 0.000000 1.020186 65.044535 -0.000000 -0.615914 0.054050 
850 9.256711 0.000000 0.610080 70.792375 0.073471 -2.155893 -0.121459 
851 9.256711 0.000000 0.528059 70.259365 0.052617 -2.821384 -0.105391 
852 9.466298 0.000000 0.815133 65.400416 0.047798 -0.227900 0.043744 
853 9.466298 0.000000 0.774123 65.719003 0.058585 -0.194969 0.034408 
854 9.466298 0.000000 0.856144 64.631252 0.024986 -0.352286 0.066089 
855 8.669866 0.000000 0.364017 67.983882 0.015146 -5.068086 -0.039026 
856 8.502196 0.000000 0.364017 67.533698 0.011985 -5.026354 -0.025292 
857 8.669866 0.000000 0.199975 67.908716 0.002628 -4.356629 -0.035243 
858 9.298628 0.000000 0.733112 66.779544 0.058643 0.000000 0.003001 
859 9.256711 0.000000 0.733112 66.778411 0.054698 0.000000 0.003035 
860 9.298628 0.000000 0.692102 70.876025 0.106643 -1.049068 -0.123317 
861 9.130958 0.000000 0.733112 66.770556 0.032329 0.000000 0.003270 
862 9.130958 0.000000 0.692102 72.886847 0.057520 -2.507188 -0.189103 
863 9.172876 0.000000 0.733112 66.773465 0.041106 0.000000 0.003183 
864 9.047123 0.000000 0.897154 58.393928 0.000000 -4.748469 0.232629 
865 9.089041 0.000000 0.897154 59.285577 0.000000 -2.768705 0.212498 
866 9.047123 0.000000 0.938165 60.222989 0.000000 -4.130334 0.185352 
867 9.130958 0.000000 0.897154 60.265954 -0.000000 -1.728421 0.187341 
868 9.172876 0.000000 0.897154 61.054411 0.000000 -1.299422 0.166245 
869 9.130958 0.000000 0.938165 60.677506 0.000000 -2.390239 0.175603 
870 9.026164 0.000000 0.835639 62.465119 0.008498 -2.399956 0.126379 
871 9.047123 0.000000 0.835639 63.497599 0.011583 -1.379047 0.098165 
872 9.026164 0.000000 0.856144 60.321449 0.005771 -3.514553 0.183751 
873 11.184916 0.000000 3.152737 66.773297 0.126815 -1.456078 0.002711 
874 11.184916 0.000000 2.824652 66.733361 0.063880 -1.456999 0.003905 
875 11.520256 0.000000 3.152737 66.793821 0.158524 -1.417070 0.002121 
876 8.837536 0.000000 4.793160 67.106290 0.106446 -1.502844 -0.007286 
877 8.166856 0.000000 4.793160 67.241392 0.085287 -1.559209 -0.011382 
878 8.837536 0.000000 5.449329 67.142961 0.101405 -1.304358 -0.008262 
879 12.861616 0.000000 4.793160 66.917379 0.288398 -1.179897 -0.001448 
880 13.532296 0.000000 4.793160 66.914606 0.307319 -1.157850 -0.001356 
881 12.861616 0.000000 5.449329 66.936329 0.231655 -1.092651 -0.001964 
882 18.897736 0.000000 -2.424703 66.856369 -0.440179 -1.215836 0.000333 
883 18.897736 0.000000 -3.737042 66.848215 -0.308470 -1.017513 0.000698 
884 20.239096 0.000000 -2.424703 66.860228 -0.445271 -1.208194 0.000221 
885 15.544336 0.000000 -0.456195 66.865284 -1.053366 -1.832070 -0.000558 
886 15.544336 0.000000 -1.112364 66.859997 -0.695906 -1.552330 -0.000049 
887 16.215016 0.000000 -0.456195 66.868815 -1.069767 -1.828138 -0.000669 
888 16.885696 0.000000 -0.456195 66.870356 -1.086049 -1.817678 -0.000714 
889 16.885696 0.000000 -1.112364 66.862321 -0.716328 -1.534799 -0.000113 
890 17.556376 0.000000 -0.456195 66.871852 -1.102458 -1.809758 -0.000760 
891 18.897736 0.000000 5.449329 66.908117 0.299652 -1.025459 -0.001096 
892 20.239096 0.000000 5.449329 66.902879 0.303592 -1.013738 -0.000935 
893 18.897736 0.000000 6.761668 66.914315 0.224869 -0.860542 -0.001203 
894 15.544336 0.000000 2.168483 66.895067 0.659089 -1.377473 -0.000972 
895 16.215016 0.000000 2.168483 66.899769 0.655231 -1.387620 -0.001118 
896 15.544336 0.000000 2.824652 66.901531 0.376367 -1.238689 -0.001019 
897 16.885696 0.000000 2.168483 66.901615 0.646055 -1.384038 -0.001168 
898 17.556376 0.000000 2.168483 66.900539 0.637455 -1.375578 -0.001128 
899 16.885696 0.000000 2.824652 66.906555 0.428110 -1.148926 -0.001130 
900 18.227056 0.000000 -0.456195 66.872310 -1.119151 -1.803156 -0.000777 
901 18.227056 0.000000 -1.112364 66.865107 -0.732930 -1.520436 -0.000192 
902 18.897736 0.000000 -0.456195 66.872252 -1.134280 -1.798665 -0.000779 
903 18.227056 0.000000 2.168483 66.898674 0.631936 -1.367721 -0.001066 
904 18.897736 0.000000 2.168483 66.894417 0.630096 -1.361099 -0.000934 
905 18.227056 0.000000 2.824652 66.902464 0.458296 -1.182743 -0.001032 
906 11.855596 0.000000 -0.128110 66.900775 -1.185608 -2.029734 -0.001857 
907 11.855596 0.000000 -0.456195 66.920111 -0.844512 -1.787830 -0.002074 
908 12.190936 0.000000 -0.128110 66.877636 -1.244845 -2.067768 -0.001232 
909 14.202976 0.000000 3.480821 66.909334 0.733542 -0.390727 -0.001032 
910 14.873656 0.000000 3.480821 66.908442 0.915347 -0.652000 -0.001133 
911 14.202976 0.000000 4.136991 66.903046 0.425585 -1.225715 -0.001066 
912 10.388483 0.000000 0.733112 66.802113 0.519707 0.000000 0.002267 
913 10.346566 0.000000 0.733112 66.804220 0.473782 0.000000 0.002215 
914 10.388483 0.000000 0.692102 66.245165 0.739303 -0.719731 0.018656 
915 10.388483 0.000000 0.897154 67.411796 -0.000000 -0.398686 -0.016002 
916 10.346566 0.000000 0.897154 67.125161 -0.000000 -0.364634 -0.007375 
917 10.388483 0.000000 0.938165 67.368465 -0.000000 -0.567997 -0.014733 
918 10.304648 0.000000 0.733112 66.806544 0.427623 0.000000 0.002155 
919 10.304648 0.000000 0.692102 66.737975 0.615735 -0.643863 0.004065 
920 10.304648 0.000000 0.897154 66.914355 -0.000000 -0.313819 -0.001050 
921 10.262731 0.000000 0.897154 66.703351 -0.000000 -0.327496 0.005252 
922 10.304648 0.000000 0.938165 66.909837 -0.000000 -0.469562 -0.000942 
923 9.466298 0.000000 0.733112 66.789984 0.089148 0.000000 0.002688 
924 9.466298 0.000000 0.692102 69.720506 0.153234 -0.863449 -0.086919 
925 9.508216 0.000000 0.733112 66.791362 0.094568 0.000000 0.002647 
926 9.214793 0.000000 0.733112 66.776037 0.047745 0.000000 0.003106 
927 9.214793 0.000000 0.692102 71.753845 0.082538 -1.476760 -0.151549 
928 9.214793 0.000000 0.897154 61.541995 0.000000 -0.899699 0.153078 
929 9.256711 0.000000 0.897154 62.171600 0.000000 -0.815323 0.135697 
930 9.214793 0.000000 0.938165 62.026146 0.000000 -1.342745 0.139481 
931 9.298628 0.000000 0.897154 62.549503 0.000000 -0.580453 0.125233 
932 9.340546 0.000000 0.897154 63.019652 0.000000 -0.368731 0.112079 
933 9.298628 0.000000 0.938165 62.801367 0.000000 -0.939647 0.118052 
934 9.068082 0.000000 0.835639 63.454657 0.011871 -1.084615 0.099546 
935 9.089041 0.000000 0.835639 63.329884 0.015380 -0.714800 0.103232 
936 9.068082 0.000000 0.856144 62.434541 0.009207 -1.473522 0.128035 
937 7.496176 0.000000 4.793160 67.397925 0.067306 -1.577160 -0.016105 
938 6.825495 0.000000 4.793160 67.559144 0.054596 -1.540444 -0.020944 
939 7.496176 0.000000 5.449329 67.395916 0.068442 -1.335403 -0.015887 
940 14.202976 0.000000 4.793160 66.915941 0.321808 -1.146630 -0.001392 
941 14.873656 0.000000 4.793160 66.916181 0.331788 -1.136706 -0.001396 
942 14.202976 0.000000 5.449329 66.928074 0.261119 -1.062130 -0.001706 
943 15.544336 0.000000 3.480821 66.907486 0.926376 -0.835173 -0.001170 
944 16.215016 0.000000 3.480821 66.907074 0.896102 -0.943473 -0.001188 
945 15.544336 0.000000 4.136991 66.908300 0.442017 -1.209383 -0.001217 
946 12.526276 0.000000 -0.128110 66.865517 -1.283941 -2.090025 -0.000912 
947 12.526276 0.000000 -0.456195 66.880281 -0.936213 -1.808796 -0.000936 
948 12.861616 0.000000 -0.128110 66.854448 -1.310040 -2.114631 -0.000619 
949 15.544336 0.000000 4.793160 66.915152 0.339912 -1.127756 -0.001362 
950 16.215016 0.000000 4.793160 66.913905 0.346306 -1.121274 -0.001322 
951 15.544336 0.000000 5.449329 66.922873 0.280207 -1.045327 -0.001544 
952 10.220813 0.000000 0.897154 66.517996 0.000000 -0.335230 0.010771 
953 10.178896 0.000000 0.897154 66.352130 0.000000 -0.320616 0.015700 
954 10.220813 0.000000 0.938165 66.519906 0.000000 -0.404456 0.010703 
955 9.550133 0.000000 0.733112 66.792720 0.098804 0.000000 0.002606 
956 9.550133 0.000000 0.692102 69.417106 0.177097 -0.754000 -0.077444 
957 9.592051 0.000000 0.733112 66.794044 0.102933 0.000000 0.002566 
958 9.382463 0.000000 0.897154 63.424280 0.000000 -0.520685 0.100610 
959 9.424381 0.000000 0.897154 63.857951 0.000000 -0.560326 0.088260 
960 9.382463 0.000000 0.938165 63.451176 0.000000 -0.755551 0.099781 
961 9.466298 0.000000 0.897154 63.832225 0.000000 -0.599439 0.088985 
962 9.508216 0.000000 0.897154 63.904615 0.000000 -0.620161 0.086912 
963 9.466298 0.000000 0.938165 63.865807 0.000000 -0.722666 0.087989 
964 16.885696 0.000000 3.480821 66.905831 0.858546 -1.010907 -0.001166 
965 17.556376 0.000000 3.480821 66.904211 0.824841 -1.053689 -0.001124 
966 16.885696 0.000000 4.136991 66.907368 0.448928 -1.194301 -0.001183 
967 18.227056 0.000000 3.480821 66.901932 0.795203 -1.083080 -0.001060 
968 18.897736 0.000000 3.480821 66.899860 0.772188 -1.106603 -0.001001 
969 18.227056 0.000000 4.136991 66.904332 0.451374 -1.187414 -0.001089 
970 16.885696 0.000000 4.793160 66.912100 0.350727 -1.115337 -0.001266 
971 17.556376 0.000000 4.793160 66.910473 0.353573 -1.113249 -0.001217 
972 16.885696 0.000000 5.449329 66.917596 0.291632 -1.036012 -0.001384 
973 18.227056 0.000000 4.793160 66.907727 0.355497 -1.108278 -0.001132 
974 18.897736 0.000000 4.793160 66.905161 0.357473 -1.104314 -0.001054 
975 18.227056 0.000000 5.449329 66.911137 0.297328 -1.025489 -0.001186 
1 1 12 10 11 
2 11 10 14 6 
3 6 14 19 20 
4 20 19 22 4 
5 10 25 23 24 
6 24 23 27 14 
7 14 27 35 36 
8 36 35 38 19 
9 23 41 39 40 
10 40 39 43 27 
11 27 43 51 52 
12 52 51 54 35 
13 39 57 55 56 
14 56 55 59 43 
15 43 59 67 68 
16 68 67 70 51 
17 55 73 71 72 
18 72 71 75 59 
19 15 84 83 33 
20 84 17 85 83 
21 83 85 8 86 
22 33 83 86 18 
23 31 88 87 49 
24 88 33 89 87 
25 87 89 18 90 
26 49 87 90 34 
27 92 49 93 91 
28 91 93 34 94 
29 18 86 112 45 
30 86 8 113 112 
31 112 113 29 114 
32 45 112 114 28 
33 34 90 115 61 
34 90 18 116 115 
35 115 116 45 117 
36 61 115 117 44 
37 94 34 119 118 
38 118 119 61 120 
39 7 135 133 134 
40 135 16 136 133 
41 133 136 15 32 
42 134 133 32 13 
43 13 139 137 138 
44 139 32 140 137 
45 137 140 31 48 
46 138 137 48 26 
47 26 143 141 142 
48 143 48 144 141 
49 141 144 47 64 
50 142 141 64 42 
51 42 147 145 146 
52 147 64 148 145 
53 145 148 63 80 
54 146 145 80 58 
55 80 151 149 150 
56 151 63 152 149 
57 149 152 81 105 
58 150 149 105 79 
59 79 155 153 154 
60 155 105 156 153 
61 105 171 170 156 
62 171 81 172 170 
63 174 162 175 173 
64 173 175 161 176 
65 59 75 177 178 
66 178 177 179 67 
67 82 132 183 184 
68 132 107 185 183 
69 183 185 124 186 
70 184 183 186 125 
71 187 189 107 190 
72 188 187 190 132 
73 107 164 199 185 
74 164 66 200 199 
75 199 200 126 201 
76 185 199 201 124 
77 176 161 203 202 
78 202 203 164 204 
79 189 202 204 107 
80 168 206 205 194 
81 206 173 207 205 
82 205 207 176 208 
83 194 205 208 131 
84 209 211 189 212 
85 210 209 212 187 
86 215 194 216 213 
87 213 216 131 217 
88 131 208 234 211 
89 208 176 235 234 
90 234 235 202 236 
91 211 234 236 189 
92 217 131 239 237 
93 237 239 211 240 
94 238 237 240 209 
95 243 213 244 241 
96 241 244 217 245 
97 246 188 132 248 
98 247 246 248 82 
99 249 210 187 251 
100 250 249 251 188 
101 252 238 209 254 
102 253 252 254 210 
103 230 257 255 256 
104 256 255 258 233 
105 153 261 259 260 
106 261 156 262 259 
107 259 262 103 167 
108 260 259 167 130 
109 167 265 263 264 
110 265 103 266 263 
111 263 266 168 193 
112 264 263 193 165 
113 193 269 267 268 
114 269 168 270 267 
115 267 270 194 215 
116 268 267 215 191 
117 191 273 271 272 
118 273 215 274 271 
119 271 274 213 243 
120 272 271 243 214 
121 214 277 275 276 
122 277 243 278 275 
123 275 278 241 279 
124 276 275 279 242 
125 165 282 280 281 
126 282 193 268 280 
127 280 268 191 232 
128 281 280 232 192 
129 232 285 283 284 
130 285 191 272 283 
131 283 272 214 257 
132 284 283 257 230 
133 257 288 286 287 
134 288 214 276 286 
135 287 286 289 255 
136 233 258 290 291 
137 258 195 292 290 
138 290 292 238 293 
139 291 290 293 252 
140 255 289 294 295 
141 289 242 296 294 
142 294 296 195 297 
143 295 294 297 258 
144 286 300 298 299 
145 300 276 301 298 
146 298 301 242 302 
147 299 298 302 289 
148 309 230 256 307 
149 307 256 233 310 
150 308 307 310 169 
151 311 253 210 313 
152 312 311 313 249 
153 303 316 314 315 
154 316 231 308 314 
155 314 308 169 317 
156 315 314 317 306 
157 192 320 318 319 
158 320 232 284 318 
159 318 284 230 309 
160 319 318 309 231 
161 231 323 321 322 
162 323 309 324 321 
163 321 324 307 325 
164 322 321 325 308 
165 304 336 334 335 
166 336 303 315 334 
167 334 315 306 337 
168 335 334 337 229 
169 338 250 188 340 
170 339 338 340 246 
171 326 343 341 342 
172 342 341 344 329 
173 329 344 345 346 
174 344 128 347 345 
175 345 347 250 348 
176 346 345 348 338 
177 341 351 349 350 
178 349 352 128 353 
179 350 349 353 344 
180 58 356 354 355 
181 356 80 150 354 
182 354 150 79 110 
183 355 354 110 74 
184 110 359 357 358 
185 359 79 154 357 
186 154 362 360 361 
187 362 153 260 360 
188 360 260 130 224 
189 361 360 224 104 
190 224 365 363 364 
191 365 130 366 363 
192 363 366 166 328 
193 364 363 328 222 
194 328 369 367 368 
195 369 166 370 367 
196 367 370 227 343 
197 368 367 343 326 
198 343 373 371 372 
199 373 227 374 371 
200 371 374 331 351 
201 372 371 351 341 
202 375 312 249 376 
203 347 375 376 250 
204 331 378 377 352 
205 378 330 379 377 
206 377 379 333 380 
207 352 377 380 128 
208 351 383 381 382 
209 383 331 384 381 
210 381 384 352 385 
211 382 381 385 349 
212 327 396 394 395 
213 396 326 342 394 
214 394 342 329 397 
215 395 394 397 225 
216 111 221 398 399 
217 221 82 184 398 
218 398 184 125 400 
219 399 398 400 180 
220 401 247 82 403 
221 402 401 403 221 
222 404 339 246 406 
223 405 404 406 247 
224 390 409 407 408 
225 409 327 395 407 
226 407 395 225 410 
227 408 407 410 393 
228 417 390 408 415 
229 415 408 393 418 
230 419 405 247 421 
231 420 419 421 401 
232 129 418 426 427 
233 418 393 428 426 
234 426 428 404 429 
235 427 426 429 405 
236 416 432 430 431 
237 432 415 433 430 
238 430 433 418 434 
239 431 430 434 129 
240 71 437 435 436 
241 437 74 109 435 
242 435 109 5 438 
243 436 435 438 75 
244 109 441 439 440 
245 441 108 219 439 
246 439 219 111 442 
247 440 439 442 5 
248 108 445 443 444 
249 444 443 446 219 
250 455 427 405 457 
251 456 455 457 419 
252 460 422 461 458 
253 458 461 425 462 
254 459 458 462 414 
255 219 446 463 464 
256 463 402 221 465 
257 464 463 465 111 
258 466 420 401 468 
259 467 466 468 402 
260 469 456 419 471 
261 470 469 471 420 
262 451 474 472 473 
263 474 423 459 472 
264 472 459 414 475 
265 473 472 475 454 
266 357 478 476 477 
267 478 154 361 476 
268 476 361 104 388 
269 477 476 388 220 
270 388 481 479 480 
271 481 104 482 479 
272 479 482 223 413 
273 480 479 413 386 
274 413 485 483 484 
275 485 223 486 483 
276 483 486 391 424 
277 484 483 424 411 
278 411 489 487 488 
279 489 424 490 487 
280 487 490 422 460 
281 488 487 460 423 
282 423 493 491 492 
283 493 460 494 491 
284 491 494 458 495 
285 492 491 495 459 
286 452 502 500 501 
287 502 451 473 500 
288 500 473 454 503 
289 501 500 503 389 
290 504 470 420 506 
291 505 504 506 466 
292 496 509 507 508 
293 509 452 501 507 
294 507 501 389 510 
295 508 507 510 499 
296 443 513 511 512 
297 513 387 448 511 
298 511 448 218 514 
299 512 511 514 446 
300 448 517 515 516 
301 516 515 518 218 
302 220 525 523 524 
303 525 388 480 523 
304 523 480 386 449 
305 524 523 449 387 
306 449 528 526 527 
307 528 386 529 526 
308 526 529 412 498 
309 527 526 498 447 
310 447 532 530 531 
311 532 498 533 530 
312 530 533 496 521 
313 531 530 521 497 
314 521 536 534 535 
315 536 496 537 534 
316 534 537 508 538 
317 535 534 538 519 
318 446 514 539 540 
319 514 218 467 539 
320 539 467 402 541 
321 540 539 541 463 
322 218 518 542 543 
323 542 505 466 544 
324 543 542 544 467 
325 515 547 545 546 
326 546 545 548 518 
327 497 551 549 550 
328 551 521 535 549 
329 549 535 519 552 
330 550 549 552 520 
331 387 555 553 554 
332 555 449 527 553 
333 553 527 447 517 
334 554 553 517 448 
335 517 558 556 557 
336 558 447 531 556 
337 556 531 497 547 
338 557 556 547 515 
339 547 561 559 560 
340 561 497 550 559 
341 560 559 562 545 
342 518 548 563 564 
343 548 450 565 563 
344 563 565 505 566 
345 564 563 566 542 
346 545 562 567 568 
347 562 520 569 567 
348 567 569 450 570 
349 568 567 570 548 
350 559 573 571 572 
351 573 550 574 571 
352 571 574 520 575 
353 572 571 575 562 
354 21 46 576 577 
355 46 28 578 576 
356 576 578 30 579 
357 577 576 579 9 
358 37 62 580 581 
359 62 44 582 580 
360 580 582 46 583 
361 581 580 583 21 
362 53 78 584 585 
363 78 60 586 584 
364 584 586 62 587 
365 585 584 587 37 
366 69 102 588 589 
367 102 76 590 588 
368 588 590 78 591 
369 589 588 591 53 
370 592 594 76 595 
371 593 592 595 102 
372 125 186 596 597 
373 597 596 599 99 
374 201 126 601 600 
375 600 601 101 602 
376 603 593 102 605 
377 604 603 605 69 
378 99 599 606 607 
379 599 127 608 606 
380 606 608 592 609 
381 607 606 609 593 
382 596 612 610 611 
383 610 613 127 614 
384 611 610 614 599 
385 186 617 615 616 
386 617 124 618 615 
387 615 618 598 612 
388 616 615 612 596 
389 76 123 619 590 
390 123 77 620 619 
391 619 620 60 621 
392 590 619 621 78 
393 622 623 123 624 
394 594 622 624 76 
395 127 602 625 608 
396 602 101 626 625 
397 625 626 594 627 
398 608 625 627 592 
399 598 629 628 613 
400 629 600 630 628 
401 628 630 602 631 
402 613 628 631 127 
403 612 634 632 633 
404 634 598 635 632 
405 632 635 613 636 
406 633 632 636 610 
407 638 157 639 637 
408 637 639 160 640 
409 642 91 643 641 
410 641 643 94 644 
411 157 650 649 639 
412 649 651 98 652 
413 639 649 652 160 
414 64 654 653 148 
415 654 47 655 653 
416 653 655 65 96 
417 148 653 96 63 
418 63 657 656 152 
419 657 96 658 656 
420 656 658 95 158 
421 152 656 158 81 
422 158 661 659 660 
423 661 95 662 659 
424 659 662 159 650 
425 660 659 650 157 
426 644 94 664 663 
427 663 664 118 665 
428 159 670 669 651 
429 670 645 671 669 
430 669 671 648 672 
431 651 669 672 98 
432 650 675 673 674 
433 675 159 676 673 
434 673 676 651 677 
435 674 673 677 649 
436 679 641 680 678 
437 678 680 644 681 
438 645 683 682 671 
439 683 647 684 682 
440 682 684 50 685 
441 671 682 685 648 
442 681 644 687 686 
443 686 687 663 688 
444 647 690 689 684 
445 690 678 691 689 
446 689 691 681 692 
447 684 689 692 50 
448 81 694 693 172 
449 694 158 660 693 
450 693 660 157 638 
451 106 697 695 696 
452 697 638 698 695 
453 695 698 637 699 
454 162 701 700 175 
455 701 106 696 700 
456 700 696 163 702 
457 175 700 702 161 
458 66 640 703 200 
459 640 160 704 703 
460 703 704 196 705 
461 200 703 705 126 
462 163 699 706 707 
463 699 637 708 706 
464 706 708 640 709 
465 707 706 709 66 
466 696 712 710 711 
467 712 695 713 710 
468 710 713 699 714 
469 711 710 714 163 
470 12 717 715 716 
471 717 7 134 715 
472 715 134 13 25 
473 716 715 25 10 
474 16 719 718 136 
475 719 2 720 718 
476 718 720 17 84 
477 136 718 84 15 
478 19 38 721 722 
479 38 21 577 721 
480 721 577 9 723 
481 722 721 723 22 
482 25 726 724 725 
483 726 13 138 724 
484 724 138 26 41 
485 725 724 41 23 
486 28 114 727 578 
487 114 29 728 727 
488 727 728 3 729 
489 578 727 729 30 
490 32 731 730 140 
491 731 15 732 730 
492 730 732 33 88 
493 140 730 88 31 
494 35 54 733 734 
495 54 37 581 733 
496 733 581 21 735 
497 734 733 735 38 
498 41 738 736 737 
499 738 26 142 736 
500 736 142 42 57 
501 737 736 57 39 
502 44 117 739 582 
503 117 45 740 739 
504 739 740 28 741 
505 582 739 741 46 
506 48 743 742 144 
507 743 31 744 742 
508 742 744 49 92 
509 144 742 92 47 
510 51 70 745 746 
511 70 53 585 745 
512 745 585 37 747 
513 746 745 747 54 
514 57 750 748 749 
515 750 42 146 748 
516 748 146 58 73 
517 749 748 73 55 
518 60 120 751 586 
519 120 61 752 751 
520 751 752 44 753 
521 586 751 753 62 
522 67 179 754 755 
523 179 69 589 754 
524 754 589 53 756 
525 755 754 756 70 
526 73 759 757 758 
527 759 58 355 757 
528 757 355 74 437 
529 758 757 437 71 
530 47 761 760 655 
531 761 92 762 760 
532 760 762 91 642 
533 655 760 642 65 
534 96 764 763 658 
535 764 65 765 763 
536 763 765 97 646 
537 658 763 646 95 
538 74 768 766 767 
539 768 110 358 766 
540 766 358 108 441 
541 767 766 441 109 
542 77 665 769 620 
543 665 118 770 769 
544 769 770 120 771 
545 620 769 771 60 
546 772 773 77 774 
547 623 772 774 123 
548 161 702 775 203 
549 702 163 707 775 
550 775 707 66 776 
551 203 775 776 164 
552 130 778 777 366 
553 778 167 264 777 
554 777 264 165 228 
555 366 777 228 166 
556 156 780 779 262 
557 780 170 781 779 
558 779 781 162 174 
559 262 779 174 103 
560 103 783 782 266 
561 783 174 784 782 
562 782 784 173 206 
563 266 782 206 168 
564 75 438 785 786 
565 438 5 181 785 
566 785 181 100 787 
567 786 785 787 177 
568 177 787 788 789 
569 787 100 604 788 
570 788 604 69 790 
571 789 788 790 179 
572 5 442 791 792 
573 442 111 399 791 
574 791 399 180 793 
575 792 791 793 181 
576 180 400 794 795 
577 400 125 597 794 
578 794 597 99 796 
579 795 794 796 182 
580 181 793 797 798 
581 793 180 795 797 
582 797 795 182 799 
583 798 797 799 100 
584 160 652 800 704 
585 652 98 801 800 
586 800 801 197 802 
587 704 800 802 196 
588 126 705 803 601 
589 705 196 804 803 
590 803 804 198 805 
591 601 803 805 101 
592 104 807 806 482 
593 807 224 364 806 
594 806 364 222 392 
595 482 806 392 223 
596 166 809 808 370 
597 809 228 810 808 
598 808 810 226 332 
599 370 808 332 227 
600 228 812 811 810 
601 812 165 281 811 
602 811 281 192 305 
603 810 811 305 226 
604 195 245 813 292 
605 245 217 814 813 
606 813 814 237 815 
607 292 813 815 238 
608 242 279 816 296 
609 279 241 817 816 
610 816 817 245 818 
611 296 816 818 195 
612 169 310 819 820 
613 310 233 291 819 
614 819 291 252 821 
615 820 819 821 253 
616 305 824 822 823 
617 824 192 319 822 
618 822 319 231 316 
619 823 822 316 303 
620 306 317 825 826 
621 317 169 820 825 
622 825 820 253 827 
623 826 825 827 311 
624 222 830 828 829 
625 830 328 368 828 
626 828 368 326 396 
627 829 828 396 327 
628 227 832 831 374 
629 832 332 833 831 
630 831 833 330 378 
631 374 831 378 331 
632 330 835 834 379 
633 835 304 335 834 
634 834 335 229 836 
635 379 834 836 333 
636 225 397 837 838 
637 397 329 346 837 
638 837 346 338 839 
639 838 837 839 339 
640 358 842 840 841 
641 842 357 477 840 
642 840 477 220 445 
643 841 840 445 108 
644 223 844 843 486 
645 844 392 845 843 
646 843 845 390 417 
647 486 843 417 391 
648 392 847 846 845 
649 847 222 829 846 
650 846 829 327 409 
651 845 846 409 390 
652 393 410 848 428 
653 410 225 838 848 
654 848 838 339 849 
655 428 848 849 404 
656 386 851 850 529 
657 851 413 484 850 
658 850 484 411 453 
659 529 850 453 412 
660 422 853 852 461 
661 853 416 431 852 
662 852 431 129 854 
663 461 852 854 425 
664 445 857 855 856 
665 857 220 524 855 
666 855 524 387 513 
667 856 855 513 443 
668 453 860 858 859 
669 860 411 488 858 
670 858 488 423 474 
671 859 858 474 451 
672 498 862 861 533 
673 862 412 863 861 
674 861 863 452 509 
675 533 861 509 496 
676 450 522 864 565 
677 522 499 865 864 
678 864 865 504 866 
679 565 864 866 505 
680 499 510 867 865 
681 510 389 868 867 
682 867 868 470 869 
683 865 867 869 504 
684 520 552 870 569 
685 552 519 871 870 
686 870 871 522 872 
687 569 870 872 450 
688 124 874 873 618 
689 874 201 875 873 
690 873 875 600 629 
691 618 873 629 598 
692 182 796 876 877 
693 796 99 607 876 
694 876 607 593 878 
695 877 876 878 603 
696 101 805 879 626 
697 805 198 880 879 
698 879 880 622 881 
699 626 879 881 594 
700 65 883 882 765 
701 883 642 884 882 
702 882 884 641 679 
703 765 882 679 97 
704 95 886 885 662 
705 886 646 887 885 
706 885 887 645 670 
707 662 885 670 159 
708 646 889 888 887 
709 889 97 890 888 
710 888 890 647 683 
711 887 888 683 645 
712 688 663 892 891 
713 891 892 665 893 
714 773 891 893 77 
715 98 672 894 801 
716 672 648 895 894 
717 894 895 666 896 
718 801 894 896 197 
719 648 685 897 895 
720 685 50 898 897 
721 897 898 667 899 
722 895 897 899 666 
723 97 901 900 890 
724 901 679 902 900 
725 900 902 678 690 
726 890 900 690 647 
727 50 692 903 898 
728 692 681 904 903 
729 903 904 686 905 
730 898 903 905 667 
731 170 907 906 781 
732 907 172 908 906 
733 906 908 106 701 
734 781 906 701 162 
735 196 802 909 804 
736 802 197 910 909 
737 909 910 121 911 
738 804 909 911 198 
739 226 914 912 913 
740 914 305 823 912 
741 912 823 303 336 
742 913 912 336 304 
743 229 337 915 916 
744 337 306 826 915 
745 915 826 311 917 
746 916 915 917 312 
747 332 919 918 833 
748 919 226 913 918 
749 918 913 304 835 
750 833 918 835 330 
751 333 836 920 921 
752 836 229 916 920 
753 920 916 312 922 
754 921 920 922 375 
755 424 924 923 490 
756 924 391 925 923 
757 923 925 416 853 
758 490 923 853 422 
759 412 927 926 863 
760 927 453 859 926 
761 926 859 451 502 
762 863 926 502 452 
763 389 503 928 868 
764 503 454 929 928 
765 928 929 469 930 
766 868 928 930 470 
767 454 475 931 929 
768 475 414 932 931 
769 931 932 456 933 
770 929 931 933 469 
771 519 538 934 871 
772 538 508 935 934 
773 934 935 499 936 
774 871 934 936 522 
775 100 799 937 938 
776 799 182 877 937 
777 937 877 603 939 
778 938 937 939 604 
779 198 911 940 880 
780 911 121 941 940 
781 940 941 623 942 
782 880 940 942 622 
783 197 896 943 910 
784 896 666 944 943 
785 943 944 668 945 
786 910 943 945 121 
787 172 947 946 908 
788 947 693 948 946 
789 946 948 638 697 
790 908 946 697 106 
791 121 945 949 941 
792 945 668 950 949 
793 949 950 772 951 
794 941 949 951 623 
795 128 380 952 953 
796 380 333 921 952 
797 952 921 375 954 
798 953 952 954 347 
799 391 956 955 925 
800 956 417 957 955 
801 955 957 415 432 
802 925 955 432 416 
803 414 462 958 932 
804 462 425 959 958 
805 958 959 455 960 
806 932 958 960 456 
807 425 854 961 959 
808 854 129 962 961 
809 961 962 427 963 
810 959 961 963 455 
811 666 899 964 944 
812 899 667 965 964 
813 964 965 122 966 
814 944 964 966 668 
815 667 905 967 965 
816 905 686 968 967 
817 967 968 688 969 
818 965 967 969 122 
819 668 966 970 950 
820 966 122 971 970 
821 970 971 773 972 
822 950 970 972 772 
823 122 969 973 971 
824 969 688 974 973 
825 973 974 891 975 
826 971 973 975 773 
