Force Coefficients for group 0 --> C:\Users\alphamale\Downloads\OpenVSP-3.51.2-win64-Python3.13\Analysis\05_Stability\05_Rudder\Tyche_R2T1_CA_G5_Rudder 

      Time              Cx               Cy               Cz               Cxo              Cyo              Czo              Cxi              Cyi              Czi              Cmx              Cmy              Cmz             Cmxo            Cmyo              Cmzo             Cmxi             Cmyi             Cmzi              CL               CD               CS              CLo              CDo              CSo              CLi               CDi             CSi              Cwx              Cwy              Cwz              Cxiw             Cyiw             Cziw             CLw              CDw              CSw               CLiw            CDiw             CSiw
  1.000000000000   0.008636515427  -0.000000000000  -0.000137437230   0.008636515427  -0.000000000000  -0.000137437230   0.000000000000   0.000000000000   0.000000000000  -0.000000000000   0.004640369822  -0.000000122117  -0.000000000000   0.004640369822  -0.000000122117   0.000000000000   0.000000000000   0.000000000000  -0.000137437230   0.008636515427  -0.000000000000  -0.000137437230   0.008636515427  -0.000000000000   0.000000000000   0.000000000000   0.000000000000   0.008636515427  -0.000000000000  -0.000137437230   0.000000000000   0.000000000000   0.000000000000  -0.000137437230   0.008636515427  -0.000000000000   0.000000000000   0.000000000000   0.000000000000 
  2.000000000000   0.018924241273   0.001635475541   0.435903731613   0.010173008591  -0.000000004183  -0.000176687649   0.008751232682   0.001635479724   0.436080419262  -0.000825409691   0.091195002696   0.000543923421   0.000000023132   0.005439091299   0.000000407626  -0.000825432823   0.085755911398   0.000543515795   0.435903731613   0.018924241273   0.001635475541  -0.000176687649   0.010173008591  -0.000000004183   0.436080419262   0.008751232682   0.001635479724   0.016448645235   0.001498398042   0.435839934609   0.006275636643   0.001498402225   0.436016622258   0.435839934609   0.016448645235   0.001498398042   0.436016622258   0.006275636643   0.001498402225 
  3.000000000000   0.018902955259   0.001523166043   0.433768951536   0.010175677226  -0.000000005692  -0.000176670550   0.008727278033   0.001523171735   0.433945622086  -0.000916287803   0.097052264012   0.000542512684   0.000000037701   0.005440267862   0.000001306454  -0.000916325504   0.091611996150   0.000541206230   0.433768951536   0.018902955259   0.001523166043  -0.000176670550   0.010175677226  -0.000000005692   0.433945622086   0.008727278033   0.001523171735   0.016392304616   0.001358781655   0.434545539718   0.006216627390   0.001358787347   0.434722210267   0.434545539718   0.016392304616   0.001358781655   0.434722210267   0.006216627390   0.001358787347 
  4.000000000000   0.018918820924   0.001377793604   0.432967303640   0.010174720817  -0.000000006230  -0.000176620507   0.008744100107   0.001377799834   0.433143924146  -0.000925043916   0.098593003574   0.000493623546   0.000000040834   0.005439715761   0.000001454058  -0.000925084750   0.093153287813   0.000492169487   0.432967303640   0.018918820924   0.001377793604  -0.000176620507   0.010174720817  -0.000000006230   0.433143924146   0.008744100107   0.001377799834   0.016459364008   0.001260723809   0.433853462705   0.006284643191   0.001260730040   0.434030083212   0.433853462705   0.016459364008   0.001260723809   0.434030083212   0.006284643191   0.001260730040 
  5.000000000000   0.018928322110   0.001319025360   0.433510246423   0.010172682873  -0.000000006223  -0.000176606176   0.008755639238   0.001319031584   0.433686852599  -0.000896270552   0.096615767195   0.000473853324   0.000000040876   0.005438795475   0.000001491672  -0.000896311428   0.091176971719   0.000472361652   0.433510246423   0.018928322110   0.001319025360  -0.000176606176   0.010172682873  -0.000000006223   0.433686852599   0.008755639238   0.001319031584   0.016473832792   0.001196068402   0.434443527835   0.006301149920   0.001196074625   0.434620134010   0.434443527835   0.016473832792   0.001196068402   0.434620134010   0.006301149920   0.001196074625 
  6.000000000000   0.018942900878   0.001281029476   0.433771461730   0.010171893133  -0.000000006143  -0.000176603877   0.008771007746   0.001281035619   0.433948065607  -0.000899120351   0.095729508097   0.000461065594   0.000000040462   0.005438446522   0.000001455301  -0.000899160813   0.090291061575   0.000459610293   0.433771461730   0.018942900878   0.001281029476  -0.000176603877   0.010171893133  -0.000000006143   0.433948065607   0.008771007746   0.001281035619   0.016484038246   0.001155062904   0.434703077190   0.006312145113   0.001155069046   0.434879681067   0.434703077190   0.016484038246   0.001155062904   0.434879681067   0.006312145113   0.001155069046 
  7.000000000000   0.018948394271   0.001267143135   0.433933200480   0.010171649016  -0.000000006124  -0.000176608766   0.008776745255   0.001267149259   0.434109809245  -0.000888515567   0.095246266457   0.000456216280   0.000000040315   0.005438344582   0.000001460513  -0.000888555882   0.089807921875   0.000454755766   0.433933200480   0.018948394271   0.001267143135  -0.000176608766   0.010171649016  -0.000000006124   0.434109809245   0.008776745255   0.001267149259   0.016490077884   0.001141005159   0.434872679054   0.006318428868   0.001141011284   0.435049287819   0.434872679054   0.016490077884   0.001141005159   0.435049287819   0.006318428868   0.001141011284 
  8.000000000000   0.018950654308   0.001264310171   0.433998478604   0.010171496439  -0.000000006105  -0.000176610542   0.008779157869   0.001264316276   0.434175089147  -0.000884483915   0.095029857439   0.000454906479   0.000000040193   0.005438274457   0.000001457706  -0.000884524108   0.089591582983   0.000453448773   0.433998478604   0.018950654308   0.001264310171  -0.000176610542   0.010171496439  -0.000000006105   0.434175089147   0.008779157869   0.001264316276   0.016492306008   0.001137666817   0.434942118901   0.006320809568   0.001137672922   0.435118729443   0.434942118901   0.016492306008   0.001137666817   0.435118729443   0.006320809568   0.001137672922 
  9.000000000000   0.018952681138   0.001263196775   0.434020230696   0.010171450113  -0.000000006097  -0.000176611952   0.008781231025   0.001263202872   0.434196842649  -0.000882400569   0.094964210053   0.000454411891   0.000000040133   0.005438248689   0.000001455772  -0.000882440703   0.089525961364   0.000452956118   0.434020230696   0.018952681138   0.001263196775  -0.000176611952   0.010171450113  -0.000000006097   0.434196842649   0.008781231025   0.001263202872   0.016493865803   0.001136180214   0.434959696144   0.006322415690   0.001136186311   0.435136308097   0.434959696144   0.016493865803   0.001136180214   0.435136308097   0.006322415690   0.001136186311 
 10.000000000000   0.018962470382   0.001261396702   0.433999997714   0.010171402321  -0.000000006094  -0.000176611852   0.008791068061   0.001261402795   0.434176609566  -0.000880971610   0.094972227047   0.000453728962   0.000000040097   0.005438218122   0.000001453535  -0.000881011707   0.089534008925   0.000452275427   0.433999997714   0.018962470382   0.001261396702  -0.000176611852   0.010171402321  -0.000000006094   0.434176609566   0.008791068061   0.001261402795   0.016498965162   0.001134460377   0.434946208670   0.006327562841   0.001134466470   0.435122820523   0.434946208670   0.016498965162   0.001134460377   0.435122820523   0.006327562841   0.001134466470 
 11.000000000000   0.018963844638   0.001253036862   0.433953717293   0.010171056738  -0.000000006093  -0.000176605704   0.008792787901   0.001253042956   0.434130322997  -0.000881038169   0.094919849736   0.000453568900   0.000000040048   0.005438032007   0.000001449287  -0.000881078217   0.089481817729   0.000452119612   0.433953717293   0.018963844638   0.001253036862  -0.000176605704   0.010171056738  -0.000000006093   0.434130322997   0.008792787901   0.001253042956   0.016501988690   0.001133869471   0.434903533933   0.006330931953   0.001133875564   0.435080139637   0.434903533933   0.016501988690   0.001133869471   0.435080139637   0.006330931953   0.001133875564 
 12.000000000000   0.018965041828   0.001263000592   0.433905733174   0.010170702672  -0.000000006095  -0.000176598860   0.008794339156   0.001263006688   0.434082332033  -0.000877892543   0.094871598798   0.000453762457   0.000000040021   0.005437843248   0.000001446047  -0.000877932564   0.089433755549   0.000452316410   0.433905733174   0.018965041828   0.001263000592  -0.000176598860   0.010170702672  -0.000000006095   0.434082332033   0.008794339156   0.001263006688   0.016503602620   0.001133307119   0.434858953607   0.006332899948   0.001133313214   0.435035552467   0.434858953607   0.016503602620   0.001133307119   0.435035552467   0.006332899948   0.001133313214 
 13.000000000000   0.018967206339   0.001265604086   0.433850310991   0.010170401697  -0.000000006090  -0.000176592573   0.008796804642   0.001265610177   0.434026903564  -0.000876210104   0.094858897610   0.000453569830   0.000000039986   0.005437680234   0.000001441802  -0.000876250090   0.089421217375   0.000452128028   0.433850310991   0.018967206339   0.001265604086  -0.000176592573   0.010170401697  -0.000000006090   0.434026903564   0.008796804642   0.001265610177   0.016504956688   0.001132645609   0.434805353929   0.006334554992   0.001132651700   0.434981946502   0.434805353929   0.016504956688   0.001132645609   0.434981946502   0.006334554992   0.001132651700 
 14.000000000000   0.018968981207   0.001265969014   0.433775250648   0.010170128173  -0.000000006091  -0.000176586851   0.008798853034   0.001265975106   0.433951837499  -0.000876123665   0.094877494727   0.000453927065   0.000000039951   0.005437527925   0.000001435219  -0.000876163616   0.089439966802   0.000452491846   0.433775250648   0.018968981207   0.001265969014  -0.000176586851   0.010170128173  -0.000000006091   0.433951837499   0.008798853034   0.001265975106   0.016506409381   0.001133558293   0.434738490306   0.006336281208   0.001133564384   0.434915077158   0.434738490306   0.016506409381   0.001133558293   0.434915077158   0.006336281208   0.001133564384 
 15.000000000000   0.018957287887   0.001303666571   0.433682193722   0.010169888386  -0.000000006090  -0.000176581981   0.008787399500   0.001303672661   0.433858775703  -0.000877014926   0.094930643906   0.000452671351   0.000000039919   0.005437388012   0.000001431098  -0.000877054844   0.089493255894   0.000451240254   0.433682193722   0.018957287887   0.001303666571  -0.000176581981   0.010169888386  -0.000000006090   0.433858775703   0.008787399500   0.001303672661   0.016512884104   0.001134619743   0.434648261212   0.006342995717   0.001134625833   0.434824843194   0.434648261212   0.016512884104   0.001134619743   0.434824843194   0.006342995717   0.001134625833 
 16.000000000000   0.018895493399   0.001130063196   0.433453037359   0.010169889389  -0.000000006124  -0.000176580603   0.008725604010   0.001130069320   0.433629617961  -0.000821309832   0.094985931203   0.000440396662   0.000000040343   0.005437393136   0.000001492776  -0.000821350176   0.089548538068   0.000438903886   0.433453037359   0.018895493399   0.001130063196  -0.000176580603   0.010169889389  -0.000000006124   0.433629617961   0.008725604010   0.001130069320   0.016497566558   0.001139313734   0.434628372441   0.006327677170   0.001139319858   0.434804953044   0.434628372441   0.016497566558   0.001139313734   0.434804953044   0.006327677170   0.001139319858 
 17.000000000000   0.018949991698   0.001275162509   0.433868856193   0.010170401333  -0.000000006143  -0.000176584215   0.008779590366   0.001275168652   0.434045440408  -0.000872924821   0.094910120727   0.000454128569   0.000000040616   0.005437702946   0.000001519290  -0.000872965436   0.089472417781   0.000452609278   0.433868856193   0.018949991698   0.001275162509  -0.000176584215   0.010170401333  -0.000000006143   0.434045440408   0.008779590366   0.001275168652   0.016510520156   0.001137589642   0.434786439029   0.006340118824   0.001137595785   0.434963023244   0.434786439029   0.016510520156   0.001137589642   0.434963023244   0.006340118824   0.001137595785 
 18.000000000000   0.018969122671   0.001269045416   0.433975770318   0.010170522976  -0.000000006102  -0.000176585407   0.008798599695   0.001269051518   0.434152355725  -0.000879689608   0.094870127011   0.000454729977   0.000000040198   0.005437778529   0.000001470159  -0.000879729806   0.089432348482   0.000453259818   0.433975770318   0.018969122671   0.001269045416  -0.000176585407   0.010170522976  -0.000000006102   0.434152355725   0.008798599695   0.001269051518   0.016508502411   0.001136380740   0.434842583537   0.006337979435   0.001136386842   0.435019168944   0.434842583537   0.016508502411   0.001136380740   0.435019168944   0.006337979435   0.001136386842 
 19.000000000000   0.018961045114   0.001266265942   0.434015748679   0.010170651553  -0.000000006114  -0.000176589150   0.008790393561   0.001266272056   0.434192337829  -0.000879765169   0.094786246826   0.000454208332   0.000000040261   0.005437859647   0.000001464392  -0.000879805430   0.089348387179   0.000452743941   0.434015748679   0.018961045114   0.001266265942  -0.000176589150   0.010170651553  -0.000000006114   0.434192337829   0.008790393561   0.001266272056   0.016504995368   0.001137296627   0.434912303006   0.006334343815   0.001137302742   0.435088892156   0.434912303006   0.016504995368   0.001137296627   0.435088892156   0.006334343815   0.001137302742 
 20.000000000000   0.018950875755   0.001267432278   0.434048370747   0.010171116583  -0.000000006097  -0.000176601229   0.008779759172   0.001267438375   0.434224971976  -0.000882322779   0.094830730401   0.000454123979   0.000000040218   0.005438100251   0.000001467306  -0.000882362997   0.089392630150   0.000452656674   0.434048370747   0.018950875755   0.001267432278  -0.000176601229   0.010171116583  -0.000000006097   0.434224971976   0.008779759172   0.001267438375   0.016495239266   0.001139562543   0.434970565379   0.006324122683   0.001139568639   0.435147166608   0.434970565379   0.016495239266   0.001139562543   0.435147166608   0.006324122683   0.001139568639 
