Force Coefficients for group 1 --> C:\Users\alphamale\Downloads\OpenVSP-3.51.2-win64-Python3.13\Analysis\05_Stability\05_Rudder\Tyche_R2T1_CA_G5_Rudder 

      Time              Cx               Cy               Cz               Cxo              Cyo              Czo              Cxi              Cyi              Czi              Cmx              Cmy              Cmz             Cmxo            Cmyo              Cmzo             Cmxi             Cmyi             Cmzi              CL               CD               CS              CLo              CDo              CSo              CLi               CDi             CSi              Cwx              Cwy              Cwz              Cxiw             Cyiw             Cziw             CLw              CDw              CSw               CLiw            CDiw             CSiw
  1.000000000000   0.008636515427  -0.000000000000  -0.000137437230   0.008636515427  -0.000000000000  -0.000137437230   0.000000000000   0.000000000000   0.000000000000  -0.000000000000   0.004914367489  -0.000000122117  -0.000000000000   0.004914367489  -0.000000122117   0.000000000000   0.000000000000   0.000000000000  -0.000137437230   0.008636515427  -0.000000000000  -0.000137437230   0.008636515427  -0.000000000000   0.000000000000   0.000000000000   0.000000000000   0.008636515427  -0.000000000000  -0.000137437230   0.000000000000   0.000000000000   0.000000000000  -0.000137437230   0.008636515427  -0.000000000000   0.000000000000   0.000000000000   0.000000000000 
  2.000000000000   0.018924241273   0.001635475541   0.435903731613   0.010173008591  -0.000000004183  -0.000176687649   0.008751232682   0.001635479724   0.436080419262  -0.000825409691  -0.777831575480   0.000917888865   0.000000023132   0.005791339402   0.000000406669  -0.000825432823  -0.783622914883   0.000917482196   0.435903731613   0.018924241273   0.001635475541  -0.000176687649   0.010173008591  -0.000000004183   0.436080419262   0.008751232682   0.001635479724   0.016448645235   0.001498398042   0.435839934609   0.006275636643   0.001498402225   0.436016622258   0.435839934609   0.016448645235   0.001498398042   0.436016622258   0.006275636643   0.001498402225 
  3.000000000000   0.018902955259   0.001523166043   0.433768951536   0.010175677226  -0.000000005692  -0.000176670550   0.008727278033   0.001523171735   0.433945622086  -0.000916287803  -0.767718373022   0.000890797602   0.000000037701   0.005792481876   0.000001305152  -0.000916325504  -0.773510854898   0.000889492450   0.433768951536   0.018902955259   0.001523166043  -0.000176670550   0.010175677226  -0.000000005692   0.433945622086   0.008727278033   0.001523171735   0.016392304616   0.001358781655   0.434545539718   0.006216627390   0.001358787347   0.434722210267   0.434545539718   0.016392304616   0.001358781655   0.434722210267   0.006216627390   0.001358787347 
  4.000000000000   0.018918820924   0.001377793604   0.432967303640   0.010174720817  -0.000000006230  -0.000176620507   0.008744100107   0.001377799834   0.433143924146  -0.000925043916  -0.764579451848   0.000808667815   0.000000040834   0.005791830009   0.000001452634  -0.000925084750  -0.770371281857   0.000807215181   0.432967303640   0.018918820924   0.001377793604  -0.000176620507   0.010174720817  -0.000000006230   0.433143924146   0.008744100107   0.001377799834   0.016459364008   0.001260723809   0.433853462705   0.006284643191   0.001260730040   0.434030083212   0.433853462705   0.016459364008   0.001260723809   0.434030083212   0.006284643191   0.001260730040 
  5.000000000000   0.018928322110   0.001319025360   0.433510246423   0.010172682873  -0.000000006223  -0.000176606176   0.008755639238   0.001319031584   0.433686852599  -0.000896270552  -0.767639110044   0.000775459733   0.000000040876   0.005790881153   0.000001490249  -0.000896311428  -0.773429991197   0.000773969484   0.433510246423   0.018928322110   0.001319025360  -0.000176606176   0.010172682873  -0.000000006223   0.433686852599   0.008755639238   0.001319031584   0.016473832792   0.001196068402   0.434443527835   0.006301149920   0.001196074625   0.434620134010   0.434443527835   0.016473832792   0.001196068402   0.434620134010   0.006301149920   0.001196074625 
  6.000000000000   0.018942900878   0.001281029476   0.433771461730   0.010171893133  -0.000000006143  -0.000176603877   0.008771007746   0.001281035619   0.433948065607  -0.000899120351  -0.769046133311   0.000753983919   0.000000040462   0.005790527616   0.000001453897  -0.000899160813  -0.774836660927   0.000752530023   0.433771461730   0.018942900878   0.001281029476  -0.000176603877   0.010171893133  -0.000000006143   0.433948065607   0.008771007746   0.001281035619   0.016484038246   0.001155062904   0.434703077190   0.006312145113   0.001155069046   0.434879681067   0.434703077190   0.016484038246   0.001155062904   0.434879681067   0.006312145113   0.001155069046 
  7.000000000000   0.018948394271   0.001267143135   0.433933200480   0.010171649016  -0.000000006124  -0.000176608766   0.008776745255   0.001267149259   0.434109809245  -0.000888515567  -0.769851820624   0.000745959375   0.000000040315   0.005790435422   0.000001459113  -0.000888555882  -0.775642256046   0.000744500262   0.433933200480   0.018948394271   0.001267143135  -0.000176608766   0.010171649016  -0.000000006124   0.434109809245   0.008776745255   0.001267149259   0.016490077884   0.001141005159   0.434872679054   0.006318428868   0.001141011284   0.435049287819   0.434872679054   0.016490077884   0.001141005159   0.435049287819   0.006318428868   0.001141011284 
  8.000000000000   0.018950654308   0.001264310171   0.433998478604   0.010171496439  -0.000000006105  -0.000176610542   0.008779157869   0.001264316276   0.434175089147  -0.000884483915  -0.770198369443   0.000744001792   0.000000040193   0.005790368839   0.000001456310  -0.000884524108  -0.775988738282   0.000742545483   0.433998478604   0.018950654308   0.001264310171  -0.000176610542   0.010171496439  -0.000000006105   0.434175089147   0.008779157869   0.001264316276   0.016492306008   0.001137666817   0.434942118901   0.006320809568   0.001137672922   0.435118729443   0.434942118901   0.016492306008   0.001137666817   0.435118729443   0.006320809568   0.001137672922 
  9.000000000000   0.018952681138   0.001263196775   0.434020230696   0.010171450113  -0.000000006097  -0.000176611952   0.008781231025   0.001263202872   0.434196842649  -0.000882400569  -0.770307382243   0.000743252617   0.000000040133   0.005790345883   0.000001454378  -0.000882440703  -0.776097728126   0.000741798238   0.434020230696   0.018952681138   0.001263196775  -0.000176611952   0.010171450113  -0.000000006097   0.434196842649   0.008781231025   0.001263202872   0.016493865803   0.001136180214   0.434959696144   0.006322415690   0.001136186311   0.435136308097   0.434959696144   0.016493865803   0.001136180214   0.435136308097   0.006322415690   0.001136186311 
 10.000000000000   0.018962470382   0.001261396702   0.433999997714   0.010171402321  -0.000000006094  -0.000176611852   0.008791068061   0.001261402795   0.434176609566  -0.000880971610  -0.770259028364   0.000742158086   0.000000040097   0.005790315116   0.000001452142  -0.000881011707  -0.776049343480   0.000740705944   0.433999997714   0.018962470382   0.001261396702  -0.000176611852   0.010171402321  -0.000000006094   0.434176609566   0.008791068061   0.001261402795   0.016498965162   0.001134460377   0.434946208670   0.006327562841   0.001134466470   0.435122820523   0.434946208670   0.016498965162   0.001134460377   0.435122820523   0.006327562841   0.001134466470 
 11.000000000000   0.018963844638   0.001253036862   0.433953717293   0.010171056738  -0.000000006093  -0.000176605704   0.008792787901   0.001253042956   0.434130322997  -0.000881038169  -0.770219140082   0.000740086475   0.000000040048   0.005790116745   0.000001447894  -0.000881078217  -0.776009256827   0.000738638581   0.433953717293   0.018963844638   0.001253036862  -0.000176605704   0.010171056738  -0.000000006093   0.434130322997   0.008792787901   0.001253042956   0.016501988690   0.001133869471   0.434903533933   0.006330931953   0.001133875564   0.435080139637   0.434903533933   0.016501988690   0.001133869471   0.435080139637   0.006330931953   0.001133875564 
 12.000000000000   0.018965041828   0.001263000592   0.433905733174   0.010170702672  -0.000000006095  -0.000176598860   0.008794339156   0.001263006688   0.434082332033  -0.000877892543  -0.770171728901   0.000742558324   0.000000040021   0.005789914341   0.000001444653  -0.000877932564  -0.775961643241   0.000741113671   0.433905733174   0.018965041828   0.001263000592  -0.000176598860   0.010170702672  -0.000000006095   0.434082332033   0.008794339156   0.001263006688   0.016503602620   0.001133307119   0.434858953607   0.006332899948   0.001133313214   0.435035552467   0.434858953607   0.016503602620   0.001133307119   0.435035552467   0.006332899948   0.001133313214 
 13.000000000000   0.018967206339   0.001265604086   0.433850310991   0.010170401697  -0.000000006090  -0.000176592573   0.008796804642   0.001265610177   0.434026903564  -0.000876210104  -0.770073939294   0.000742961008   0.000000039986   0.005789738793   0.000001440410  -0.000876250090  -0.775863678087   0.000741520598   0.433850310991   0.018967206339   0.001265604086  -0.000176592573   0.010170401697  -0.000000006090   0.434026903564   0.008796804642   0.001265610177   0.016504956688   0.001132645609   0.434805353929   0.006334554992   0.001132651700   0.434981946502   0.434805353929   0.016504956688   0.001132645609   0.434981946502   0.006334554992   0.001132651700 
 14.000000000000   0.018968981207   0.001265969014   0.433775250648   0.010170128173  -0.000000006091  -0.000176586851   0.008798853034   0.001265975106   0.433951837499  -0.000876123665  -0.769905700345   0.000743401687   0.000000039951   0.005789575076   0.000001433826  -0.000876163616  -0.775695275422   0.000741967861   0.433775250648   0.018968981207   0.001265969014  -0.000176586851   0.010170128173  -0.000000006091   0.433951837499   0.008798853034   0.001265975106   0.016506409381   0.001133558293   0.434738490306   0.006336281208   0.001133564384   0.434915077158   0.434738490306   0.016506409381   0.001133558293   0.434915077158   0.006336281208   0.001133564384 
 15.000000000000   0.018957287887   0.001303666571   0.433682193722   0.010169888386  -0.000000006090  -0.000176581981   0.008787399500   0.001303672661   0.433858775703  -0.000877014926  -0.769667030978   0.000750765841   0.000000039919   0.005789425455   0.000001429705  -0.000877054844  -0.775456456433   0.000749336136   0.433682193722   0.018957287887   0.001303666571  -0.000176581981   0.010169888386  -0.000000006090   0.433858775703   0.008787399500   0.001303672661   0.016512884104   0.001134619743   0.434648261212   0.006342995717   0.001134625833   0.434824843194   0.434648261212   0.016512884104   0.001134619743   0.434824843194   0.006342995717   0.001134625833 
 16.000000000000   0.018895493399   0.001130063196   0.433453037359   0.010169889389  -0.000000006124  -0.000176580603   0.008725604010   0.001130069320   0.433629617961  -0.000821309832  -0.769154892877   0.000698795259   0.000000040343   0.005789427830   0.000001491375  -0.000821350176  -0.774944320707   0.000697303883   0.433453037359   0.018895493399   0.001130063196  -0.000176580603   0.010169889389  -0.000000006124   0.433629617961   0.008725604010   0.001130069320   0.016497566558   0.001139313734   0.434628372441   0.006327677170   0.001139319858   0.434804953044   0.434628372441   0.016497566558   0.001139313734   0.434804953044   0.006327677170   0.001139319858 
 17.000000000000   0.018949991698   0.001275162509   0.433868856193   0.010170401333  -0.000000006143  -0.000176584215   0.008779590366   0.001275168652   0.434045440408  -0.000872924821  -0.770059688271   0.000745705362   0.000000040616   0.005789744842   0.000001517886  -0.000872965436  -0.775849433113   0.000744187476   0.433868856193   0.018949991698   0.001275162509  -0.000176584215   0.010170401333  -0.000000006143   0.434045440408   0.008779590366   0.001275168652   0.016510520156   0.001137589642   0.434786439029   0.006340118824   0.001137595785   0.434963023244   0.434786439029   0.016510520156   0.001137589642   0.434963023244   0.006340118824   0.001137595785 
 18.000000000000   0.018969122671   0.001269045416   0.433975770318   0.010170522976  -0.000000006102  -0.000176585407   0.008798599695   0.001269051518   0.434152355725  -0.000879689608  -0.770312828169   0.000744908044   0.000000040198   0.005789822802   0.000001468763  -0.000879729806  -0.776102650970   0.000743439281   0.433975770318   0.018969122671   0.001269045416  -0.000176585407   0.010170522976  -0.000000006102   0.434152355725   0.008798599695   0.001269051518   0.016508502411   0.001136380740   0.434842583537   0.006337979435   0.001136386842   0.435019168944   0.434842583537   0.016508502411   0.001136380740   0.435019168944   0.006337979435   0.001136386842 
 19.000000000000   0.018961045114   0.001266265942   0.434015748679   0.010170651553  -0.000000006114  -0.000176589150   0.008790393561   0.001266272056   0.434192337829  -0.000879765169  -0.770476410029   0.000743750850   0.000000040261   0.005789911382   0.000001462994  -0.000879805430  -0.776266321411   0.000742287856   0.434015748679   0.018961045114   0.001266265942  -0.000176589150   0.010170651553  -0.000000006114   0.434192337829   0.008790393561   0.001266272056   0.016504995368   0.001137296627   0.434912303006   0.006334343815   0.001137302742   0.435088892156   0.434912303006   0.016504995368   0.001137296627   0.435088892156   0.006334343815   0.001137302742 
 20.000000000000   0.018950875755   0.001267432278   0.434048370747   0.010171116583  -0.000000006097  -0.000176601229   0.008779759172   0.001267438375   0.434224971976  -0.000882322779  -0.770496962476   0.000743933189   0.000000040218   0.005790176065   0.000001465912  -0.000882362997  -0.776287138541   0.000742467278   0.434048370747   0.018950875755   0.001267432278  -0.000176601229   0.010171116583  -0.000000006097   0.434224971976   0.008779759172   0.001267438375   0.016495239266   0.001139562543   0.434970565379   0.006324122683   0.001139568639   0.435147166608   0.434970565379   0.016495239266   0.001139562543   0.435147166608   0.006324122683   0.001139568639 
