Force Coefficients for group 1 --> C:/Users/alphamale/Downloads/OpenVSP-3.51.2-win64-Python3.13/G1_6_Trial/Tyche_R2T1_G1_6_10.94_Ed 

      Time              Cx               Cy               Cz               Cxo              Cyo              Czo              Cxi              Cyi              Czi              Cmx              Cmy              Cmz             Cmxo            Cmyo              Cmzo             Cmxi             Cmyi             Cmzi              CL               CD               CS              CLo              CDo              CSo              CLi               CDi             CSi              Cwx              Cwy              Cwz              Cxiw             Cyiw             Cziw             CLw              CDw              CSw               CLiw            CDiw             CSiw
  1.000000000000   0.009619157151   0.000000000000   0.000075349855   0.009619157151   0.000000000000   0.000075349855   0.000000000000   0.000000000000   0.000000000000   0.000000000000   0.004233445145   0.000000000000   0.000000000000   0.004233445145   0.000000000000   0.000000000000   0.000000000000   0.000000000000  -0.000595832177   0.009600981507   0.000000000000  -0.000595832177   0.009600981507   0.000000000000   0.000000000000   0.000000000000   0.000000000000   0.009619157151   0.000000000000   0.000075349855   0.000000000000   0.000000000000   0.000000000000  -0.000595832177   0.009600981507   0.000000000000   0.000000000000   0.000000000000   0.000000000000 
  2.000000000000  -0.022640992985   0.049408246742   0.790626579436   0.013245194055   0.000000005308  -0.000012269333  -0.035886187040   0.049408241434   0.790638848770  -0.003100567487  -1.550096332162   0.008576889721  -0.000000050977   0.006342224829  -0.000002591555  -0.003100516509  -1.556438556991   0.008579481277   0.790280008658   0.032565481566   0.049408246742  -0.000936177477   0.013212073563   0.000000005308   0.791216186135   0.019353408003   0.049408241434  -0.014479446323  -0.000273885100   0.705036727479  -0.027724640379  -0.000273890407   0.705048996812   0.704329328563   0.034736700849  -0.000273885100   0.705265506040   0.021524627286  -0.000273890407 
  3.000000000000  -0.021742282335   0.057416670007   0.702021356522   0.012597195962   0.000000025591   0.000003444605  -0.034339478297   0.057416644416   0.702017911917  -0.004301294975  -1.345463011117   0.013436386002  -0.000000052330   0.005963449638  -0.000000132911  -0.004301242645  -1.351426460755   0.013436518913   0.701827932728   0.027281215096   0.057416670007  -0.000875299755   0.012566750109   0.000000025591   0.702703232483   0.014714464987   0.057416644416  -0.013767939137   0.007054446016   0.620459617049  -0.026365135099   0.007054420424   0.620456172444   0.619908611491   0.029546673856   0.007054446016   0.620783911246   0.016979923747   0.007054420424 
  4.000000000000  -0.021559657056   0.055522959757   0.711048766029   0.012644496522   0.000000042066   0.000002433490  -0.034204153578   0.055522917691   0.711046332538  -0.003070953263  -1.370841059161   0.012373798784  -0.000000198778   0.005991809091  -0.000008611889  -0.003070754485  -1.376832868252   0.012382410673   0.710820612623   0.028093115763   0.055522959757  -0.000879607927   0.012613864915   0.000000042066   0.711700220550   0.015479250848   0.055522917691  -0.013701031635   0.005442561261   0.629543284450  -0.026345528157   0.005442519194   0.629540850959   0.628965484303   0.030247062982   0.005442561261   0.629845092230   0.017633198067   0.005442519194 
  5.000000000000  -0.018687737020   0.054925926491   0.706248706659   0.012621323710   0.000000039454   0.000002987965  -0.031309060730   0.054925887037   0.706245718694  -0.003119958351  -1.356757440247   0.012345906671  -0.000000186298   0.005978322464  -0.000008057568  -0.003119772053  -1.362735762711   0.012353964239   0.705831910942   0.030623204731   0.054925926491  -0.000877438350   0.012590787230   0.000000039454   0.706709349292   0.018032417501   0.054925887037  -0.013696407826   0.005464850764   0.626566430629  -0.026317731536   0.005464811311   0.626563442664   0.625995559408   0.030044020703   0.005464850764   0.626872997758   0.017453233473   0.005464811311 
  6.000000000000  -0.020680604406   0.053760511734   0.705389909461   0.012627607880   0.000000039762   0.000002856184  -0.033308212286   0.053760471972   0.705387053277  -0.003087200876  -1.356031999672   0.011929040302  -0.000000186528   0.005981762857  -0.000007964598  -0.003087014348  -1.362013762529   0.011937004900   0.705114221132   0.028575285206   0.053760511734  -0.000878008171   0.012597046899   0.000000039762   0.705992229304   0.015978238307   0.053760471972  -0.013517739920   0.005513163779   0.626301098997  -0.026145347800   0.005513124016   0.626298242813   0.625718410867   0.030203744783   0.005513163779   0.626596419039   0.017606697884   0.005513124016 
  7.000000000000  -0.019379507365   0.052296066499   0.705046852905   0.012622560617   0.000000040691   0.000002954875  -0.032002067982   0.052296025808   0.705043898030  -0.002975883848  -1.352283130007   0.011721849936  -0.000000189505   0.005979141454  -0.000008038705  -0.002975694343  -1.358262271461   0.011729888641   0.704681240304   0.029849282424   0.052296066499  -0.000877557641   0.012592018815   0.000000040691   0.705558797945   0.017257263609   0.052296025808  -0.013370717761   0.005458779991   0.627053804135  -0.025993278378   0.005458739300   0.627050849260   0.626459026706   0.030402914860   0.005458779991   0.627336584347   0.017810896045   0.005458739300 
  8.000000000000  -0.020606429578   0.055714698182   0.706825840899   0.012619665195   0.000000035090   0.000002952456  -0.033226094773   0.055714663092   0.706822888443  -0.003143755720  -1.355341217026   0.012002837736  -0.000000171907   0.005977385477  -0.000007548455  -0.003143583813  -1.361318602503   0.012010386191   0.706541480539   0.028749444861   0.055714698182  -0.000877358080   0.012589130278   0.000000035090   0.707418838619   0.016160314583   0.055714663092  -0.013946007344   0.003833159852   0.628526808047  -0.026565672539   0.003833124761   0.628523855591   0.627968572627   0.029931778212   0.003833159852   0.628845930707   0.017342647934   0.003833124761 
  9.000000000000  -0.024380704923   0.055396770602   0.707858102491   0.012631815681   0.000000024140   0.000002715044  -0.037012520604   0.055396746462   0.707855387447  -0.003545216031  -1.358945870301   0.012170513476  -0.000000124615   0.005984480577  -0.000005344476  -0.003545091416  -1.364930350877   0.012175857952   0.707834507733   0.025056370390   0.055396770602  -0.000878442488   0.012601234605   0.000000024140   0.708712950222   0.012455135785   0.055396746462  -0.013409378617   0.006425184907   0.627453844106  -0.026041194298   0.006425160768   0.627451129062   0.626860789045   0.030392253557   0.006425184907   0.627739231533   0.017791018952   0.006425160768 
 10.000000000000  -0.021273807412   0.053841633408   0.704701526227   0.012628188501   0.000000029078   0.000002831563  -0.033901995913   0.053841604330   0.704698694664  -0.003183490907  -1.355552782633   0.012179169656  -0.000000148182   0.005982312178  -0.000006352311  -0.003183342725  -1.361535094811   0.012185521967   0.704468894516   0.027935508025   0.053841633408  -0.000878073234   0.012597624389   0.000000029078   0.705346967750   0.015337883637   0.053841604330  -0.013246242163   0.005943199965   0.627345230480  -0.025874430664   0.005943170887   0.627342398917   0.626741060173   0.030547416116   0.005943199965   0.627619133407   0.017949791727   0.005943170887 
 11.000000000000  -0.019021967045   0.052947349715   0.703873375514   0.012619964304   0.000000044537   0.000003057180  -0.031641931349   0.052947305178   0.703870318335  -0.002701066099  -1.348119287545   0.011847522777  -0.000000206191   0.005977352141  -0.000008786096  -0.002700859909  -1.354096639686   0.011856308873   0.703485680693   0.030124094149   0.052947349715  -0.000877274476   0.012589435963   0.000000044537   0.704362955169   0.017534658186   0.052947305178  -0.012813889655   0.004848207076   0.625345315465  -0.025433853958   0.004848162538   0.625342258285   0.624715857463   0.030839208416   0.004848207076   0.625593131939   0.018249772453   0.004848162538 
 12.000000000000  -0.019531352664   0.058048470289   0.710987959590   0.012630451390  -0.000000012236   0.000002705652  -0.032161804054   0.058048482525   0.710985253937  -0.004282091036  -1.369240362819   0.013399303556   0.000000018267   0.005983802050   0.000000750769  -0.004282109303  -1.375224164870   0.013398552787   0.710618466943   0.030112237665   0.058048470289  -0.000878356689   0.012599872982  -0.000000012236   0.711496823633   0.017512364683   0.058048482525  -0.013568310641   0.006957097348   0.627821743039  -0.026198762031   0.006957109584   0.627819037387   0.627238878332   0.030259372016   0.006957097348   0.628117235021   0.017659499034   0.006957109584 
 13.000000000000  -0.021659603627   0.061052344819   0.695595730965   0.012634831992  -0.000000062890   0.000002840962  -0.034294435619   0.061052407708   0.695592890003  -0.007183258621  -1.289785581990   0.015783931432   0.000000258805   0.005987594880   0.000011663514  -0.007183517426  -1.295773176870   0.015772267918   0.695412192297   0.026915463423   0.061052344819  -0.000878527285   0.012604252352  -0.000000062890   0.696290719581   0.014311211071   0.061052407708  -0.014675374000   0.011885553249   0.625286514633  -0.027310205992   0.011885616138   0.625283673671   0.624787050451   0.028978156814   0.011885553249   0.625665577736   0.016373904462   0.011885616138 
 14.000000000000  -0.021870817377   0.052694716182   0.706283891695   0.012643256253  -0.000000004259   0.000002528485  -0.034514073631   0.052694720440   0.706281363210  -0.004252254236  -1.354434429866   0.011404027168   0.000000019917   0.005991280780   0.000001471095  -0.004252274153  -1.360425710646   0.011402556073   0.706089050730   0.027450332581   0.052694716182  -0.000879426648   0.012612634295  -0.000000004259   0.706968477378   0.014837698287   0.052694720440  -0.011671225843   0.006618180218   0.628075748298  -0.024314482097   0.006618184477   0.628073219814   0.627359930902   0.032169554122   0.006618180218   0.628239357549   0.019556919827   0.006618184477 
 15.000000000000  -0.023359246467   0.050848703475   0.709349737079   0.012672840755   0.000000139129   0.000001438321  -0.036032087223   0.050848564346   0.709348298758  -0.000469371786  -1.359998687465   0.011186252097  -0.000000566212   0.006006147500  -0.000023895408  -0.000468805574  -1.366004834965   0.011210147505   0.709251255434   0.026179391793   0.050848703475  -0.000882577866   0.012642070684   0.000000139129   0.710133833300   0.013537321109   0.050848564346  -0.014143492178   0.001947085002   0.629895326345  -0.026816332933   0.001946945872   0.629893888024   0.629347533129   0.029830237452   0.001947085002   0.630230110995   0.017188166768   0.001946945872 
 16.000000000000  -0.020465579571   0.052288372967   0.704800455420   0.012633143073   0.000000076108   0.000002624510  -0.033098722645   0.052288296859   0.704797830910  -0.001799304786  -1.351612094843   0.011385697135  -0.000000360363   0.005984249928  -0.000015848297  -0.001798944423  -1.357596344772   0.011401545431   0.704511203598   0.028748668015   0.052288372967  -0.000878625396   0.012602552448   0.000000076108   0.705389828994   0.016146115567   0.052288296859  -0.013604499990   0.003987201551   0.626194874946  -0.026237643063   0.003987125443   0.626192250436   0.625618497649   0.030109786241   0.003987201551   0.626497123046   0.017507233793   0.003987125443 
 17.000000000000  -0.023349895495   0.053438968917   0.705478691776   0.012628705205   0.000000058046   0.000002788541  -0.035978600700   0.053438910871   0.705475903236  -0.002649718259  -1.355432280402   0.012251582415  -0.000000265879   0.005982408112  -0.000011618696  -0.002649452380  -1.361414688514   0.012263201111   0.705388987512   0.025918689517   0.053438968917  -0.000878152195   0.012598136833   0.000000058046   0.706267139707   0.013320552684   0.053438910871  -0.013809246370   0.005377164298   0.626831066194  -0.026437951575   0.005377106252   0.626828277653   0.626267421553   0.029949917071   0.005377164298   0.627145573748   0.017351780238   0.005377106252 
 18.000000000000  -0.019313492919   0.054362965743   0.707577000780   0.012640397364   0.000000050078   0.000002653806  -0.031953890283   0.054362915664   0.707574346974  -0.002693079598  -1.359354253625   0.012576070622  -0.000000236402   0.005989592719  -0.000010841328  -0.002692843195  -1.365343846344   0.012586911950   0.707200619930   0.030091630256   0.054362965743  -0.000879102205   0.012609791111   0.000000050078   0.708079722135   0.017481839144   0.054362915664  -0.013296021075   0.005261000496   0.628452913608  -0.025936418439   0.005260950418   0.628450259802   0.627849517442   0.030575026531   0.005261000496   0.628728619647   0.017965235420   0.005260950418 
 19.000000000000  -0.021293175468   0.058201700976   0.701105452486   0.012617077402   0.000000011674   0.000003177823  -0.033910252870   0.058201689302   0.701102274663  -0.004443883902  -1.350181608912   0.013665324721  -0.000000052912   0.005976944704  -0.000001746895  -0.004443830990  -1.356158553616   0.013667071617   0.700882931677   0.027665337726   0.058201700976  -0.000876952747   0.012586564509   0.000000011674   0.701759884423   0.015078773217   0.058201689302  -0.013751749658   0.007839784633   0.626885859061  -0.026368827060   0.007839772959   0.626882681239   0.626318070180   0.030011095881   0.007839784633   0.627195022927   0.017424531372   0.007839772959 
 20.000000000000  -0.020395657411   0.054412280475   0.703469094929   0.012605608036   0.000000058377   0.000003482791  -0.033001265447   0.054412222098   0.703465612138  -0.002692620854  -1.347622627778   0.012383985440  -0.000000265159   0.005969446896  -0.000011505307  -0.002692355695  -1.353592074674   0.012395490747   0.703178208711   0.028725548836   0.054412280475  -0.000875848459   0.012575144356   0.000000058377   0.704054057170   0.016150404480   0.054412222098  -0.012708952487   0.005543966366   0.624988673651  -0.025314560523   0.005543907990   0.624985190860   0.624352764365   0.030919011887   0.005543966366   0.625228612823   0.018343867531   0.005543907990 
