2 0.000000 100.000000 407.315828
868 730 
1 -79.021551 0.000000 -82.477363 99.997353 -0.003637 0.000466 0.000053 
2 92.672542 0.000000 -82.477363 99.997653 -0.023750 -0.015344 0.000047 
3 92.672542 0.000000 85.501989 100.002337 0.023262 -0.014995 -0.000047 
4 -79.021551 0.000000 85.501989 100.002633 0.003654 0.000442 -0.000053 
5 6.825495 0.000000 1.512313 100.463546 0.003451 -6.429700 -0.013427 
6 -79.021551 0.000000 1.512313 100.000043 0.000051 0.003647 -0.000001 
7 6.825495 0.000000 -82.477363 99.992433 -0.013319 -0.007992 0.000151 
8 92.672542 0.000000 1.512313 100.000101 1.632959 -2.455119 -0.000871 
9 6.825495 0.000000 85.501989 100.007400 0.013105 -0.007808 -0.000148 
10 -36.098028 0.000000 -40.482525 99.988785 -0.006906 0.001737 0.000224 
11 -79.021551 0.000000 -40.482525 99.997355 -0.002497 0.002176 0.000053 
12 -36.098028 0.000000 -82.477363 99.994470 -0.007033 -0.001555 0.000111 
13 6.825495 0.000000 -40.482525 99.969919 -0.025703 -0.034068 0.000601 
14 -36.098028 0.000000 1.512313 100.000384 0.000190 0.015731 -0.000008 
15 49.749019 0.000000 -40.482525 99.991197 -0.047586 -0.060887 0.000175 
16 49.749019 0.000000 -82.477363 99.994992 -0.019948 -0.013799 0.000100 
17 92.672542 0.000000 -40.482525 99.997807 -0.053100 -0.060507 0.000043 
18 49.749019 0.000000 1.512313 100.000305 1.631261 -2.461133 -0.000878 
19 -36.098028 0.000000 43.507151 100.011076 0.007008 0.001523 -0.000222 
20 -79.021551 0.000000 43.507151 100.002670 0.002561 0.002126 -0.000053 
21 6.825495 0.000000 43.507151 100.028786 0.024973 -0.032476 -0.000576 
22 -36.098028 0.000000 85.501989 100.005441 0.007002 -0.001562 -0.000109 
23 -14.636266 0.000000 -19.485106 99.950061 -0.012418 0.005902 0.000999 
24 -36.098028 0.000000 -19.485106 99.988491 -0.004602 0.009102 0.000230 
25 -14.636266 0.000000 -40.482525 99.976813 -0.013342 -0.007346 0.000464 
26 6.825495 0.000000 -19.485106 99.884527 -0.046642 -0.146462 0.002306 
27 -14.636266 0.000000 1.512313 100.003944 0.000700 0.072635 -0.000079 
28 49.749019 0.000000 43.507151 100.008742 0.045641 -0.058198 -0.000175 
29 92.672542 0.000000 43.507151 100.002217 0.051123 -0.057951 -0.000045 
30 49.749019 0.000000 85.501989 100.004937 0.019528 -0.013455 -0.000099 
31 28.287257 0.000000 -19.485106 99.969611 -0.095120 -0.230459 0.000601 
32 28.287257 0.000000 -40.482525 99.981073 -0.039468 -0.055705 0.000378 
33 49.749019 0.000000 -19.485106 99.992160 -0.107652 -0.227160 0.000150 
34 28.287257 0.000000 1.512313 100.001228 1.629988 -2.487190 -0.000909 
35 -14.636266 0.000000 22.509732 100.048550 0.012765 0.004075 -0.000971 
36 -36.098028 0.000000 22.509732 100.011704 0.004865 0.008402 -0.000234 
37 6.825495 0.000000 22.509732 100.106333 0.044374 -0.133061 -0.002130 
38 -14.636266 0.000000 43.507151 100.022400 0.013253 -0.007400 -0.000448 
39 -3.905385 0.000000 -8.986396 99.767633 -0.019369 0.013101 0.004642 
40 -14.636266 0.000000 -8.986396 99.946652 -0.007688 0.040601 0.001067 
41 -3.905385 0.000000 -19.485106 99.900519 -0.023498 -0.037547 0.001988 
42 6.825495 0.000000 -8.986396 99.616899 -0.071876 -0.578852 0.007613 
43 -3.905385 0.000000 1.512313 100.047147 0.002116 0.369415 -0.000957 
44 28.287257 0.000000 22.509732 100.030365 0.087334 -0.211655 -0.000613 
45 49.749019 0.000000 22.509732 100.008035 0.099630 -0.209389 -0.000166 
46 28.287257 0.000000 43.507151 100.018440 0.037848 -0.053002 -0.000369 
47 17.556376 0.000000 -8.986396 99.914446 -0.183575 -0.733653 0.001653 
48 17.556376 0.000000 -19.485106 99.933712 -0.076326 -0.217153 0.001320 
49 28.287257 0.000000 -8.986396 99.975238 -0.220561 -0.714170 0.000439 
50 17.556376 0.000000 1.512313 100.021996 1.684560 -2.584774 -0.001392 
51 -3.905385 0.000000 12.011023 100.216587 0.021086 -0.002344 -0.004336 
52 -14.636266 0.000000 12.011023 100.055104 0.008686 0.036195 -0.001103 
53 6.825495 0.000000 12.011023 100.331873 0.068035 -0.487635 -0.006673 
54 -3.905385 0.000000 22.509732 100.092640 0.023490 -0.036946 -0.001854 
55 1.460055 0.000000 -3.737042 98.841910 -0.022796 -0.007706 0.023028 
56 -3.905385 0.000000 -3.737042 99.732631 -0.010750 0.193141 0.005336 
57 1.460055 0.000000 -8.986396 99.584590 -0.035526 -0.199356 0.008287 
58 6.825495 0.000000 -3.737042 99.064731 -0.076223 -1.837851 0.018280 
59 1.460055 0.000000 1.512313 100.914618 0.004085 2.428934 -0.018966 
60 17.556376 0.000000 12.011023 100.086198 0.155130 -0.639189 -0.001768 
61 28.287257 0.000000 12.011023 100.025943 0.187876 -0.624052 -0.000561 
62 17.556376 0.000000 22.509732 100.063763 0.070259 -0.197625 -0.001280 
63 12.190936 0.000000 -3.737042 99.883104 -0.310950 -1.639573 0.002058 
64 12.190936 0.000000 -8.986396 99.813703 -0.132775 -0.728299 0.003668 
65 17.556376 0.000000 -3.737042 99.944693 -0.448396 -1.531789 0.000851 
66 12.190936 0.000000 1.512313 99.903497 1.825165 -2.749185 0.000840 
67 1.460055 0.000000 6.761668 100.914593 0.029476 -0.147143 -0.018378 
68 -3.905385 0.000000 6.761668 100.280112 0.014100 0.142606 -0.005612 
69 6.825495 0.000000 6.761668 100.770101 0.082447 -1.371414 -0.015650 
70 1.460055 0.000000 12.011023 100.356622 0.037255 -0.187553 -0.007149 
71 4.142775 0.000000 -1.112364 96.121880 -0.010987 -1.827697 0.075724 
72 1.460055 0.000000 -1.112364 98.377131 -0.008762 0.976781 0.032099 
73 4.142775 0.000000 -3.737042 98.539220 -0.038123 -0.988268 0.028904 
74 6.825495 0.000000 -1.112364 98.793091 -0.037071 -4.231540 0.022202 
75 4.142775 0.000000 1.512313 108.529025 -0.008061 -2.871257 -0.178679 
76 12.190936 0.000000 6.761668 100.154849 0.235327 -1.389441 -0.003298 
77 17.556376 0.000000 6.761668 100.062539 0.330989 -1.299697 -0.001431 
78 12.190936 0.000000 12.011023 100.178315 0.115148 -0.624764 -0.003610 
79 9.508216 0.000000 -1.112364 100.442860 -0.199242 -3.079523 -0.009829 
80 9.508216 0.000000 -3.737042 99.715235 -0.170302 -1.826821 0.005351 
81 12.190936 0.000000 -1.112364 100.028594 -0.829959 -2.320287 -0.001179 
82 9.508216 0.000000 1.512313 97.523637 0.000000 -2.836100 0.048110 
83 71.210780 0.000000 -19.485106 99.997113 -0.110855 -0.223902 0.000051 
84 71.210780 0.000000 -40.482525 99.995815 -0.051314 -0.061052 0.000083 
85 92.672542 0.000000 -19.485106 99.998667 -0.112056 -0.222224 0.000020 
86 71.210780 0.000000 1.512313 100.000141 1.632148 -2.456227 -0.000873 
87 39.018138 0.000000 -8.986396 99.990391 -0.228293 -0.701678 0.000138 
88 39.018138 0.000000 -19.485106 99.985259 -0.103824 -0.229664 0.000288 
89 49.749019 0.000000 -8.986396 99.995382 -0.230971 -0.695473 0.000039 
90 39.018138 0.000000 1.512313 100.000652 1.630669 -2.468587 -0.000888 
91 22.921817 0.000000 -3.737042 99.973906 -0.478770 -1.494704 0.000275 
92 22.921817 0.000000 -8.986396 99.955918 -0.208622 -0.722835 0.000825 
93 28.287257 0.000000 -3.737042 99.986161 -0.487606 -1.475926 0.000035 
94 22.921817 0.000000 1.512313 100.003118 1.630070 -2.509856 -0.000958 
95 14.873656 0.000000 -1.112364 99.966860 -1.016998 -2.295851 0.000032 
96 14.873656 0.000000 -3.737042 99.919460 -0.405138 -1.565696 0.001349 
97 17.556376 0.000000 -1.112364 99.974336 -1.072715 -2.270919 -0.000118 
98 14.873656 0.000000 1.512313 100.001088 1.776850 -2.686600 -0.001059 
99 9.508216 0.000000 4.136991 100.085906 0.239172 -2.384010 -0.002293 
100 6.825495 0.000000 4.136991 101.110512 0.071993 -2.783469 -0.023109 
101 12.190936 0.000000 4.136991 100.012664 0.543235 -1.917834 -0.000651 
102 9.508216 0.000000 6.761668 100.342062 0.149560 -1.470394 -0.007071 
103 10.849576 0.000000 0.199975 99.941496 -1.544000 -3.365431 -0.000201 
104 9.508216 0.000000 0.199975 102.510571 0.033995 -3.337895 -0.051956 
105 10.849576 0.000000 -1.112364 100.235531 -0.519773 -2.417398 -0.005328 
106 12.190936 0.000000 0.199975 99.950162 -2.799512 -4.080494 -0.001452 
107 10.849576 0.000000 1.512313 99.773771 0.561824 -2.369458 0.003926 
108 8.166856 0.000000 0.199975 100.353686 -0.000766 -6.512440 -0.011327 
109 6.825495 0.000000 0.199975 99.188565 0.006967 -6.700619 0.011673 
110 8.166856 0.000000 -1.112364 99.874618 -0.078841 -3.933876 0.000958 
111 8.166856 0.000000 1.512313 99.333235 0.033467 -5.805815 0.009920 
112 71.210780 0.000000 22.509732 100.002987 0.102928 -0.206337 -0.000065 
113 92.672542 0.000000 22.509732 100.001388 0.104188 -0.204717 -0.000033 
114 71.210780 0.000000 43.507151 100.004203 0.049326 -0.058452 -0.000085 
115 39.018138 0.000000 12.011023 100.010463 0.195807 -0.613521 -0.000251 
116 49.749019 0.000000 12.011023 100.005015 0.198770 -0.607660 -0.000141 
117 39.018138 0.000000 22.509732 100.015019 0.095735 -0.211575 -0.000306 
118 22.921817 0.000000 6.761668 100.029694 0.355365 -1.268180 -0.000767 
119 28.287257 0.000000 6.761668 100.015763 0.364305 -1.251205 -0.000485 
120 22.921817 0.000000 12.011023 100.045146 0.176418 -0.631934 -0.000946 
121 14.873656 0.000000 4.136991 100.040570 0.655775 -1.813191 -0.001183 
122 17.556376 0.000000 4.136991 100.038582 0.679456 -1.781027 -0.001135 
123 14.873656 0.000000 6.761668 100.093573 0.298617 -1.330733 -0.002058 
124 10.849576 0.000000 2.824652 99.692519 0.079243 -2.223225 0.005645 
125 9.508216 0.000000 2.824652 99.547983 -0.000000 -2.889485 0.008185 
126 12.190936 0.000000 2.824652 99.922457 0.494464 -2.079843 0.001093 
127 10.849576 0.000000 4.136991 99.991574 0.414605 -2.073019 -0.000278 
128 10.178896 0.000000 0.856144 99.414489 0.122307 -0.257419 0.011668 
129 9.508216 0.000000 0.856144 97.428677 0.062184 -0.410984 0.050748 
130 10.178896 0.000000 0.199975 100.873395 -0.159479 -2.471066 -0.018157 
131 10.849576 0.000000 0.856144 100.323736 3.832101 -17.877806 -0.039915 
132 10.178896 0.000000 1.512313 98.913277 0.000000 -1.897286 0.021256 
133 28.287257 0.000000 -61.479944 99.989239 -0.023862 -0.022280 0.000215 
134 6.825495 0.000000 -61.479944 99.986551 -0.017553 -0.014529 0.000269 
135 28.287257 0.000000 -82.477363 99.993348 -0.016900 -0.011506 0.000133 
136 49.749019 0.000000 -61.479944 99.993127 -0.028673 -0.026080 0.000137 
137 17.556376 0.000000 -29.983815 99.959555 -0.046285 -0.090906 0.000808 
138 6.825495 0.000000 -29.983815 99.946859 -0.033031 -0.062547 0.001062 
139 17.556376 0.000000 -40.482525 99.974354 -0.033068 -0.047453 0.000513 
140 28.287257 0.000000 -29.983815 99.974741 -0.056943 -0.103496 0.000504 
141 12.190936 0.000000 -14.235751 99.864864 -0.085184 -0.351855 0.002688 
142 6.825495 0.000000 -14.235751 99.805132 -0.057936 -0.266951 0.003886 
143 12.190936 0.000000 -19.485106 99.907053 -0.061958 -0.192482 0.001854 
144 17.556376 0.000000 -14.235751 99.918605 -0.109521 -0.378771 0.001612 
145 9.508216 0.000000 -6.361719 99.659999 -0.127761 -1.099715 0.006666 
146 6.825495 0.000000 -6.361719 99.423006 -0.078633 -0.960603 0.011414 
147 9.508216 0.000000 -8.986396 99.721638 -0.100448 -0.687686 0.005511 
148 12.190936 0.000000 -6.361719 99.811202 -0.187114 -1.100047 0.003648 
149 10.849576 0.000000 -2.424703 99.974599 -0.327300 -2.079036 0.000065 
150 9.508216 0.000000 -2.424703 99.896987 -0.196246 -2.364836 0.001496 
151 10.849576 0.000000 -3.737042 99.839559 -0.241016 -1.718040 0.002905 
152 12.190936 0.000000 -2.424703 99.950103 -0.458242 -1.949806 0.000597 
153 10.178896 0.000000 -0.456195 100.711786 -0.348864 -2.680188 -0.015017 
154 9.508216 0.000000 -0.456195 101.129077 -0.144243 -3.365999 -0.023844 
155 10.178896 0.000000 -1.112364 100.385628 -0.333286 -2.651571 -0.008442 
156 10.849576 0.000000 -0.456195 100.294000 -0.759399 -2.548700 -0.006596 
157 13.532296 0.000000 0.199975 99.930204 -2.766320 -4.443482 -0.001344 
158 13.532296 0.000000 -1.112364 99.972024 -0.961877 -2.311731 -0.000067 
159 14.873656 0.000000 0.199975 99.967531 -2.688094 -4.155037 -0.001800 
160 13.532296 0.000000 1.512313 99.969672 1.821599 -2.803644 -0.000511 
161 11.520256 0.000000 0.856144 99.161735 7.778943 -14.193499 -0.009502 
162 11.520256 0.000000 0.199975 99.978851 -2.571959 -3.870272 -0.001736 
163 12.190936 0.000000 0.856144 99.546352 7.467851 -10.130625 -0.006787 
164 11.520256 0.000000 1.512313 99.846245 1.540789 -2.687575 0.002113 
165 10.514236 0.000000 0.528059 98.892454 -0.271056 -3.199044 0.020998 
166 10.178896 0.000000 0.528059 100.648025 0.267524 -2.179221 -0.013485 
167 10.514236 0.000000 0.199975 100.186955 -0.658173 -2.781465 -0.004560 
168 10.849576 0.000000 0.528059 98.967046 -3.494961 -6.491001 0.015118 
169 10.514236 0.000000 0.856144 102.050846 0.509758 -0.322966 -0.041474 
170 11.520256 0.000000 -0.456195 100.110378 -1.139075 -2.580886 -0.003005 
171 11.520256 0.000000 -1.112364 100.095588 -0.701020 -2.345930 -0.002512 
172 12.190936 0.000000 -0.456195 100.023459 -1.334214 -2.625387 -0.001337 
173 11.184916 0.000000 0.528059 99.689590 -5.081315 -7.190172 -0.001553 
174 11.184916 0.000000 0.199975 99.973347 -2.234924 -3.696319 -0.001333 
175 11.520256 0.000000 0.528059 99.769499 -5.469911 -7.610334 -0.004179 
176 11.184916 0.000000 0.856144 99.328972 6.931679 -15.302371 -0.014846 
177 4.142775 0.000000 4.136991 102.416109 0.029895 -1.362054 -0.049092 
178 1.460055 0.000000 4.136991 101.477246 0.018003 0.347111 -0.029775 
179 4.142775 0.000000 6.761668 101.113498 0.046344 -0.803459 -0.022459 
180 8.166856 0.000000 2.824652 100.034809 0.106121 -3.798108 -0.002140 
181 6.825495 0.000000 2.824652 101.109920 0.047125 -4.228786 -0.024110 
182 8.166856 0.000000 4.136991 100.462727 0.125581 -2.718492 -0.010017 
183 10.178896 0.000000 2.168483 99.187543 0.000000 -2.456204 0.015580 
184 9.508216 0.000000 2.168483 98.843261 -0.000000 -3.117024 0.022029 
185 10.849576 0.000000 2.168483 99.601551 0.243927 -2.203087 0.007462 
186 10.178896 0.000000 2.824652 99.629737 0.000000 -2.405644 0.006813 
187 10.514236 0.000000 1.184229 100.189034 -0.000000 -2.036964 -0.004199 
188 10.178896 0.000000 1.184229 99.013651 -0.000000 -1.324769 0.019454 
189 10.849576 0.000000 1.184229 100.307688 1.685267 -3.573308 -0.007724 
190 10.514236 0.000000 1.512313 99.453955 -0.000000 -2.040295 0.010475 
191 10.681906 0.000000 0.692102 92.964920 0.914246 -8.724339 0.128057 
192 10.514236 0.000000 0.692102 97.196516 1.523191 -1.780235 0.054735 
193 10.681906 0.000000 0.528059 98.355600 -1.615524 -4.987013 0.029870 
194 10.849576 0.000000 0.692102 98.047161 -5.123247 -14.529458 0.014940 
195 10.681906 0.000000 0.856144 109.934232 0.721469 -6.345536 -0.212632 
196 13.532296 0.000000 2.824652 99.997494 0.768416 -1.904409 -0.000372 
197 14.873656 0.000000 2.824652 100.023017 0.629837 -1.905355 -0.000863 
198 13.532296 0.000000 4.136991 100.032627 0.619728 -1.848472 -0.001033 
199 11.520256 0.000000 2.168483 99.795915 0.820372 -2.096105 0.003571 
200 12.190936 0.000000 2.168483 99.905187 0.896766 -2.155857 0.001350 
201 11.520256 0.000000 2.824652 99.844524 0.094169 -2.088338 0.002670 
202 11.184916 0.000000 1.184229 99.892326 2.244454 -4.977250 -0.000829 
203 11.520256 0.000000 1.184229 99.833637 2.932878 -4.436931 0.000496 
204 11.184916 0.000000 1.512313 99.820938 1.176659 -2.589851 0.002769 
205 11.017246 0.000000 0.692102 99.074514 -6.041676 -14.980220 -0.007667 
206 11.017246 0.000000 0.528059 99.496578 -4.585548 -6.965355 0.003089 
207 11.184916 0.000000 0.692102 99.240946 -6.133428 -15.683267 -0.013235 
208 11.017246 0.000000 0.856144 99.494164 7.368784 -15.841069 -0.020433 
209 10.681906 0.000000 1.020186 102.313784 0.000000 -4.579031 -0.048908 
210 10.514236 0.000000 1.020186 101.448925 -0.000000 -1.940523 -0.029565 
211 10.849576 0.000000 1.020186 100.844871 3.236607 -6.593935 -0.022364 
212 10.681906 0.000000 1.184229 100.456563 0.000000 -2.843175 -0.009960 
213 10.765741 0.000000 0.774123 102.292719 1.725794 -3.094415 -0.047635 
214 10.681906 0.000000 0.774123 103.469581 1.847375 -2.432520 -0.071528 
215 10.765741 0.000000 0.692102 95.749079 -2.928706 -13.669574 0.063668 
216 10.849576 0.000000 0.774123 98.534371 -1.744989 -22.109791 -0.020091 
217 10.765741 0.000000 0.856144 108.241753 0.997264 -6.957040 -0.176567 
218 8.837536 0.000000 0.856144 97.894524 -0.000000 -11.699225 0.027979 
219 8.166856 0.000000 0.856144 99.719189 -0.014374 -7.388399 0.000149 
220 8.837536 0.000000 0.199975 102.156919 0.008894 -6.135945 -0.047369 
221 8.837536 0.000000 1.512313 97.880730 0.081411 -5.185380 0.039247 
222 9.843556 0.000000 0.528059 101.995275 0.237397 -2.205283 -0.040796 
223 9.508216 0.000000 0.528059 103.588058 0.145850 -2.882054 -0.073881 
224 9.843556 0.000000 0.199975 101.697334 0.002255 -2.628653 -0.034926 
225 9.843556 0.000000 0.856144 98.432280 0.068521 0.113992 0.031107 
226 10.346566 0.000000 0.692102 99.432876 1.011411 -0.983982 0.011111 
227 10.178896 0.000000 0.692102 100.552395 0.729054 -0.899721 -0.011213 
228 10.346566 0.000000 0.528059 99.852662 0.165826 -2.398103 0.002367 
229 10.346566 0.000000 0.856144 100.186993 0.235417 -0.208151 -0.003753 
230 10.598071 0.000000 0.774123 101.461497 1.759291 -0.344404 -0.029765 
231 10.514236 0.000000 0.774123 100.581460 1.254209 -0.033389 -0.011820 
232 10.598071 0.000000 0.692102 94.841013 1.839173 -3.506001 0.098951 
233 10.598071 0.000000 0.856144 104.734861 0.902274 -1.057694 -0.097132 
234 11.017246 0.000000 1.020186 100.045529 4.576927 -6.962496 -0.007853 
235 11.184916 0.000000 1.020186 99.793466 5.299567 -6.892972 -0.003433 
236 11.017246 0.000000 1.184229 99.990342 1.638715 -5.980774 -0.003652 
237 10.765741 0.000000 0.938165 104.015636 0.000000 -6.955223 -0.086763 
238 10.681906 0.000000 0.938165 105.660858 0.000000 -6.766970 -0.121001 
239 10.849576 0.000000 0.938165 100.943283 5.782302 -10.430860 -0.033178 
240 10.765741 0.000000 1.020186 102.081653 0.000000 -4.945512 -0.044512 
241 10.723823 0.000000 0.815133 105.916728 1.459592 -4.414741 -0.123997 
242 10.681906 0.000000 0.815133 105.695197 1.455382 -3.615218 -0.118666 
243 10.723823 0.000000 0.774123 103.211957 1.933948 -2.926081 -0.066501 
244 10.765741 0.000000 0.815133 105.771142 1.417186 -4.985661 -0.121440 
245 10.723823 0.000000 0.856144 108.747403 0.842912 -7.401373 -0.188149 
246 9.843556 0.000000 1.184229 97.813041 -0.000000 -1.403289 0.043064 
247 9.508216 0.000000 1.184229 96.511579 0.000000 -2.151142 0.068089 
248 9.843556 0.000000 1.512313 98.213728 -0.000000 -2.166539 0.034937 
249 10.346566 0.000000 1.020186 100.071516 -0.000000 -1.095500 -0.001551 
250 10.178896 0.000000 1.020186 99.132197 0.000000 -0.831687 0.017212 
251 10.346566 0.000000 1.184229 99.621402 -0.000000 -1.555053 0.007316 
252 10.598071 0.000000 0.938165 104.213630 -0.000000 -3.233023 -0.087093 
253 10.514236 0.000000 0.938165 102.422216 -0.000000 -1.569325 -0.049277 
254 10.598071 0.000000 1.020186 102.208038 -0.000000 -3.158560 -0.045646 
255 10.639988 0.000000 0.815133 104.311346 1.504439 -2.159709 -0.088778 
256 10.598071 0.000000 0.815133 102.809806 1.333342 -0.568788 -0.057196 
257 10.639988 0.000000 0.774123 102.668651 1.896142 -1.356634 -0.054629 
258 10.639988 0.000000 0.856144 107.031389 0.860883 -2.892312 -0.146482 
259 10.514236 0.000000 -0.128110 100.466152 -0.611284 -2.569904 -0.010043 
260 10.178896 0.000000 -0.128110 100.852115 -0.315759 -2.614047 -0.017808 
261 10.514236 0.000000 -0.456195 100.472236 -0.536611 -2.574533 -0.010159 
262 10.849576 0.000000 -0.128110 100.232323 -1.006435 -2.693482 -0.005479 
263 10.681906 0.000000 0.364017 99.531632 -1.278591 -3.860507 0.007692 
264 10.514236 0.000000 0.364017 99.773765 -0.565928 -3.175507 0.003479 
265 10.681906 0.000000 0.199975 99.998822 -1.081002 -3.083322 -0.001044 
266 10.849576 0.000000 0.364017 99.595251 -2.113602 -4.469425 0.005634 
267 10.765741 0.000000 0.610080 97.567250 -3.046989 -8.020721 0.040702 
268 10.681906 0.000000 0.610080 96.862489 -1.317888 -6.116318 0.057851 
269 10.765741 0.000000 0.528059 98.587070 -2.603968 -5.893424 0.023908 
270 10.849576 0.000000 0.610080 98.491694 -4.450804 -8.940523 0.019964 
271 10.723823 0.000000 0.733112 99.313641 2.328913 0.000000 0.013138 
272 10.681906 0.000000 0.733112 99.332571 2.564541 0.000000 0.012646 
273 10.723823 0.000000 0.692102 93.964480 -1.048619 -11.724512 0.103211 
274 10.765741 0.000000 0.733112 99.328802 2.125349 0.000000 0.012927 
275 10.702865 0.000000 0.794628 105.731587 1.318586 -5.822434 -0.121481 
276 10.681906 0.000000 0.794628 106.866389 1.451521 -3.930595 -0.143798 
277 10.702865 0.000000 0.774123 103.656204 1.857981 -2.892181 -0.075643 
278 10.723823 0.000000 0.794628 104.478203 1.716839 -3.562125 -0.093133 
279 10.702865 0.000000 0.815133 105.745533 1.483854 -4.159536 -0.120162 
280 10.598071 0.000000 0.610080 97.218757 -0.136303 -4.014953 0.053237 
281 10.514236 0.000000 0.610080 98.129145 0.358504 -2.704082 0.036323 
282 10.598071 0.000000 0.528059 98.482866 -0.795848 -3.990288 0.028457 
283 10.639988 0.000000 0.733112 99.374387 2.469474 0.000000 0.011863 
284 10.598071 0.000000 0.733112 99.494453 2.353512 0.000000 0.009531 
285 10.639988 0.000000 0.692102 93.490850 1.857082 -5.710482 0.122340 
286 10.660947 0.000000 0.794628 105.314158 1.620690 -2.540009 -0.110015 
287 10.639988 0.000000 0.794628 104.884559 1.462972 -1.481862 -0.100511 
288 10.660947 0.000000 0.774123 103.223963 1.814534 -2.029352 -0.066260 
289 10.660947 0.000000 0.815133 104.994354 1.474805 -2.779368 -0.103371 
290 10.639988 0.000000 0.897154 108.010385 0.000000 -4.611888 -0.168751 
291 10.598071 0.000000 0.897154 105.752124 -0.000000 -2.409717 -0.118932 
292 10.681906 0.000000 0.897154 109.804470 0.085872 -7.293387 -0.211022 
293 10.639988 0.000000 0.938165 105.205673 0.000000 -4.811739 -0.109139 
294 10.660947 0.000000 0.835639 107.189573 1.116055 -3.669115 -0.150431 
295 10.639988 0.000000 0.835639 106.192113 1.157490 -2.632210 -0.128503 
296 10.681906 0.000000 0.835639 108.527470 1.052599 -5.293595 -0.180734 
297 10.660947 0.000000 0.856144 108.669122 0.741833 -4.490580 -0.182969 
298 10.671426 0.000000 0.804881 106.024058 1.580791 -3.334940 -0.125472 
299 10.660947 0.000000 0.804881 105.526674 1.558045 -2.614701 -0.114514 
300 10.671426 0.000000 0.794628 105.751290 1.620616 -3.191994 -0.119615 
301 10.681906 0.000000 0.804881 107.088876 1.414657 -4.070362 -0.148660 
302 10.671426 0.000000 0.815133 105.793355 1.514437 -3.334616 -0.120565 
303 10.430401 0.000000 0.774123 100.148794 0.784530 -0.034023 -0.003040 
304 10.346566 0.000000 0.774123 100.125279 0.446809 -0.057537 -0.002527 
305 10.430401 0.000000 0.692102 98.551999 1.229395 -1.222350 0.028450 
306 10.430401 0.000000 0.856144 100.855700 0.362467 -0.239308 -0.017206 
307 10.556153 0.000000 0.815133 101.841585 1.109023 -0.116811 -0.037295 
308 10.514236 0.000000 0.815133 101.197420 0.836174 -0.076891 -0.024162 
309 10.556153 0.000000 0.774123 100.844614 1.420389 -0.058745 -0.017166 
310 10.556153 0.000000 0.856144 102.782643 0.781965 -0.363993 -0.056502 
311 10.430401 0.000000 0.938165 101.129179 -0.000000 -0.908119 -0.022794 
312 10.346566 0.000000 0.938165 100.256272 -0.000000 -0.677119 -0.005178 
313 10.430401 0.000000 1.020186 100.623186 -0.000000 -1.402852 -0.012699 
314 10.472318 0.000000 0.815133 100.865608 0.628355 -0.086969 -0.017427 
315 10.430401 0.000000 0.815133 100.532294 0.526116 -0.073423 -0.010702 
316 10.472318 0.000000 0.774123 100.278386 0.980222 -0.037023 -0.005672 
317 10.472318 0.000000 0.856144 101.235213 0.447199 -0.278422 -0.024885 
318 10.556153 0.000000 0.733112 99.654502 1.818190 0.000000 0.006567 
319 10.514236 0.000000 0.733112 99.775819 1.504958 0.000000 0.004252 
320 10.556153 0.000000 0.692102 96.171937 1.692726 -2.368910 0.074248 
321 10.535195 0.000000 0.794628 101.424171 0.946427 -0.057367 -0.028776 
322 10.514236 0.000000 0.794628 101.164142 0.831820 -0.077556 -0.023488 
323 10.535195 0.000000 0.774123 100.583173 1.297201 -0.032673 -0.011866 
324 10.556153 0.000000 0.794628 101.690029 1.095561 -0.065417 -0.034207 
325 10.535195 0.000000 0.815133 101.552294 0.868720 -0.069510 -0.031363 
326 10.011226 0.000000 0.692102 101.251654 0.553739 -0.822836 -0.025288 
327 9.843556 0.000000 0.692102 102.044469 0.436009 -0.667301 -0.041371 
328 10.011226 0.000000 0.528059 101.315746 0.272876 -2.136162 -0.026952 
329 10.011226 0.000000 0.856144 98.967294 0.071679 -0.159575 0.020544 
330 10.262731 0.000000 0.774123 99.899327 0.359589 -0.061681 0.001999 
331 10.178896 0.000000 0.774123 99.761845 0.334728 -0.073937 0.004746 
332 10.262731 0.000000 0.692102 100.066229 0.851181 -0.922276 -0.001483 
333 10.262731 0.000000 0.856144 99.772409 0.101861 -0.233684 0.004540 
334 10.388483 0.000000 0.815133 100.332893 0.441914 -0.072698 -0.006689 
335 10.346566 0.000000 0.815133 100.154527 0.374229 -0.076115 -0.003108 
336 10.388483 0.000000 0.774123 100.292024 0.526143 -0.056169 -0.005877 
337 10.388483 0.000000 0.856144 100.660848 0.196549 -0.211060 -0.013269 
338 10.011226 0.000000 1.020186 98.445177 0.000000 -0.732258 0.030801 
339 9.843556 0.000000 1.020186 97.680257 -0.000000 -0.825273 0.045789 
340 10.011226 0.000000 1.184229 98.446794 0.000000 -1.256580 0.030665 
341 10.095061 0.000000 0.774123 99.597340 0.273711 -0.096560 0.008029 
342 10.011226 0.000000 0.774123 99.459851 0.190302 -0.071958 0.010770 
343 10.095061 0.000000 0.692102 100.924133 0.627286 -0.872058 -0.018683 
344 10.095061 0.000000 0.856144 99.148674 0.105007 -0.258850 0.016946 
345 10.095061 0.000000 0.938165 98.845596 0.000000 -0.495241 0.022930 
346 10.011226 0.000000 0.938165 98.519064 0.000000 -0.451063 0.029379 
347 10.178896 0.000000 0.938165 99.255303 0.000000 -0.569755 0.014806 
348 10.095061 0.000000 1.020186 98.768809 0.000000 -0.740328 0.024417 
349 10.136978 0.000000 0.815133 99.531616 0.258155 -0.127982 0.009337 
350 10.095061 0.000000 0.815133 99.429594 0.201993 -0.143701 0.011369 
351 10.136978 0.000000 0.774123 99.599578 0.277547 -0.109642 0.007983 
352 10.178896 0.000000 0.815133 99.664299 0.267077 -0.118205 0.006694 
353 10.136978 0.000000 0.856144 99.366288 0.170806 -0.219511 0.012626 
354 8.166856 0.000000 -2.424703 99.511151 -0.110976 -2.671618 0.009038 
355 6.825495 0.000000 -2.424703 98.904640 -0.064929 -2.686930 0.021065 
356 8.166856 0.000000 -3.737042 99.459094 -0.114542 -1.905728 0.010424 
357 8.837536 0.000000 -0.456195 100.900939 -0.075202 -4.364286 -0.020005 
358 8.166856 0.000000 -0.456195 100.179249 -0.047660 -4.902584 -0.005992 
359 8.837536 0.000000 -1.112364 100.269689 -0.122424 -3.563726 -0.006673 
360 9.843556 0.000000 -0.128110 101.324749 -0.156380 -2.838136 -0.027478 
361 9.508216 0.000000 -0.128110 101.685199 -0.078576 -3.409630 -0.035151 
362 9.843556 0.000000 -0.456195 100.962902 -0.222019 -2.951286 -0.020227 
363 10.011226 0.000000 0.364017 101.324016 0.100386 -2.457013 -0.027260 
364 9.843556 0.000000 0.364017 101.867553 0.129849 -2.562236 -0.038358 
365 10.011226 0.000000 0.199975 101.277529 -0.053356 -2.474245 -0.026326 
366 10.178896 0.000000 0.364017 100.784827 0.029291 -2.518935 -0.016393 
367 10.095061 0.000000 0.610080 100.959789 0.450598 -1.484739 -0.019529 
368 10.011226 0.000000 0.610080 101.302235 0.413022 -1.467792 -0.026447 
369 10.095061 0.000000 0.528059 100.989446 0.278672 -2.135411 -0.020351 
370 10.178896 0.000000 0.610080 100.587985 0.489941 -1.538412 -0.012055 
371 10.136978 0.000000 0.733112 99.891372 0.405763 0.000000 0.002155 
372 10.095061 0.000000 0.733112 99.891181 0.401067 0.000000 0.002159 
373 10.136978 0.000000 0.692102 100.752641 0.675688 -0.880712 -0.015233 
374 10.178896 0.000000 0.733112 99.891929 0.449210 0.000000 0.002140 
375 10.262731 0.000000 0.938165 99.710514 -0.000000 -0.624701 0.005742 
376 10.262731 0.000000 1.020186 99.585177 -0.000000 -0.961235 0.008187 
377 10.220813 0.000000 0.815133 99.736907 0.299458 -0.100694 0.005245 
378 10.220813 0.000000 0.774123 99.764405 0.331847 -0.083042 0.004695 
379 10.262731 0.000000 0.815133 99.848880 0.271743 -0.102987 0.003012 
380 10.220813 0.000000 0.856144 99.671398 0.235185 -0.177763 0.006553 
381 10.157937 0.000000 0.794628 99.506769 0.238662 -0.146933 0.009832 
382 10.136978 0.000000 0.794628 99.537352 0.261033 -0.126952 0.009223 
383 10.157937 0.000000 0.774123 99.661454 0.299613 -0.097110 0.006750 
384 10.178896 0.000000 0.794628 99.559400 0.261480 -0.137092 0.008784 
385 10.157937 0.000000 0.815133 99.591110 0.268585 -0.118300 0.008152 
386 9.172876 0.000000 0.528059 105.505745 0.044803 -5.248856 -0.115901 
387 8.837536 0.000000 0.528059 103.102370 -0.052825 -9.097015 -0.071286 
388 9.172876 0.000000 0.199975 102.897579 0.024714 -4.716283 -0.061016 
389 9.172876 0.000000 0.856144 94.165950 0.024829 -0.718700 0.113226 
390 9.675886 0.000000 0.692102 103.045636 0.334557 -0.830002 -0.061920 
391 9.508216 0.000000 0.692102 104.031026 0.252480 -1.252789 -0.082409 
392 9.675886 0.000000 0.528059 102.748743 0.193719 -2.438340 -0.056329 
393 9.675886 0.000000 0.856144 97.586486 0.058308 -0.005865 0.047687 
394 9.927391 0.000000 0.774123 99.356235 0.172083 0.012261 0.012831 
395 9.843556 0.000000 0.774123 99.125530 0.146595 0.125359 0.017409 
396 9.927391 0.000000 0.692102 101.601029 0.495567 -0.741358 -0.032356 
397 9.927391 0.000000 0.856144 98.727396 0.064108 -0.008598 0.025290 
398 8.837536 0.000000 2.168483 99.042256 0.166358 -4.005605 0.017456 
399 8.166856 0.000000 2.168483 99.668520 0.078693 -4.582515 0.004518 
400 8.837536 0.000000 2.824652 99.665640 0.189062 -3.399931 0.005516 
401 9.172876 0.000000 1.184229 95.423837 0.000000 -4.216624 0.087651 
402 8.837536 0.000000 1.184229 96.153547 -0.000000 -6.862677 0.070740 
403 9.172876 0.000000 1.512313 97.284731 0.000000 -4.084843 0.051900 
404 9.675886 0.000000 1.020186 96.798338 0.000000 -1.006537 0.062907 
405 9.508216 0.000000 1.020186 95.907419 0.000000 -1.409854 0.079978 
406 9.675886 0.000000 1.184229 97.194285 0.000000 -1.638961 0.055058 
407 9.759721 0.000000 0.774123 99.012152 0.134961 0.150213 0.019655 
408 9.675886 0.000000 0.774123 98.592699 0.104281 0.136644 0.027945 
409 9.759721 0.000000 0.692102 102.537955 0.382461 -0.713928 -0.051469 
410 9.759721 0.000000 0.856144 98.111585 0.069106 0.131842 0.037409 
411 9.340546 0.000000 0.692102 105.443038 0.181938 -1.420150 -0.112028 
412 9.172876 0.000000 0.692102 108.176596 0.108004 -2.843138 -0.171027 
413 9.340546 0.000000 0.528059 104.570487 0.097020 -3.638400 -0.094823 
414 9.340546 0.000000 0.856144 96.181238 0.034903 -0.238103 0.074911 
415 9.592051 0.000000 0.774123 98.250063 0.094648 -0.011067 0.034692 
416 9.508216 0.000000 0.774123 98.379038 0.092629 -0.230432 0.032150 
417 9.592051 0.000000 0.692102 103.560447 0.291478 -1.029527 -0.072591 
418 9.592051 0.000000 0.856144 97.171384 0.053100 -0.252933 0.055766 
419 9.340546 0.000000 1.020186 94.727383 0.000000 -1.991123 0.102276 
420 9.172876 0.000000 1.020186 93.244135 0.000000 -3.681304 0.129198 
421 9.340546 0.000000 1.184229 95.861403 0.000000 -2.901708 0.080217 
422 9.424381 0.000000 0.774123 98.229431 0.077472 -0.198590 0.035093 
423 9.340546 0.000000 0.774123 97.794878 0.061867 0.022452 0.043616 
424 9.424381 0.000000 0.692102 104.550196 0.217357 -1.333481 -0.093257 
425 9.424381 0.000000 0.856144 97.061952 0.044429 -0.386195 0.057883 
426 9.592051 0.000000 0.938165 96.098574 0.000000 -0.754260 0.076450 
427 9.508216 0.000000 0.938165 95.689413 0.000000 -1.013484 0.084251 
428 9.675886 0.000000 0.938165 96.658694 0.000000 -0.502216 0.065684 
429 9.592051 0.000000 1.020186 96.376788 0.000000 -1.211917 0.071005 
430 9.550133 0.000000 0.815133 97.794406 0.075443 -0.079630 0.043624 
431 9.508216 0.000000 0.815133 97.815625 0.077200 -0.346947 0.043198 
432 9.550133 0.000000 0.774123 98.351454 0.094584 -0.039122 0.032698 
433 9.592051 0.000000 0.815133 97.992577 0.084881 -0.029623 0.039745 
434 9.550133 0.000000 0.856144 96.339697 0.027546 -0.381642 0.071852 
435 5.484135 0.000000 0.199975 96.092463 0.011374 -8.038583 0.070162 
436 4.142775 0.000000 0.199975 92.181495 0.009191 -2.477605 0.149643 
437 5.484135 0.000000 -1.112364 97.188584 -0.018675 -3.841111 0.053962 
438 5.484135 0.000000 1.512313 103.620337 -0.007430 -8.357417 -0.080702 
439 7.496176 0.000000 0.856144 99.761397 -0.020183 -7.176135 -0.000383 
440 6.825495 0.000000 0.856144 99.736461 -0.023850 -7.761808 -0.000761 
441 7.496176 0.000000 0.199975 99.675462 0.003353 -6.442755 0.002329 
442 7.496176 0.000000 1.512313 99.984250 0.014599 -5.966447 -0.003245 
443 8.502196 0.000000 0.528059 100.756969 0.001571 -8.544995 -0.022498 
444 8.166856 0.000000 0.528059 100.095717 0.061689 -7.961862 -0.008255 
445 8.502196 0.000000 0.199975 101.046907 0.000911 -6.553139 -0.025342 
446 8.502196 0.000000 0.856144 99.573960 -0.011112 -8.199065 0.001780 
447 9.005206 0.000000 0.692102 109.665666 0.025775 -9.602164 -0.211876 
448 8.837536 0.000000 0.692102 102.566416 -0.012413 -11.237412 -0.064615 
449 9.005206 0.000000 0.528059 105.142007 -0.007194 -7.743149 -0.111480 
450 9.005206 0.000000 0.856144 92.458532 0.008947 -5.358009 0.142271 
451 9.256711 0.000000 0.774123 98.179021 0.062862 -0.041216 0.036087 
452 9.172876 0.000000 0.774123 97.247904 0.044734 -0.090422 0.054283 
453 9.256711 0.000000 0.692102 106.619565 0.145045 -1.867518 -0.137124 
454 9.256711 0.000000 0.856144 95.831515 0.035224 -0.377852 0.081618 
455 9.424381 0.000000 0.938165 95.328531 0.000000 -1.080587 0.091130 
456 9.340546 0.000000 0.938165 94.342506 0.000000 -1.225728 0.109799 
457 9.424381 0.000000 1.020186 95.355579 0.000000 -1.620424 0.090469 
458 9.382463 0.000000 0.815133 97.822291 0.063042 -0.142826 0.043078 
459 9.340546 0.000000 0.815133 97.467087 0.056752 0.040787 0.050016 
460 9.382463 0.000000 0.774123 98.574504 0.077993 -0.103620 0.028305 
461 9.424381 0.000000 0.815133 97.898847 0.068175 -0.248013 0.041575 
462 9.382463 0.000000 0.856144 96.580285 0.037905 -0.249765 0.067218 
463 8.502196 0.000000 1.184229 98.693968 0.013952 -6.884900 0.021210 
464 8.166856 0.000000 1.184229 99.388648 0.008708 -6.601344 0.007832 
465 8.502196 0.000000 1.512313 98.721182 0.047642 -5.692357 0.022172 
466 9.005206 0.000000 1.020186 93.605941 0.000000 -7.214552 0.118588 
467 8.837536 0.000000 1.020186 96.066591 -0.000000 -8.800888 0.069375 
468 9.005206 0.000000 1.184229 95.848245 -0.000000 -5.783093 0.077967 
469 9.256711 0.000000 0.938165 93.188028 0.000000 -1.705516 0.131308 
470 9.172876 0.000000 0.938165 91.787770 0.000000 -2.675844 0.156785 
471 9.256711 0.000000 1.020186 94.034777 0.000000 -2.589985 0.115075 
472 9.298628 0.000000 0.815133 97.051273 0.050151 0.081815 0.058104 
473 9.256711 0.000000 0.815133 96.700355 0.046448 -0.167155 0.064901 
474 9.298628 0.000000 0.774123 97.738959 0.059949 0.098321 0.044708 
475 9.298628 0.000000 0.856144 95.369194 0.028442 -0.255807 0.090465 
476 9.172876 0.000000 -0.128110 101.761720 -0.048137 -4.212895 -0.037320 
477 8.837536 0.000000 -0.128110 101.406402 -0.037186 -4.984609 -0.030811 
478 9.172876 0.000000 -0.456195 101.113696 -0.101214 -3.867707 -0.023895 
479 9.340546 0.000000 0.364017 103.594380 0.092877 -3.976765 -0.074762 
480 9.172876 0.000000 0.364017 103.884262 0.069678 -5.095017 -0.081790 
481 9.340546 0.000000 0.199975 102.813455 0.032821 -3.939500 -0.058613 
482 9.508216 0.000000 0.364017 103.043329 0.113416 -3.268803 -0.062863 
483 9.424381 0.000000 0.610080 104.387108 0.173480 -2.309741 -0.090203 
484 9.340546 0.000000 0.610080 105.076504 0.144344 -2.677476 -0.104826 
485 9.424381 0.000000 0.528059 104.058644 0.121592 -3.197989 -0.083844 
486 9.508216 0.000000 0.610080 103.835554 0.202974 -2.074360 -0.078617 
487 9.382463 0.000000 0.733112 99.862307 0.114143 0.000000 0.002751 
488 9.340546 0.000000 0.733112 99.858976 0.098946 0.000000 0.002818 
489 9.382463 0.000000 0.692102 104.942526 0.200308 -1.349106 -0.101479 
490 9.424381 0.000000 0.733112 99.862576 0.115523 0.000000 0.002745 
491 9.361504 0.000000 0.794628 97.775694 0.055329 -0.151808 0.043989 
492 9.340546 0.000000 0.794628 97.406956 0.056517 0.076989 0.051188 
493 9.361504 0.000000 0.774123 98.177957 0.071538 -0.009195 0.036108 
494 9.382463 0.000000 0.794628 98.216421 0.069307 -0.153916 0.035351 
495 9.361504 0.000000 0.815133 97.546343 0.059553 -0.039663 0.048471 
496 9.089041 0.000000 0.774123 96.868056 0.027583 -0.574505 0.061625 
497 9.005206 0.000000 0.774123 97.735683 0.017380 -1.915416 0.044407 
498 9.089041 0.000000 0.692102 109.831089 0.068311 -5.163507 -0.208953 
499 9.089041 0.000000 0.856144 92.237714 0.016023 -1.878616 0.148867 
500 9.214793 0.000000 0.815133 96.584034 0.042883 -0.153800 0.067150 
501 9.172876 0.000000 0.815133 96.181565 0.038941 -0.187409 0.074907 
502 9.214793 0.000000 0.774123 98.890531 0.059582 -0.037117 0.022066 
503 9.214793 0.000000 0.856144 93.640037 0.016952 -0.543972 0.123125 
504 9.089041 0.000000 0.938165 90.313847 0.000000 -4.571829 0.182251 
505 9.005206 0.000000 0.938165 90.217008 0.000000 -8.806043 0.178334 
506 9.089041 0.000000 1.020186 92.930149 0.000000 -5.486422 0.133389 
507 9.130958 0.000000 0.815133 95.926966 0.031671 -0.311615 0.079792 
508 9.089041 0.000000 0.815133 95.512423 0.024342 -0.724412 0.087685 
509 9.130958 0.000000 0.774123 97.294350 0.038026 -0.168753 0.053378 
510 9.130958 0.000000 0.856144 93.882343 0.022070 -0.955730 0.118519 
511 8.669866 0.000000 0.692102 100.777121 -0.017513 -9.436952 -0.024508 
512 8.502196 0.000000 0.692102 100.265239 -0.020888 -8.532919 -0.012593 
513 8.669866 0.000000 0.528059 101.553535 -0.108421 -8.948153 -0.039320 
514 8.669866 0.000000 0.856144 99.303860 -0.013720 -9.229627 0.005356 
515 8.921371 0.000000 0.774123 95.721592 0.004188 -9.764581 0.074203 
516 8.837536 0.000000 0.774123 98.170114 -0.000000 -12.007152 0.021846 
517 8.921371 0.000000 0.692102 105.431996 -0.002697 -12.086523 -0.126199 
518 8.921371 0.000000 0.856144 95.252279 0.001589 -11.488590 0.079502 
519 9.047123 0.000000 0.815133 94.862848 0.017982 -1.529705 0.099870 
520 9.005206 0.000000 0.815133 96.057773 0.015092 -2.763933 0.076526 
521 9.047123 0.000000 0.774123 97.619141 0.022040 -1.118643 0.046925 
522 9.047123 0.000000 0.856144 93.524247 0.014394 -2.818041 0.124527 
523 9.005206 0.000000 0.364017 103.556668 0.047632 -6.366485 -0.076452 
524 8.837536 0.000000 0.364017 102.641895 0.031188 -7.230837 -0.058764 
525 9.005206 0.000000 0.199975 102.667338 0.015530 -5.517133 -0.057102 
526 9.089041 0.000000 0.610080 107.216658 0.053773 -6.164339 -0.153341 
527 9.005206 0.000000 0.610080 106.648090 0.025850 -8.332556 -0.144325 
528 9.089041 0.000000 0.528059 105.597522 0.018034 -6.462995 -0.119261 
529 9.172876 0.000000 0.610080 106.722991 0.084093 -4.410870 -0.140926 
530 9.047123 0.000000 0.733112 99.846097 0.022626 0.000000 0.003076 
531 9.005206 0.000000 0.733112 99.845583 0.018408 0.000000 0.003086 
532 9.047123 0.000000 0.692102 110.259263 0.046873 -7.139937 -0.220809 
533 9.089041 0.000000 0.733112 99.847580 0.035272 0.000000 0.003046 
534 9.068082 0.000000 0.794628 95.371176 0.021729 -0.790439 0.090371 
535 9.047123 0.000000 0.794628 94.131808 0.017362 -1.390967 0.113727 
536 9.068082 0.000000 0.774123 98.102314 0.024419 -0.544669 0.037564 
537 9.089041 0.000000 0.794628 95.728492 0.024162 -0.637117 0.083565 
538 9.068082 0.000000 0.815133 95.791860 0.022382 -1.110390 0.082269 
539 8.669866 0.000000 1.020186 98.246900 -0.004372 -8.137589 0.028133 
540 8.502196 0.000000 1.020186 98.988668 0.000147 -7.596460 0.014354 
541 8.669866 0.000000 1.184229 97.980906 0.013477 -6.980042 0.035102 
542 8.921371 0.000000 0.938165 94.791311 -0.000000 -10.277258 0.090899 
543 8.837536 0.000000 0.938165 96.836314 -0.000000 -10.170648 0.051929 
544 8.921371 0.000000 1.020186 95.147078 -0.000000 -8.414454 0.087623 
545 8.963288 0.000000 0.815133 92.338184 0.006589 -8.126266 0.140762 
546 8.921371 0.000000 0.815133 95.408902 0.003074 -11.042819 0.077520 
547 8.963288 0.000000 0.774123 93.489405 0.008205 -6.635105 0.121571 
548 8.963288 0.000000 0.856144 93.425304 0.005935 -8.180481 0.120479 
549 9.026164 0.000000 0.794628 93.702330 0.013773 -1.483390 0.121767 
550 9.005206 0.000000 0.794628 91.363504 0.010132 -5.442039 0.162309 
551 9.026164 0.000000 0.774123 97.446710 0.018351 -1.275112 0.050251 
552 9.026164 0.000000 0.815133 94.672108 0.014407 -2.134783 0.103263 
553 8.921371 0.000000 0.610080 104.894326 0.004425 -9.774595 -0.109836 
554 8.837536 0.000000 0.610080 103.137983 -0.008398 -9.995649 -0.073736 
555 8.921371 0.000000 0.528059 104.185356 -0.030621 -8.697721 -0.093024 
556 8.963288 0.000000 0.733112 99.844863 0.013393 0.000000 0.003100 
557 8.921371 0.000000 0.733112 105.000333 -0.019782 -14.253101 -0.122822 
558 8.963288 0.000000 0.692102 107.719893 0.008255 -11.501025 -0.173585 
559 8.984247 0.000000 0.794628 91.229861 0.009296 -6.390503 0.163627 
560 8.963288 0.000000 0.794628 91.442740 0.006685 -8.064967 0.157318 
561 8.984247 0.000000 0.774123 94.409625 0.012241 -4.101052 0.107000 
562 8.984247 0.000000 0.815133 92.673642 0.009954 -5.874517 0.137709 
563 8.963288 0.000000 0.897154 91.937254 -0.000000 -12.059788 0.140210 
564 8.921371 0.000000 0.897154 94.689019 0.000000 -11.873931 0.089300 
565 9.005206 0.000000 0.897154 87.696769 0.000000 -10.280721 0.220358 
566 8.963288 0.000000 0.938165 92.672252 0.000000 -10.124773 0.130934 
567 8.984247 0.000000 0.835639 93.797402 0.009723 -5.844355 0.116789 
568 8.963288 0.000000 0.835639 94.087758 0.006903 -7.951452 0.108427 
569 9.005206 0.000000 0.835639 94.516368 0.013473 -3.743659 0.105264 
570 8.984247 0.000000 0.856144 91.846415 0.006016 -7.871939 0.150227 
571 8.994726 0.000000 0.804881 91.155836 0.009320 -5.684318 0.165830 
572 8.984247 0.000000 0.804881 91.009732 0.009012 -6.613563 0.167349 
573 8.994726 0.000000 0.794628 91.317535 0.009548 -5.560270 0.163019 
574 9.005206 0.000000 0.804881 91.187386 0.009946 -5.556404 0.165399 
575 8.994726 0.000000 0.815133 93.380868 0.010585 -4.989178 0.125512 
576 28.287257 0.000000 64.504570 100.010512 0.023220 -0.021530 -0.000210 
577 6.825495 0.000000 64.504570 100.013048 0.017187 -0.014085 -0.000261 
578 49.749019 0.000000 64.504570 100.006781 0.027868 -0.025250 -0.000136 
579 28.287257 0.000000 85.501989 100.006523 0.016567 -0.011213 -0.000131 
580 17.556376 0.000000 33.008442 100.038896 0.044126 -0.084934 -0.000779 
581 6.825495 0.000000 33.008442 100.050273 0.032114 -0.058592 -0.001006 
582 28.287257 0.000000 33.008442 100.024760 0.053779 -0.097186 -0.000496 
583 17.556376 0.000000 43.507151 100.024719 0.031839 -0.045089 -0.000495 
584 12.190936 0.000000 17.260377 100.125268 0.077803 -0.309612 -0.002517 
585 6.825495 0.000000 17.260377 100.175465 0.055244 -0.233828 -0.003518 
586 17.556376 0.000000 17.260377 100.077904 0.098069 -0.338481 -0.001571 
587 12.190936 0.000000 22.509732 100.087309 0.057692 -0.174082 -0.001750 
588 9.508216 0.000000 9.386345 100.320124 0.112972 -0.905480 -0.006496 
589 6.825495 0.000000 9.386345 100.489220 0.076161 -0.775217 -0.009869 
590 12.190936 0.000000 9.386345 100.192709 0.154695 -0.930460 -0.003947 
591 9.508216 0.000000 12.011023 100.253491 0.090501 -0.581715 -0.005111 
592 10.849576 0.000000 5.449329 100.144053 0.254062 -1.755144 -0.003198 
593 9.508216 0.000000 5.449329 100.272478 0.181386 -1.878698 -0.005813 
594 12.190936 0.000000 5.449329 100.093948 0.322762 -1.660819 -0.002166 
595 10.849576 0.000000 6.761668 100.223933 0.193350 -1.433557 -0.004693 
596 10.178896 0.000000 3.480821 99.827559 -0.000000 -2.413289 0.002863 
597 9.508216 0.000000 3.480821 99.882590 0.353570 -2.674846 0.001619 
598 10.849576 0.000000 3.480821 99.859429 0.245847 -2.168432 0.002333 
599 10.178896 0.000000 4.136991 100.011063 0.328844 -2.208629 -0.000720 
600 11.520256 0.000000 3.480821 99.926124 0.318645 -1.962455 0.001082 
601 12.190936 0.000000 3.480821 99.983253 0.085407 -1.698092 0.000046 
602 11.520256 0.000000 4.136991 100.004887 0.485026 -1.984380 -0.000515 
603 8.166856 0.000000 5.449329 100.547787 0.121428 -1.980784 -0.011380 
604 6.825495 0.000000 5.449329 100.961585 0.080883 -1.923092 -0.019695 
605 8.166856 0.000000 6.761668 100.521842 0.111619 -1.461868 -0.010679 
606 10.178896 0.000000 4.793160 100.133900 0.253044 -2.013058 -0.003091 
607 9.508216 0.000000 4.793160 100.214673 0.202487 -2.124968 -0.004754 
608 10.849576 0.000000 4.793160 100.092121 0.305335 -1.924401 -0.002223 
609 10.178896 0.000000 5.449329 100.195028 0.216651 -1.815680 -0.004239 
610 10.514236 0.000000 3.808906 99.916439 0.519368 -2.203385 0.001158 
611 10.178896 0.000000 3.808906 99.920010 0.446169 -2.293269 0.001053 
612 10.514236 0.000000 3.480821 99.837087 -0.000000 -2.298202 0.002727 
613 10.849576 0.000000 3.808906 99.924659 0.577220 -2.132319 0.001018 
614 10.514236 0.000000 4.136991 99.995103 0.373288 -2.133231 -0.000371 
615 10.514236 0.000000 3.152737 99.772614 -0.000000 -2.276438 0.004024 
616 10.178896 0.000000 3.152737 99.733020 -0.000000 -2.417895 0.004748 
617 10.514236 0.000000 2.824652 99.727836 -0.000000 -2.264640 0.004923 
618 10.849576 0.000000 3.152737 99.791302 0.114178 -2.217450 0.003677 
619 14.873656 0.000000 9.386345 100.120301 0.190232 -0.921255 -0.002496 
620 17.556376 0.000000 9.386345 100.079776 0.214596 -0.908440 -0.001683 
621 14.873656 0.000000 12.011023 100.123090 0.137532 -0.638106 -0.002506 
622 13.532296 0.000000 5.449329 100.078783 0.374225 -1.607378 -0.001849 
623 14.873656 0.000000 5.449329 100.069109 0.408388 -1.575167 -0.001647 
624 13.532296 0.000000 6.761668 100.118019 0.271389 -1.355773 -0.002553 
625 11.520256 0.000000 4.793160 100.065406 0.355351 -1.849788 -0.001663 
626 12.190936 0.000000 4.793160 100.053153 0.398654 -1.794560 -0.001401 
627 11.520256 0.000000 5.449329 100.118232 0.290253 -1.706137 -0.002666 
628 11.184916 0.000000 3.808906 99.945720 0.623701 -2.078063 0.000615 
629 11.184916 0.000000 3.480821 99.889669 0.433418 -2.059230 0.001763 
630 11.520256 0.000000 3.808906 99.960618 0.662467 -2.031841 0.000331 
631 11.184916 0.000000 4.136991 99.994089 0.452662 -2.022520 -0.000311 
632 10.681906 0.000000 3.644864 99.881633 0.998174 -2.195468 0.001784 
633 10.514236 0.000000 3.644864 99.875601 0.867655 -2.234284 0.001912 
634 10.681906 0.000000 3.480821 99.845159 0.000000 -2.230804 0.002597 
635 10.849576 0.000000 3.644864 99.889470 0.934059 -2.155158 0.001658 
636 10.681906 0.000000 3.808906 99.919632 0.549950 -2.166231 0.001107 
637 20.239096 0.000000 -1.112364 99.983091 -1.097960 -2.244360 -0.000286 
638 20.239096 0.000000 -3.737042 99.962543 -0.468673 -1.509976 0.000499 
639 22.921817 0.000000 -1.112364 99.987735 -1.106114 -2.225546 -0.000372 
640 20.239096 0.000000 1.512313 100.008595 1.633409 -2.528247 -0.001078 
641 16.215016 0.000000 0.199975 100.015181 -2.541066 -3.660349 -0.002289 
642 16.215016 0.000000 -1.112364 99.968806 -1.049425 -2.287145 -0.000009 
643 17.556376 0.000000 0.199975 99.980805 -3.236871 -3.681476 -0.002019 
644 16.215016 0.000000 1.512313 100.019391 1.734442 -2.635051 -0.001383 
645 12.861616 0.000000 0.856144 99.699047 5.803197 -8.848358 -0.005187 
646 12.861616 0.000000 0.199975 99.929828 -2.835445 -4.277589 -0.001231 
647 13.532296 0.000000 0.856144 99.792179 5.116259 -8.051607 -0.004948 
648 12.861616 0.000000 1.512313 99.942444 1.864737 -2.816025 0.000010 
649 -14.636266 0.000000 -61.479944 99.988103 -0.011570 -0.005949 0.000238 
650 -36.098028 0.000000 -61.479944 99.992005 -0.007342 -0.000950 0.000160 
651 -14.636266 0.000000 -82.477363 99.992943 -0.009845 -0.004262 0.000141 
652 71.210780 0.000000 -61.479944 99.995914 -0.031688 -0.027250 0.000082 
653 71.210780 0.000000 -82.477363 99.996528 -0.022200 -0.014917 0.000069 
654 92.672542 0.000000 -61.479944 99.997542 -0.033475 -0.027421 0.000049 
655 -14.636266 0.000000 64.504570 100.011587 0.011447 -0.005863 -0.000232 
656 -36.098028 0.000000 64.504570 100.007862 0.007338 -0.001006 -0.000157 
657 -14.636266 0.000000 85.501989 100.006911 0.009742 -0.004198 -0.000138 
658 -3.905385 0.000000 -29.983815 99.950321 -0.021596 -0.027516 0.000993 
659 -14.636266 0.000000 -29.983815 99.965600 -0.013708 -0.005209 0.000688 
660 -3.905385 0.000000 -40.482525 99.971052 -0.018781 -0.018934 0.000579 
661 71.210780 0.000000 64.504570 100.004065 0.030822 -0.026430 -0.000081 
662 92.672542 0.000000 64.504570 100.002460 0.032595 -0.026621 -0.000049 
663 71.210780 0.000000 85.501989 100.003442 0.021733 -0.014563 -0.000069 
664 39.018138 0.000000 -29.983815 99.985106 -0.063510 -0.106855 0.000296 
665 39.018138 0.000000 -40.482525 99.986973 -0.044290 -0.059875 0.000260 
666 49.749019 0.000000 -29.983815 99.990982 -0.067974 -0.107368 0.000179 
667 -3.905385 0.000000 33.008442 100.047090 0.021236 -0.026543 -0.000942 
668 -14.636266 0.000000 33.008442 100.033191 0.013680 -0.005687 -0.000664 
669 -3.905385 0.000000 43.507151 100.027740 0.018434 -0.018322 -0.000555 
670 1.460055 0.000000 -14.235751 99.796126 -0.036351 -0.133404 0.004071 
671 -3.905385 0.000000 -14.235751 99.848491 -0.022949 -0.033089 0.003028 
672 1.460055 0.000000 -19.485106 99.881642 -0.033346 -0.087771 0.002365 
673 39.018138 0.000000 33.008442 100.014791 0.060053 -0.100701 -0.000297 
674 49.749019 0.000000 33.008442 100.009036 0.063845 -0.101548 -0.000182 
675 39.018138 0.000000 43.507151 100.012815 0.042445 -0.057172 -0.000257 
676 22.921817 0.000000 -14.235751 99.951847 -0.125977 -0.385262 0.000946 
677 22.921817 0.000000 -19.485106 99.955058 -0.087436 -0.227389 0.000893 
678 28.287257 0.000000 -14.235751 99.970181 -0.136037 -0.383523 0.000580 
679 1.460055 0.000000 17.260377 100.182712 0.035914 -0.122293 -0.003659 
680 -3.905385 0.000000 17.260377 100.139823 0.023504 -0.035548 -0.002799 
681 1.460055 0.000000 22.509732 100.108666 0.032553 -0.081586 -0.002175 
682 4.142775 0.000000 -6.361719 99.265228 -0.048233 -0.601282 0.014605 
683 1.460055 0.000000 -6.361719 99.350315 -0.031927 -0.207674 0.012947 
684 4.142775 0.000000 -8.986396 99.556845 -0.050173 -0.396035 0.008828 
685 22.921817 0.000000 17.260377 100.047890 0.113032 -0.345660 -0.000971 
686 28.287257 0.000000 17.260377 100.030554 0.121691 -0.345576 -0.000625 
687 22.921817 0.000000 22.509732 100.044211 0.080218 -0.208092 -0.000889 
688 14.873656 0.000000 -6.361719 99.884728 -0.236137 -1.076503 0.002183 
689 14.873656 0.000000 -8.986396 99.875489 -0.161752 -0.736253 0.002432 
690 17.556376 0.000000 -6.361719 99.924055 -0.267315 -1.058308 0.001399 
691 4.142775 0.000000 9.386345 100.594551 0.050652 -0.507008 -0.011952 
692 1.460055 0.000000 9.386345 100.542737 0.034986 -0.213510 -0.010889 
693 4.142775 0.000000 12.011023 100.375486 0.050546 -0.342601 -0.007536 
694 5.484135 0.000000 -2.424703 98.212296 -0.039694 -2.225061 0.034939 
695 4.142775 0.000000 -2.424703 97.781036 -0.027128 -1.300640 0.043718 
696 5.484135 0.000000 -3.737042 98.734001 -0.052465 -1.508439 0.024932 
697 20.239096 0.000000 -6.361719 99.947964 -0.285496 -1.044847 0.000923 
698 20.239096 0.000000 -8.986396 99.939531 -0.198552 -0.728437 0.001152 
699 22.921817 0.000000 -6.361719 99.963227 -0.296127 -1.034162 0.000620 
700 13.532296 0.000000 -2.424703 99.943466 -0.543644 -1.890461 0.000743 
701 13.532296 0.000000 -3.737042 99.905685 -0.366341 -1.592498 0.001618 
702 14.873656 0.000000 -2.424703 99.944811 -0.592075 -1.861936 0.000722 
703 16.215016 0.000000 -2.424703 99.950669 -0.621511 -1.843567 0.000608 
704 16.215016 0.000000 -3.737042 99.932769 -0.431068 -1.546613 0.001086 
705 17.556376 0.000000 -2.424703 99.958739 -0.640477 -1.827193 0.000450 
706 7.496176 0.000000 -0.456195 99.533972 -0.029286 -5.139997 0.006657 
707 6.825495 0.000000 -0.456195 98.872712 -0.017976 -5.381303 0.019523 
708 7.496176 0.000000 -1.112364 99.379896 -0.053377 -4.143188 0.010647 
709 20.239096 0.000000 4.136991 100.026801 0.684766 -1.761093 -0.000893 
710 22.921817 0.000000 4.136991 100.017453 0.689259 -1.745654 -0.000701 
711 20.239096 0.000000 6.761668 100.042961 0.346854 -1.281352 -0.001036 
712 20.239096 0.000000 9.386345 100.055209 0.229785 -0.897679 -0.001190 
713 22.921817 0.000000 9.386345 100.039164 0.239100 -0.890824 -0.000869 
714 20.239096 0.000000 12.011023 100.061341 0.167678 -0.635975 -0.001270 
715 16.215016 0.000000 2.824652 100.037927 0.571099 -1.796749 -0.001114 
716 17.556376 0.000000 2.824652 100.037958 0.670625 -1.734406 -0.001105 
717 16.215016 0.000000 4.136991 100.042355 0.672819 -1.794471 -0.001215 
718 16.215016 0.000000 5.449329 100.059761 0.429900 -1.553962 -0.001456 
719 17.556376 0.000000 5.449329 100.050690 0.442869 -1.539175 -0.001271 
720 16.215016 0.000000 6.761668 100.075986 0.317712 -1.312791 -0.001703 
721 12.861616 0.000000 -0.456195 99.987741 -1.427760 -2.652786 -0.000662 
722 12.861616 0.000000 -1.112364 99.983259 -0.911794 -2.326867 -0.000290 
723 13.532296 0.000000 -0.456195 99.973610 -1.480740 -2.666422 -0.000403 
724 10.346566 0.000000 0.364017 100.253019 -0.156422 -2.701464 -0.005799 
725 10.346566 0.000000 0.199975 100.501361 -0.352000 -2.544800 -0.010712 
726 11.184916 0.000000 -0.128110 100.119382 -1.363370 -2.821527 -0.003371 
727 11.184916 0.000000 -0.456195 100.173733 -0.969045 -2.569612 -0.004232 
728 11.520256 0.000000 -0.128110 100.065793 -1.606970 -2.900481 -0.002416 
729 11.017246 0.000000 0.364017 99.749598 -2.761272 -4.807319 0.001928 
730 11.017246 0.000000 0.199975 99.949307 -1.945654 -3.576600 -0.000644 
731 11.184916 0.000000 0.364017 99.847656 -3.162892 -4.984583 -0.000440 
732 5.484135 0.000000 2.824652 102.849968 0.024449 -3.993172 -0.059406 
733 4.142775 0.000000 2.824652 104.177116 0.014479 -1.893856 -0.085646 
734 5.484135 0.000000 4.136991 101.876351 0.044492 -2.348537 -0.038431 
735 5.484135 0.000000 5.449329 101.336781 0.055690 -1.594458 -0.027169 
736 4.142775 0.000000 5.449329 101.524347 0.040202 -1.025744 -0.030825 
737 5.484135 0.000000 6.761668 100.970340 0.061048 -1.136110 -0.019630 
738 7.496176 0.000000 2.168483 100.271393 0.045736 -4.919858 -0.007856 
739 6.825495 0.000000 2.168483 100.923424 0.027940 -5.280623 -0.021342 
740 7.496176 0.000000 2.824652 100.510838 0.068966 -4.067497 -0.011898 
741 8.837536 0.000000 3.480821 100.016271 0.182189 -2.945664 -0.001196 
742 8.166856 0.000000 3.480821 100.286246 0.120704 -3.194653 -0.006755 
743 8.837536 0.000000 4.136991 100.240585 0.170915 -2.576084 -0.005484 
744 7.496176 0.000000 3.480821 100.676254 0.086131 -3.353078 -0.014696 
745 6.825495 0.000000 3.480821 101.117136 0.061964 -3.384217 -0.023613 
746 7.496176 0.000000 4.136991 100.748853 0.093737 -2.801214 -0.015819 
747 12.861616 0.000000 2.168483 99.955414 0.932686 -2.149644 0.000342 
748 13.532296 0.000000 2.168483 99.985825 0.943477 -2.131750 -0.000260 
749 12.861616 0.000000 2.824652 99.980029 0.908034 -1.683275 0.000034 
750 12.861616 0.000000 3.480821 100.018061 -0.025215 -1.167464 -0.000498 
751 13.532296 0.000000 3.480821 100.044210 0.397788 -0.557700 -0.000931 
752 12.861616 0.000000 4.136991 100.024311 0.587571 -1.875711 -0.000873 
753 9.675886 0.000000 0.364017 102.444738 0.128739 -2.814559 -0.050286 
754 9.675886 0.000000 0.199975 102.117423 0.025043 -2.905214 -0.043641 
755 10.262731 0.000000 0.610080 100.153289 0.524650 -1.614054 -0.003356 
756 10.262731 0.000000 0.528059 100.270621 0.236755 -2.273435 -0.005942 
757 10.346566 0.000000 0.610080 99.627374 0.543568 -1.733770 0.007108 
758 10.430401 0.000000 0.610080 98.965482 0.515839 -2.057988 0.020133 
759 10.430401 0.000000 0.528059 99.385741 0.018231 -2.693781 0.011522 
760 10.723823 0.000000 0.897154 109.879428 0.000000 -9.013926 -0.215474 
761 10.765741 0.000000 0.897154 109.678659 0.000000 -10.709156 -0.214409 
762 10.723823 0.000000 0.938165 105.466181 0.000000 -7.635869 -0.118142 
763 10.702865 0.000000 0.835639 109.033614 0.962981 -6.773944 -0.193514 
764 10.723823 0.000000 0.835639 108.280461 1.062411 -6.538102 -0.176853 
765 10.702865 0.000000 0.856144 110.212961 0.660495 -8.277077 -0.221584 
766 10.556153 0.000000 0.897154 103.617879 -0.000000 -1.240253 -0.073820 
767 10.514236 0.000000 0.897154 102.581767 -0.000000 -0.955780 -0.052393 
768 10.556153 0.000000 0.938165 103.101741 -0.000000 -2.232266 -0.063495 
769 10.472318 0.000000 0.733112 99.863436 1.086692 0.000000 0.002611 
770 10.430401 0.000000 0.733112 99.872132 0.955920 0.000000 0.002464 
771 10.472318 0.000000 0.692102 97.959505 1.366617 -1.439507 0.040000 
772 10.472318 0.000000 0.897154 101.800785 -0.000000 -0.779799 -0.036401 
773 10.430401 0.000000 0.897154 101.332552 -0.000000 -0.660212 -0.026872 
774 10.472318 0.000000 0.938165 101.698286 -0.000000 -1.126638 -0.034381 
775 9.927391 0.000000 0.610080 101.654002 0.373916 -1.457689 -0.033580 
776 9.843556 0.000000 0.610080 102.040770 0.336325 -1.466790 -0.041458 
777 9.927391 0.000000 0.528059 101.645790 0.260088 -2.161235 -0.033661 
778 10.220813 0.000000 0.733112 99.891781 0.473319 0.000000 0.002141 
779 10.220813 0.000000 0.692102 100.324147 0.786555 -0.896003 -0.006636 
780 10.262731 0.000000 0.733112 99.890619 0.544419 0.000000 0.002157 
781 10.304648 0.000000 0.815133 99.975684 0.327300 -0.079063 0.000475 
782 10.304648 0.000000 0.774123 99.927914 0.391687 -0.059043 0.001426 
783 10.304648 0.000000 0.856144 100.043638 0.212100 -0.212264 -0.000882 
784 9.927391 0.000000 0.938165 98.174562 0.000000 -0.424615 0.036158 
785 9.843556 0.000000 0.938165 97.727144 0.000000 -0.411680 0.044924 
786 9.927391 0.000000 1.020186 98.076171 0.000000 -0.790661 0.038044 
787 8.502196 0.000000 -0.128110 100.844593 -0.030684 -5.418454 -0.019899 
788 8.166856 0.000000 -0.128110 100.334777 -0.025437 -5.594542 -0.009837 
789 8.502196 0.000000 -0.456195 100.561451 -0.060000 -4.716984 -0.013486 
790 9.592051 0.000000 0.610080 103.357089 0.234442 -1.842964 -0.068614 
791 9.592051 0.000000 0.528059 103.156311 0.171046 -2.628160 -0.064816 
792 9.675886 0.000000 0.610080 102.898992 0.267572 -1.664046 -0.059104 
793 9.759721 0.000000 0.610080 102.457551 0.301672 -1.545349 -0.050003 
794 9.759721 0.000000 0.528059 102.361129 0.216447 -2.307928 -0.048317 
795 9.759721 0.000000 0.938165 97.201616 -0.000000 -0.426524 0.055166 
796 9.759721 0.000000 1.020186 97.250550 -0.000000 -0.890728 0.054154 
797 9.256711 0.000000 0.610080 105.888149 0.114469 -3.308538 -0.122326 
798 9.256711 0.000000 0.528059 105.088863 0.070878 -4.298822 -0.106215 
799 9.466298 0.000000 0.815133 97.780667 0.070343 -0.328831 0.043883 
800 9.466298 0.000000 0.774123 98.258511 0.086203 -0.281957 0.034518 
801 9.466298 0.000000 0.856144 96.626741 0.036767 -0.508727 0.066301 
802 8.669866 0.000000 0.364017 101.693600 0.021506 -7.462716 -0.039728 
803 8.502196 0.000000 0.364017 101.012978 0.016827 -7.421640 -0.025870 
804 8.669866 0.000000 0.199975 101.564399 0.003256 -6.436791 -0.035676 
805 9.298628 0.000000 0.733112 99.856601 0.086807 0.000000 0.002865 
806 9.256711 0.000000 0.733112 99.855937 0.080951 0.000000 0.002879 
807 9.298628 0.000000 0.692102 106.009144 0.163677 -1.600444 -0.124053 
808 9.130958 0.000000 0.733112 99.849429 0.047860 0.000000 0.003009 
809 9.130958 0.000000 0.692102 109.045122 0.089018 -3.787223 -0.190519 
810 9.172876 0.000000 0.733112 99.852004 0.060695 0.000000 0.002957 
811 9.047123 0.000000 0.897154 87.254923 0.000000 -7.118908 0.233590 
812 9.089041 0.000000 0.897154 88.595323 0.000000 -4.139633 0.213373 
813 9.047123 0.000000 0.938165 90.005935 0.000000 -6.184910 0.186068 
814 9.130958 0.000000 0.897154 90.069222 -0.000000 -2.574131 0.188091 
815 9.172876 0.000000 0.897154 91.254774 0.000000 -1.928628 0.166885 
816 9.130958 0.000000 0.938165 90.688676 0.000000 -3.567150 0.176284 
817 9.026164 0.000000 0.835639 93.377053 0.013199 -3.603845 0.126774 
818 9.047123 0.000000 0.835639 94.929383 0.017735 -2.069153 0.098413 
819 9.026164 0.000000 0.856144 90.153291 0.008957 -5.276293 0.184454 
820 11.184916 0.000000 3.152737 99.843990 0.187804 -2.156125 0.002649 
821 11.184916 0.000000 2.824652 99.783931 0.096224 -2.150855 0.003853 
822 11.520256 0.000000 3.152737 99.873997 0.996555 -1.973351 0.002030 
823 8.837536 0.000000 4.793160 100.340919 0.159292 -2.233872 -0.007332 
824 8.166856 0.000000 4.793160 100.543000 0.124318 -2.321088 -0.011430 
825 8.837536 0.000000 5.449329 100.395810 0.148599 -1.943140 -0.008312 
826 12.861616 0.000000 4.793160 100.057606 0.434349 -1.760514 -0.001481 
827 13.532296 0.000000 4.793160 100.053105 0.462829 -1.729957 -0.001383 
828 12.861616 0.000000 5.449329 100.085907 0.350862 -1.631237 -0.001997 
829 10.388483 0.000000 0.733112 99.882249 0.780700 0.000000 0.002293 
830 10.346566 0.000000 0.733112 99.885080 0.710809 0.000000 0.002247 
831 10.388483 0.000000 0.692102 99.032723 1.111642 -1.077111 0.019012 
832 10.388483 0.000000 0.897154 100.811153 -0.000000 -0.563001 -0.016321 
833 10.346566 0.000000 0.897154 100.380486 -0.000000 -0.512818 -0.007650 
834 10.388483 0.000000 0.938165 100.744888 -0.000000 -0.816692 -0.015020 
835 10.304648 0.000000 0.733112 99.888210 0.640540 0.000000 0.002194 
836 10.304648 0.000000 0.692102 99.771440 0.925329 -0.962461 0.004388 
837 10.304648 0.000000 0.897154 100.063306 -0.000000 -0.437917 -0.001286 
838 10.262731 0.000000 0.897154 99.746199 -0.000000 -0.454271 0.005049 
839 10.304648 0.000000 0.938165 100.055501 -0.000000 -0.672105 -0.001155 
840 9.466298 0.000000 0.733112 99.865074 0.131207 0.000000 0.002695 
841 9.466298 0.000000 0.692102 104.260778 0.234966 -1.318624 -0.087210 
842 9.508216 0.000000 0.733112 99.866022 0.139111 0.000000 0.002676 
843 9.214793 0.000000 0.733112 99.854229 0.070579 0.000000 0.002913 
844 9.214793 0.000000 0.692102 107.335475 0.126878 -2.238473 -0.152593 
845 9.214793 0.000000 0.897154 91.987962 0.000000 -1.329494 0.153645 
846 9.256711 0.000000 0.897154 92.935047 0.000000 -1.204597 0.136163 
847 9.214793 0.000000 0.938165 92.716344 0.000000 -1.993210 0.139971 
848 9.298628 0.000000 0.897154 93.502603 0.000000 -0.851517 0.125654 
849 9.340546 0.000000 0.897154 94.208997 0.000000 -0.532313 0.112438 
850 9.298628 0.000000 0.938165 93.881482 0.000000 -1.389157 0.118434 
851 9.068082 0.000000 0.835639 94.864623 0.018090 -1.625470 0.099806 
852 9.089041 0.000000 0.835639 94.676323 0.023048 -1.068400 0.103525 
853 9.068082 0.000000 0.856144 93.330612 0.014041 -2.206602 0.128453 
854 7.496176 0.000000 4.793160 100.777127 0.098071 -2.350055 -0.016156 
855 6.825495 0.000000 4.793160 101.017648 0.078560 -2.296596 -0.020985 
856 7.496176 0.000000 5.449329 100.773369 0.099066 -1.991419 -0.015925 
857 10.220813 0.000000 0.897154 99.467762 0.000000 -0.461203 0.010595 
858 10.178896 0.000000 0.897154 99.218175 0.000000 -0.440970 0.015556 
859 10.220813 0.000000 0.938165 99.469859 0.000000 -0.567490 0.010543 
860 9.550133 0.000000 0.733112 99.867054 0.145567 0.000000 0.002655 
861 9.550133 0.000000 0.692102 103.799804 0.271531 -1.151276 -0.077580 
862 9.592051 0.000000 0.733112 99.868060 0.151860 0.000000 0.002635 
863 9.382463 0.000000 0.897154 94.816147 0.000000 -0.758379 0.100932 
864 9.424381 0.000000 0.897154 95.466924 0.000000 -0.816159 0.088540 
865 9.382463 0.000000 0.938165 94.857186 0.000000 -1.109676 0.100088 
866 9.466298 0.000000 0.897154 95.428683 0.000000 -0.870882 0.089261 
867 9.508216 0.000000 0.897154 95.537546 0.000000 -0.897956 0.087177 
868 9.466298 0.000000 0.938165 95.479624 0.000000 -1.054810 0.088253 
1 1 12 10 11 
2 11 10 14 6 
3 6 14 19 20 
4 20 19 22 4 
5 10 25 23 24 
6 24 23 27 14 
7 14 27 35 36 
8 36 35 38 19 
9 23 41 39 40 
10 40 39 43 27 
11 27 43 51 52 
12 52 51 54 35 
13 39 57 55 56 
14 56 55 59 43 
15 43 59 67 68 
16 68 67 70 51 
17 55 73 71 72 
18 72 71 75 59 
19 15 84 83 33 
20 84 17 85 83 
21 83 85 8 86 
22 33 83 86 18 
23 31 88 87 49 
24 88 33 89 87 
25 87 89 18 90 
26 49 87 90 34 
27 92 49 93 91 
28 91 93 34 94 
29 18 86 112 45 
30 86 8 113 112 
31 112 113 29 114 
32 45 112 114 28 
33 34 90 115 61 
34 90 18 116 115 
35 115 116 45 117 
36 61 115 117 44 
37 94 34 119 118 
38 118 119 61 120 
39 7 135 133 134 
40 135 16 136 133 
41 133 136 15 32 
42 134 133 32 13 
43 13 139 137 138 
44 139 32 140 137 
45 137 140 31 48 
46 138 137 48 26 
47 26 143 141 142 
48 143 48 144 141 
49 141 144 47 64 
50 142 141 64 42 
51 42 147 145 146 
52 147 64 148 145 
53 145 148 63 80 
54 146 145 80 58 
55 80 151 149 150 
56 151 63 152 149 
57 149 152 81 105 
58 150 149 105 79 
59 79 155 153 154 
60 155 105 156 153 
61 158 95 159 157 
62 157 159 98 160 
63 162 106 163 161 
64 161 163 66 164 
65 105 171 170 156 
66 171 81 172 170 
67 170 172 106 162 
68 174 162 175 173 
69 173 175 161 176 
70 59 75 177 178 
71 178 177 179 67 
72 82 132 183 184 
73 132 107 185 183 
74 183 185 124 186 
75 184 183 186 125 
76 187 189 107 190 
77 188 187 190 132 
78 160 98 197 196 
79 196 197 121 198 
80 107 164 199 185 
81 164 66 200 199 
82 199 200 126 201 
83 185 199 201 124 
84 176 161 203 202 
85 202 203 164 204 
86 189 202 204 107 
87 168 206 205 194 
88 206 173 207 205 
89 205 207 176 208 
90 194 205 208 131 
91 209 211 189 212 
92 210 209 212 187 
93 215 194 216 213 
94 213 216 131 217 
95 131 208 234 211 
96 208 176 235 234 
97 234 235 202 236 
98 211 234 236 189 
99 217 131 239 237 
100 237 239 211 240 
101 238 237 240 209 
102 243 213 244 241 
103 241 244 217 245 
104 246 188 132 248 
105 247 246 248 82 
106 249 210 187 251 
107 250 249 251 188 
108 252 238 209 254 
109 253 252 254 210 
110 230 257 255 256 
111 256 255 258 233 
112 153 261 259 260 
113 261 156 262 259 
114 259 262 103 167 
115 260 259 167 130 
116 167 265 263 264 
117 265 103 266 263 
118 263 266 168 193 
119 264 263 193 165 
120 193 269 267 268 
121 269 168 270 267 
122 267 270 194 215 
123 268 267 215 191 
124 191 273 271 272 
125 273 215 274 271 
126 271 274 213 243 
127 272 271 243 214 
128 214 277 275 276 
129 277 243 278 275 
130 275 278 241 279 
131 276 275 279 242 
132 165 282 280 281 
133 282 193 268 280 
134 280 268 191 232 
135 281 280 232 192 
136 232 285 283 284 
137 285 191 272 283 
138 283 272 214 257 
139 284 283 257 230 
140 257 288 286 287 
141 288 214 276 286 
142 287 286 289 255 
143 233 258 290 291 
144 258 195 292 290 
145 290 292 238 293 
146 291 290 293 252 
147 255 289 294 295 
148 289 242 296 294 
149 294 296 195 297 
150 295 294 297 258 
151 286 300 298 299 
152 300 276 301 298 
153 298 301 242 302 
154 299 298 302 289 
155 309 230 256 307 
156 307 256 233 310 
157 308 307 310 169 
158 311 253 210 313 
159 312 311 313 249 
160 303 316 314 315 
161 316 231 308 314 
162 314 308 169 317 
163 315 314 317 306 
164 192 320 318 319 
165 320 232 284 318 
166 318 284 230 309 
167 319 318 309 231 
168 231 323 321 322 
169 323 309 324 321 
170 321 324 307 325 
171 322 321 325 308 
172 304 336 334 335 
173 336 303 315 334 
174 334 315 306 337 
175 335 334 337 229 
176 338 250 188 340 
177 339 338 340 246 
178 326 343 341 342 
179 342 341 344 329 
180 329 344 345 346 
181 344 128 347 345 
182 345 347 250 348 
183 346 345 348 338 
184 341 351 349 350 
185 349 352 128 353 
186 350 349 353 344 
187 58 356 354 355 
188 356 80 150 354 
189 354 150 79 110 
190 355 354 110 74 
191 110 359 357 358 
192 359 79 154 357 
193 154 362 360 361 
194 362 153 260 360 
195 360 260 130 224 
196 361 360 224 104 
197 224 365 363 364 
198 365 130 366 363 
199 363 366 166 328 
200 364 363 328 222 
201 328 369 367 368 
202 369 166 370 367 
203 367 370 227 343 
204 368 367 343 326 
205 343 373 371 372 
206 373 227 374 371 
207 371 374 331 351 
208 372 371 351 341 
209 375 312 249 376 
210 347 375 376 250 
211 331 378 377 352 
212 378 330 379 377 
213 377 379 333 380 
214 352 377 380 128 
215 351 383 381 382 
216 383 331 384 381 
217 381 384 352 385 
218 382 381 385 349 
219 327 396 394 395 
220 396 326 342 394 
221 394 342 329 397 
222 395 394 397 225 
223 111 221 398 399 
224 221 82 184 398 
225 398 184 125 400 
226 399 398 400 180 
227 401 247 82 403 
228 402 401 403 221 
229 404 339 246 406 
230 405 404 406 247 
231 390 409 407 408 
232 409 327 395 407 
233 407 395 225 410 
234 408 407 410 393 
235 417 390 408 415 
236 415 408 393 418 
237 419 405 247 421 
238 420 419 421 401 
239 129 418 426 427 
240 418 393 428 426 
241 426 428 404 429 
242 427 426 429 405 
243 416 432 430 431 
244 432 415 433 430 
245 430 433 418 434 
246 431 430 434 129 
247 71 437 435 436 
248 437 74 109 435 
249 435 109 5 438 
250 436 435 438 75 
251 109 441 439 440 
252 441 108 219 439 
253 439 219 111 442 
254 440 439 442 5 
255 108 445 443 444 
256 444 443 446 219 
257 455 427 405 457 
258 456 455 457 419 
259 460 422 461 458 
260 458 461 425 462 
261 459 458 462 414 
262 219 446 463 464 
263 463 402 221 465 
264 464 463 465 111 
265 466 420 401 468 
266 467 466 468 402 
267 469 456 419 471 
268 470 469 471 420 
269 451 474 472 473 
270 474 423 459 472 
271 472 459 414 475 
272 473 472 475 454 
273 357 478 476 477 
274 478 154 361 476 
275 476 361 104 388 
276 477 476 388 220 
277 388 481 479 480 
278 481 104 482 479 
279 479 482 223 413 
280 480 479 413 386 
281 413 485 483 484 
282 485 223 486 483 
283 483 486 391 424 
284 484 483 424 411 
285 411 489 487 488 
286 489 424 490 487 
287 487 490 422 460 
288 488 487 460 423 
289 423 493 491 492 
290 493 460 494 491 
291 491 494 458 495 
292 492 491 495 459 
293 452 502 500 501 
294 502 451 473 500 
295 500 473 454 503 
296 501 500 503 389 
297 504 470 420 506 
298 505 504 506 466 
299 496 509 507 508 
300 509 452 501 507 
301 507 501 389 510 
302 508 507 510 499 
303 443 513 511 512 
304 513 387 448 511 
305 511 448 218 514 
306 512 511 514 446 
307 448 517 515 516 
308 516 515 518 218 
309 220 525 523 524 
310 525 388 480 523 
311 523 480 386 449 
312 524 523 449 387 
313 449 528 526 527 
314 528 386 529 526 
315 526 529 412 498 
316 527 526 498 447 
317 447 532 530 531 
318 532 498 533 530 
319 530 533 496 521 
320 531 530 521 497 
321 521 536 534 535 
322 536 496 537 534 
323 534 537 508 538 
324 535 534 538 519 
325 446 514 539 540 
326 514 218 467 539 
327 539 467 402 541 
328 540 539 541 463 
329 218 518 542 543 
330 542 505 466 544 
331 543 542 544 467 
332 515 547 545 546 
333 546 545 548 518 
334 497 551 549 550 
335 551 521 535 549 
336 549 535 519 552 
337 550 549 552 520 
338 387 555 553 554 
339 555 449 527 553 
340 553 527 447 517 
341 554 553 517 448 
342 517 558 556 557 
343 558 447 531 556 
344 556 531 497 547 
345 557 556 547 515 
346 547 561 559 560 
347 561 497 550 559 
348 560 559 562 545 
349 518 548 563 564 
350 548 450 565 563 
351 563 565 505 566 
352 564 563 566 542 
353 545 562 567 568 
354 562 520 569 567 
355 567 569 450 570 
356 568 567 570 548 
357 559 573 571 572 
358 573 550 574 571 
359 571 574 520 575 
360 572 571 575 562 
361 21 46 576 577 
362 46 28 578 576 
363 576 578 30 579 
364 577 576 579 9 
365 37 62 580 581 
366 62 44 582 580 
367 580 582 46 583 
368 581 580 583 21 
369 53 78 584 585 
370 78 60 586 584 
371 584 586 62 587 
372 585 584 587 37 
373 69 102 588 589 
374 102 76 590 588 
375 588 590 78 591 
376 589 588 591 53 
377 592 594 76 595 
378 593 592 595 102 
379 125 186 596 597 
380 597 596 599 99 
381 201 126 601 600 
382 600 601 101 602 
383 603 593 102 605 
384 604 603 605 69 
385 99 599 606 607 
386 599 127 608 606 
387 606 608 592 609 
388 607 606 609 593 
389 596 612 610 611 
390 610 613 127 614 
391 611 610 614 599 
392 186 617 615 616 
393 617 124 618 615 
394 615 618 598 612 
395 616 615 612 596 
396 76 123 619 590 
397 123 77 620 619 
398 619 620 60 621 
399 590 619 621 78 
400 198 121 623 622 
401 622 623 123 624 
402 594 622 624 76 
403 127 602 625 608 
404 602 101 626 625 
405 625 626 594 627 
406 608 625 627 592 
407 598 629 628 613 
408 629 600 630 628 
409 628 630 602 631 
410 613 628 631 127 
411 612 634 632 633 
412 634 598 635 632 
413 632 635 613 636 
414 633 632 636 610 
415 65 638 637 97 
416 638 91 639 637 
417 637 639 94 640 
418 97 637 640 50 
419 95 642 641 159 
420 642 97 643 641 
421 641 643 50 644 
422 159 641 644 98 
423 106 646 645 163 
424 646 157 647 645 
425 645 647 160 648 
426 163 645 648 66 
427 12 651 649 650 
428 651 7 134 649 
429 649 134 13 25 
430 650 649 25 10 
431 16 653 652 136 
432 653 2 654 652 
433 652 654 17 84 
434 136 652 84 15 
435 19 38 655 656 
436 38 21 577 655 
437 655 577 9 657 
438 656 655 657 22 
439 25 660 658 659 
440 660 13 138 658 
441 658 138 26 41 
442 659 658 41 23 
443 28 114 661 578 
444 114 29 662 661 
445 661 662 3 663 
446 578 661 663 30 
447 32 665 664 140 
448 665 15 666 664 
449 664 666 33 88 
450 140 664 88 31 
451 35 54 667 668 
452 54 37 581 667 
453 667 581 21 669 
454 668 667 669 38 
455 41 672 670 671 
456 672 26 142 670 
457 670 142 42 57 
458 671 670 57 39 
459 44 117 673 582 
460 117 45 674 673 
461 673 674 28 675 
462 582 673 675 46 
463 48 677 676 144 
464 677 31 678 676 
465 676 678 49 92 
466 144 676 92 47 
467 51 70 679 680 
468 70 53 585 679 
469 679 585 37 681 
470 680 679 681 54 
471 57 684 682 683 
472 684 42 146 682 
473 682 146 58 73 
474 683 682 73 55 
475 60 120 685 586 
476 120 61 686 685 
477 685 686 44 687 
478 586 685 687 62 
479 64 689 688 148 
480 689 47 690 688 
481 688 690 65 96 
482 148 688 96 63 
483 67 179 691 692 
484 179 69 589 691 
485 691 589 53 693 
486 692 691 693 70 
487 73 696 694 695 
488 696 58 355 694 
489 694 355 74 437 
490 695 694 437 71 
491 47 698 697 690 
492 698 92 699 697 
493 697 699 91 638 
494 690 697 638 65 
495 63 701 700 152 
496 701 96 702 700 
497 700 702 95 158 
498 152 700 158 81 
499 96 704 703 702 
500 704 65 705 703 
501 703 705 97 642 
502 702 703 642 95 
503 74 708 706 707 
504 708 110 358 706 
505 706 358 108 441 
506 707 706 441 109 
507 50 640 709 122 
508 640 94 710 709 
509 709 710 118 711 
510 122 709 711 77 
511 77 711 712 620 
512 711 118 713 712 
513 712 713 120 714 
514 620 712 714 60 
515 98 644 715 197 
516 644 50 716 715 
517 715 716 122 717 
518 197 715 717 121 
519 121 717 718 623 
520 717 122 719 718 
521 718 719 77 720 
522 623 718 720 123 
523 81 722 721 172 
524 722 158 723 721 
525 721 723 157 646 
526 172 721 646 106 
527 130 725 724 366 
528 725 167 264 724 
529 724 264 165 228 
530 366 724 228 166 
531 156 727 726 262 
532 727 170 728 726 
533 726 728 162 174 
534 262 726 174 103 
535 103 730 729 266 
536 730 174 731 729 
537 729 731 173 206 
538 266 729 206 168 
539 75 438 732 733 
540 438 5 181 732 
541 732 181 100 734 
542 733 732 734 177 
543 177 734 735 736 
544 734 100 604 735 
545 735 604 69 737 
546 736 735 737 179 
547 5 442 738 739 
548 442 111 399 738 
549 738 399 180 740 
550 739 738 740 181 
551 180 400 741 742 
552 400 125 597 741 
553 741 597 99 743 
554 742 741 743 182 
555 181 740 744 745 
556 740 180 742 744 
557 744 742 182 746 
558 745 744 746 100 
559 66 648 747 200 
560 648 160 748 747 
561 747 748 196 749 
562 200 747 749 126 
563 126 749 750 601 
564 749 196 751 750 
565 750 751 198 752 
566 601 750 752 101 
567 104 754 753 482 
568 754 224 364 753 
569 753 364 222 392 
570 482 753 392 223 
571 166 756 755 370 
572 756 228 757 755 
573 755 757 226 332 
574 370 755 332 227 
575 228 759 758 757 
576 759 165 281 758 
577 758 281 192 305 
578 757 758 305 226 
579 195 245 760 292 
580 245 217 761 760 
581 760 761 237 762 
582 292 760 762 238 
583 242 279 763 296 
584 279 241 764 763 
585 763 764 245 765 
586 296 763 765 195 
587 169 310 766 767 
588 310 233 291 766 
589 766 291 252 768 
590 767 766 768 253 
591 305 771 769 770 
592 771 192 319 769 
593 769 319 231 316 
594 770 769 316 303 
595 306 317 772 773 
596 317 169 767 772 
597 772 767 253 774 
598 773 772 774 311 
599 222 777 775 776 
600 777 328 368 775 
601 775 368 326 396 
602 776 775 396 327 
603 227 779 778 374 
604 779 332 780 778 
605 778 780 330 378 
606 374 778 378 331 
607 330 782 781 379 
608 782 304 335 781 
609 781 335 229 783 
610 379 781 783 333 
611 225 397 784 785 
612 397 329 346 784 
613 784 346 338 786 
614 785 784 786 339 
615 358 789 787 788 
616 789 357 477 787 
617 787 477 220 445 
618 788 787 445 108 
619 223 791 790 486 
620 791 392 792 790 
621 790 792 390 417 
622 486 790 417 391 
623 392 794 793 792 
624 794 222 776 793 
625 793 776 327 409 
626 792 793 409 390 
627 393 410 795 428 
628 410 225 785 795 
629 795 785 339 796 
630 428 795 796 404 
631 386 798 797 529 
632 798 413 484 797 
633 797 484 411 453 
634 529 797 453 412 
635 422 800 799 461 
636 800 416 431 799 
637 799 431 129 801 
638 461 799 801 425 
639 445 804 802 803 
640 804 220 524 802 
641 802 524 387 513 
642 803 802 513 443 
643 453 807 805 806 
644 807 411 488 805 
645 805 488 423 474 
646 806 805 474 451 
647 498 809 808 533 
648 809 412 810 808 
649 808 810 452 509 
650 533 808 509 496 
651 450 522 811 565 
652 522 499 812 811 
653 811 812 504 813 
654 565 811 813 505 
655 499 510 814 812 
656 510 389 815 814 
657 814 815 470 816 
658 812 814 816 504 
659 520 552 817 569 
660 552 519 818 817 
661 817 818 522 819 
662 569 817 819 450 
663 124 821 820 618 
664 821 201 822 820 
665 820 822 600 629 
666 618 820 629 598 
667 182 743 823 824 
668 743 99 607 823 
669 823 607 593 825 
670 824 823 825 603 
671 101 752 826 626 
672 752 198 827 826 
673 826 827 622 828 
674 626 826 828 594 
675 226 831 829 830 
676 831 305 770 829 
677 829 770 303 336 
678 830 829 336 304 
679 229 337 832 833 
680 337 306 773 832 
681 832 773 311 834 
682 833 832 834 312 
683 332 836 835 780 
684 836 226 830 835 
685 835 830 304 782 
686 780 835 782 330 
687 333 783 837 838 
688 783 229 833 837 
689 837 833 312 839 
690 838 837 839 375 
691 424 841 840 490 
692 841 391 842 840 
693 840 842 416 800 
694 490 840 800 422 
695 412 844 843 810 
696 844 453 806 843 
697 843 806 451 502 
698 810 843 502 452 
699 389 503 845 815 
700 503 454 846 845 
701 845 846 469 847 
702 815 845 847 470 
703 454 475 848 846 
704 475 414 849 848 
705 848 849 456 850 
706 846 848 850 469 
707 519 538 851 818 
708 538 508 852 851 
709 851 852 499 853 
710 818 851 853 522 
711 100 746 854 855 
712 746 182 824 854 
713 854 824 603 856 
714 855 854 856 604 
715 128 380 857 858 
716 380 333 838 857 
717 857 838 375 859 
718 858 857 859 347 
719 391 861 860 842 
720 861 417 862 860 
721 860 862 415 432 
722 842 860 432 416 
723 414 462 863 849 
724 462 425 864 863 
725 863 864 455 865 
726 849 863 865 456 
727 425 801 866 864 
728 801 129 867 866 
729 866 867 427 868 
730 864 866 868 455 
