Force Coefficients for group 0 --> C:/Users/alphamale/Downloads/OpenVSP-3.51.2-win64-Python3.13/Analysis/04_Clean_Aero/02_G2_Hybrid_Sensitivity/G2A_Fuselage_Smoke/Tyche_R2T1_CA_G2 

      Time              Cx               Cy               Cz               Cxo              Cyo              Czo              Cxi              Cyi              Czi              Cmx              Cmy              Cmz             Cmxo            Cmyo              Cmzo             Cmxi             Cmyi             Cmzi              CL               CD               CS              CLo              CDo              CSo              CLi               CDi             CSi              Cwx              Cwy              Cwz              Cxiw             Cyiw             Cziw             CLw              CDw              CSw               CLiw            CDiw             CSiw
  1.000000000000   0.004993243480  -0.000000000000  -0.000114062750   0.004993243480  -0.000000000000  -0.000114062750   0.000000000000   0.000000000000   0.000000000000  -0.000000000000   0.002692691240  -0.000000000000  -0.000000000000   0.002692691240  -0.000000000000   0.000000000000   0.000000000000   0.000000000000  -0.000462095956   0.004973123575  -0.000000000000  -0.000462095956   0.004973123575  -0.000000000000   0.000000000000   0.000000000000   0.000000000000   0.004993243480  -0.000000000000  -0.000114062750   0.000000000000   0.000000000000   0.000000000000  -0.000462095956   0.004973123575  -0.000000000000   0.000000000000   0.000000000000   0.000000000000 
  2.000000000000  -0.022432058301   0.001654728522   0.839629380818   0.008768902304  -0.000015344080  -0.000260461684  -0.031200960606   0.001670072602   0.839889842502  -0.001529393018  -0.047027913568  -0.000011018220   0.000001293547   0.004738624312   0.000013562100  -0.001530686564  -0.051766537880  -0.000024580320   0.839148867131   0.036192169923   0.001654728522  -0.000871514916   0.008729372810  -0.000015344080   0.840020382047   0.027462797113   0.001670072602  -0.008102632668   0.000342353169   0.711007534930  -0.016871534972   0.000357697250   0.711267996614   0.709840767393   0.041514483380   0.000342353169   0.710712282309   0.032785110570   0.000357697250 
  3.000000000000  -0.024273425832   0.000605776378   0.713423696638   0.008075615317  -0.000009232290  -0.000250400469  -0.032349041149   0.000615008668   0.713674097107  -0.001341362402  -0.017087899854  -0.000141032688   0.000000825358   0.004368601447   0.000010701853  -0.001342187760  -0.021456501301  -0.000151734541   0.713379060961   0.025551624376   0.000605776378  -0.000813116954   0.008038476470  -0.000009232290   0.714192177915   0.017513147907   0.000615008668  -0.013151068714   0.000267362079   0.635036602404  -0.021226684030   0.000276594369   0.635287002873   0.634407057337   0.031178880711   0.000267362079   0.635220174291   0.023140404241   0.000276594369 
  4.000000000000  -0.024804225765   0.000857235997   0.714877928473   0.008160614729  -0.000008328582  -0.000259354738  -0.032964840494   0.000865564579   0.715137283211  -0.001293699227  -0.026753404576  -0.000071434308   0.000000733031   0.004416476701   0.000009908135  -0.001294432258  -0.031169881277  -0.000081342443   0.714866777092   0.025123559530   0.000857235997  -0.000827978670   0.008122644209  -0.000008328582   0.715694755762   0.017000915321   0.000865564579  -0.013041418745   0.000227171193   0.640377525030  -0.021202033474   0.000235499776   0.640636879768   0.639727320948   0.031660827506   0.000227171193   0.640555299619   0.023538183297   0.000235499776 
  5.000000000000  -0.028377206997   0.003457177783   0.717557007101   0.008250250879  -0.000006649462  -0.000274766457  -0.036627457875   0.003463827245   0.717831773557  -0.001242726806  -0.008079078665   0.000481533980   0.000000605616   0.004470150612   0.000008961154  -0.001243332422  -0.012549229277   0.000472572825   0.717788568190   0.021746164979   0.003457177783  -0.000849605548   0.008210986943  -0.000006649462   0.718638173739   0.013535178036   0.003463827245  -0.012524613247   0.000197838455   0.644101933026  -0.020774864125   0.000204487916   0.644376699482   0.643406605944   0.032436175661   0.000197838455   0.644256211493   0.024225188718   0.000204487916 
  6.000000000000  -0.020472067901  -0.001581839401   0.726698906737   0.008260603362  -0.000006831646  -0.000278542767  -0.028732671263  -0.001575007755   0.726977449504  -0.001137663051  -0.021667609969  -0.000500549605   0.000000622547   0.004477796132   0.000009002625  -0.001138285598  -0.026145406102  -0.000509552231   0.726356763991   0.030269754235  -0.001581839401  -0.000854094813   0.008221050787  -0.000006831646   0.727210858803   0.022048703449  -0.001575007755  -0.012329304302   0.000190233952   0.644866487759  -0.020589907664   0.000197065599   0.645145030526   0.644155674197   0.032684341486   0.000190233952   0.645009769010   0.024463290699   0.000197065599 
  7.000000000000  -0.031270489361  -0.005347938433   0.724395920111   0.008244675272  -0.000005920744  -0.000277237529  -0.039515164633  -0.005342017689   0.724673157640  -0.000907433426  -0.030458271496  -0.001483920961   0.000000552721   0.004469291082   0.000008263671  -0.000907986147  -0.034927562578  -0.001492184632   0.724812647128   0.019336988961  -0.005347938433  -0.000851681667   0.008205252545  -0.000005920744   0.725664328794   0.011131736416  -0.005342017689  -0.013310912242   0.000182932840   0.642910796365  -0.021555587514   0.000188853584   0.643188033895   0.642273220278   0.031568702558   0.000182932840   0.643124901945   0.023363450012   0.000188853584 
  8.000000000000  -0.023111313879   0.001598133137   0.719211870810   0.008274940312  -0.000005186091  -0.000282889778  -0.031386254190   0.001603319229   0.719494760588  -0.001062887364  -0.013109512929   0.000657526930   0.000000494559   0.004487322414   0.000007877704  -0.001063381923  -0.017596835343   0.000649649226   0.719072070600   0.027114668103   0.001598133137  -0.000859431329   0.008235049580  -0.000005186091   0.719931501929   0.018879618523   0.001603319229  -0.014023957928   0.000182761672   0.643530951271  -0.022298898240   0.000187947764   0.643813841049   0.642941604071   0.030900653634   0.000182761672   0.643801035400   0.022665604055   0.000187947764 
  9.000000000000  -0.026129808166  -0.012757358250   0.725468923579   0.008356778363  -0.000004913180  -0.000294018980  -0.034486586529  -0.012752445070   0.725762942559  -0.000912992583  -0.021178163521  -0.003189787307   0.000000465731   0.004533883101   0.000008096574  -0.000913458314  -0.025712046621  -0.003197883881   0.725524441021   0.024539996653  -0.012757358250  -0.000876242155   0.008315911944  -0.000004913180   0.726400683176   0.016224084710  -0.012752445070  -0.014008699966   0.000171926154   0.646944210343  -0.022365478329   0.000176839334   0.647238229322   0.646345484273   0.031153971345   0.000171926154   0.647221726428   0.022838059402   0.000176839334 
 10.000000000000  -0.035685246984   0.001742895658   0.718222136012   0.008342836869  -0.000005588791  -0.000291775790  -0.044028083853   0.001748484448   0.718513911803  -0.001059912671  -0.023144637286   0.000516791377   0.000000514970   0.004526238028   0.000007863227  -0.001060427641  -0.027670875314   0.000508928150   0.718961859981   0.014502324057   0.001742895658  -0.000873031920   0.008302160887  -0.000005588791   0.719834891901   0.006200163170   0.001748484448  -0.014545358206   0.000155328915   0.642717269992  -0.022888195075   0.000160917706   0.643009045783   0.642166275923   0.030323763925   0.000155328915   0.643039307844   0.022021603038   0.000160917706 
 11.000000000000  -0.015955634942   0.004849381682   0.717731700132   0.008340653053  -0.000005239810  -0.000293467695  -0.024296287995   0.004854621492   0.718025167827  -0.000982917181  -0.009817233028   0.000331450104   0.000000483730   0.004525962345   0.000006971590  -0.000983400911  -0.014343195373   0.000324478514   0.717096350614   0.034149664679   0.004849381682  -0.000874567368   0.008299864370  -0.000005239810   0.717970917982   0.025849800309   0.004854621492  -0.012446749888   0.000209775595   0.645430894502  -0.020787402941   0.000215015405   0.645724362197   0.644726898664   0.032606553015   0.000209775595   0.645601466033   0.024306688646   0.000215015405 
 12.000000000000  -0.027039653939   0.001161366334   0.718663526150   0.008353022399  -0.000005515132  -0.000298325775  -0.035392676338   0.001166881466   0.718961851924  -0.000881268396  -0.021406665619   0.000214443944   0.000000525442   0.004534911394   0.000007960303  -0.000881793838  -0.025941577013   0.000206483641   0.718799088830   0.023157646692   0.001161366334  -0.000880276456   0.008311864702  -0.000005515132   0.719679365286   0.014845781990   0.001166881466  -0.014963042083   0.000205884589   0.647513299943  -0.023316064482   0.000211399721   0.647811625718   0.646979759140   0.030241651642   0.000205884589   0.647860035596   0.021929786940   0.000211399721 
 13.000000000000  -0.035907869507  -0.007612474509   0.726866348182   0.008376125682   0.000002028672  -0.000300220134  -0.044283995189  -0.007614503180   0.727166568316  -0.000674800533  -0.042256033550  -0.002369473021   0.000000026933   0.004547201695   0.000007510984  -0.000674827466  -0.046803235245  -0.002376984005   0.727600544647   0.014883233591  -0.007612474509  -0.000883777804   0.008334779563   0.000002028672   0.728484322451   0.006548454028  -0.007614503180  -0.014122283322   0.000141242374   0.647483607129  -0.022498409004   0.000139213702   0.647783827263   0.646891490290   0.031078291091   0.000141242374   0.647775268094   0.022743511528   0.000139213702 
 14.000000000000  -0.022047664447   0.004576619457   0.713240961317   0.008423846478  -0.000002707606  -0.000307865386  -0.030471510925   0.004579327064   0.713548826703  -0.001147549930   0.007712383592   0.002363333357   0.000000297006   0.004575146776   0.000006500913  -0.001147846935   0.003137236816   0.002356832444   0.713041509508   0.027759216946   0.004576619457  -0.000894733267   0.008381850807  -0.000002707606   0.713936242776   0.019377366139   0.004579327064  -0.014502251157   0.000218965920   0.648611953570  -0.022926097635   0.000221673527   0.648919818956   0.648043593352   0.030777958307   0.000218965920   0.648938326619   0.022396107500   0.000221673527 
 15.000000000000  -0.030612984078   0.008589667024   0.711661658950   0.008440025439  -0.000005243488  -0.000311386708  -0.039053009517   0.008594910511   0.711973045658  -0.000903229975   0.000648788351  -0.001457214353   0.000000493087   0.004585435042   0.000007744812  -0.000903723062  -0.003936646691  -0.001464959165   0.712063540737   0.019104595440   0.008589667024  -0.000899374599   0.008397744722  -0.000005243488   0.712962915335   0.010706850718   0.008594910511  -0.014045621927   0.000317858235   0.647681781454  -0.022485647366   0.000323101723   0.647993168162   0.647083834244   0.031168589685   0.000317858235   0.647983208843   0.022770844963   0.000323101723 
 16.000000000000  -0.022257818888   0.007852108706   0.716532437488   0.008408086150  -0.000005559558  -0.000310222265  -0.030665905038   0.007857668264   0.716842659753  -0.001553414401  -0.025915433525   0.002164812625   0.000000606875   0.004568944873   0.000010852116  -0.001554021276  -0.030484378398   0.002153960509   0.716339627442   0.027779176203   0.007852108706  -0.000895985020   0.008365964464  -0.000005559558   0.717235612462   0.019413211739   0.007857668264  -0.014128291859   0.000303415957   0.645763792210  -0.022536378010   0.000308975515   0.646074014475   0.645176283888   0.030952328966   0.000303415957   0.646072268908   0.022586364502   0.000308975515 
 17.000000000000  -0.022633181969  -0.003123906522   0.715254554114   0.008421053647  -0.000002207827  -0.000313842786  -0.031054235616  -0.003121698695   0.715568396901  -0.000880056028   0.002759252614  -0.002619332477   0.000000364716   0.004577348698   0.000010242312  -0.000880420744  -0.001818096084  -0.002629574789   0.715091040933   0.027315586849  -0.003123906522  -0.000900501289   0.008378647818  -0.000002207827   0.715991542222   0.018936939031  -0.003121698695  -0.015026292530   0.000177294327   0.648474829678  -0.023447346178   0.000179502154   0.648788672464   0.647943358765   0.030245628193   0.000177294327   0.648843860054   0.021866980375   0.000179502154 
 18.000000000000  -0.030216116351   0.002415496927   0.709095659384   0.008511413010  -0.000016656577  -0.000327903762  -0.038727529361   0.002432153503   0.709423563146  -0.001707406778  -0.032053019739  -0.000356091050   0.000001298142   0.004629940321   0.000011373857  -0.001708704920  -0.036682960060  -0.000367464907   0.709476107724   0.019321501336   0.002415496927  -0.000920831163   0.008467806226  -0.000016656577   0.710396938887   0.010853695110   0.002432153503  -0.015746247575   0.000270692121   0.650057078795  -0.024257660585   0.000287348698   0.650384982557   0.649571975128   0.029637799042   0.000270692121   0.650492806291   0.021169992816   0.000287348698 
 19.000000000000  -0.023798661282   0.000705663077   0.711871769315   0.008474119540   0.000011728786  -0.000320025891  -0.032272780822   0.000693934291   0.712191795206  -0.000939053736  -0.023268600828   0.001293870705  -0.000000543796   0.004607324848   0.000009096436  -0.000938509940  -0.027875925676   0.001284774269   0.711797796155   0.025916975446   0.000705663077  -0.000910371021   0.008431153133   0.000011728786   0.712708167176   0.017485822313   0.000693934291  -0.015361258069   0.000254870120   0.648170981678  -0.023835377609   0.000243141334   0.648491007569   0.647663616939   0.029890283248   0.000254870120   0.648573987960   0.021459130115   0.000243141334 
 20.000000000000  -0.023771503920   0.002915353025   0.717649978885   0.008425097800   0.000006172461  -0.000318348412  -0.032196601720   0.002909180564   0.717968327297  -0.000920016021  -0.026171585191   0.000331681932  -0.000000239782   0.004582415101   0.000007133321  -0.000919776239  -0.030754000292   0.000324548610   0.717560035895   0.026347134178   0.002915353025  -0.000905278045   0.008382367823   0.000006172461   0.718465313939   0.017964766355   0.002909180564  -0.013951303362   0.000117269895   0.646309946539  -0.022376401162   0.000111097434   0.646628294951   0.645708761719   0.031166984128   0.000117269895   0.646614039764   0.022784616305   0.000111097434 
