Force Coefficients for group 0 --> C:\Users\alphamale\Downloads\OpenVSP-3.51.2-win64-Python3.13\Analysis\04_Clean_Aero\03_Final_Clean_Polar\Tyche_R2T1_CA_G3 

      Time              Cx               Cy               Cz               Cxo              Cyo              Czo              Cxi              Cyi              Czi              Cmx              Cmy              Cmz             Cmxo            Cmyo              Cmzo             Cmxi             Cmyi             Cmzi              CL               CD               CS              CLo              CDo              CSo              CLi               CDi             CSi              Cwx              Cwy              Cwz              Cxiw             Cyiw             Cziw             CLw              CDw              CSw               CLiw            CDiw             CSiw
  1.000000000000   0.008198537006  -0.000000000000  -0.000130558593   0.008198537006  -0.000000000000  -0.000130558593   0.000000000000   0.000000000000   0.000000000000   0.000000000000   0.004405803911  -0.000000115961   0.000000000000   0.004405803911  -0.000000115961   0.000000000000   0.000000000000   0.000000000000  -0.000702141591   0.008169458475  -0.000000000000  -0.000702141591   0.008169458475  -0.000000000000   0.000000000000   0.000000000000   0.000000000000   0.008198537006  -0.000000000000  -0.000130558593   0.000000000000   0.000000000000   0.000000000000  -0.000702141591   0.008169458475  -0.000000000000   0.000000000000   0.000000000000   0.000000000000 
  2.000000000000  -0.015008623225   0.000213989874   0.835566230750   0.012490029955   0.000000006560  -0.000240818669  -0.027498653180   0.000213983314   0.835807049419   0.000459255174  -0.017018895545   0.000054034967  -0.000000062217   0.006650012810  -0.000004218727   0.000459317391  -0.023668908354   0.000058253694   0.834577782039   0.043314090863   0.000213989874  -0.001111492493   0.012442806209   0.000000006560   0.835689274533   0.030871284655   0.000213983314  -0.023034614071   0.000218471990   0.836626257818  -0.035524644026   0.000218465430   0.836867076487   0.836195091755   0.035381594678   0.000218471990   0.837306584248   0.022938788470   0.000218465430 
  3.000000000000  -0.014961118155   0.000156303495   0.833802526989   0.012494666307   0.000000000557  -0.000240930975  -0.027455784462   0.000156302938   0.834043457964  -0.000022595561  -0.013172470071   0.000052476820  -0.000000003504   0.006652300502  -0.000000302490  -0.000022592058  -0.019824770573   0.000052779310   0.832815060786   0.043238450459   0.000156303495  -0.001111927941   0.012447423433   0.000000000557   0.833926988727   0.030791027026   0.000156302938  -0.022830635318   0.000165362516   0.835083267381  -0.035325301625   0.000165361958   0.835324198355   0.834641631125   0.035477442977   0.000165362516   0.835753559067   0.023030019544   0.000165361958 
  4.000000000000  -0.014972924354   0.000302789602   0.830633884655   0.012484042873  -0.000000002167  -0.000240637309  -0.027456967227   0.000302791768   0.830874521964  -0.000158997042  -0.006520380461   0.000099965530   0.000000014132   0.006646919787   0.000000622922  -0.000159011174  -0.013167300248   0.000099342608   0.829654960664   0.043005639703   0.000302789602  -0.001110893937   0.012436846362  -0.000000002167   0.830765854601   0.030568793341   0.000302791768  -0.022815115317   0.000322419773   0.831692763856  -0.035299158190   0.000322421940   0.831933401165   0.831258304077   0.035256415602   0.000322419773   0.832369198014   0.022819569240   0.000322421940 
  5.000000000000  -0.015022670981   0.000336968800   0.828252570473   0.012480842322  -0.000000002313  -0.000240561970  -0.027503513304   0.000336971113   0.828493132443  -0.000192383013  -0.001196972066   0.000110950216   0.000000015283   0.006645121783   0.000000731825  -0.000192398297  -0.007842093849   0.000110218390   0.827282917393   0.042789902176   0.000336968800  -0.001110595522   0.012433658863  -0.000000002313   0.828393512916   0.030356243313   0.000336971113  -0.022831775125   0.000357498770   0.829645170998  -0.035312617447   0.000357501082   0.829885732967   0.829216861181   0.035096963519   0.000357498770   0.830327456703   0.022663304657   0.000357501082 
  6.000000000000  -0.014969222869   0.000307197293   0.828129267891   0.012479614959  -0.000000002362  -0.000240539289  -0.027448837828   0.000307199655   0.828369807180  -0.000203292204  -0.001353747621   0.000100872971   0.000000015773   0.006644449164   0.000000780406  -0.000203307977  -0.007998196785   0.000100092565   0.827156186818   0.042834618938   0.000307197293  -0.001110487281   0.012432436072  -0.000000002362   0.828266674099   0.030402182866   0.000307199655  -0.022789419297   0.000320613098   0.829454729085  -0.035269034256   0.000320615460   0.829695268374   0.829023928582   0.035125931615   0.000320613098   0.830134415863   0.022693495543   0.000320615460 
  7.000000000000  -0.015030610518   0.000297172397   0.826539470305   0.012478081898  -0.000000002353  -0.000240498764  -0.027508692416   0.000297174749   0.826779969069  -0.000178690600   0.002329656509   0.000097458120   0.000000015609   0.006643621513   0.000000749128  -0.000178706208  -0.004313965004   0.000096708992   0.825574544085   0.042662482153   0.000297172397  -0.001110339914   0.012430909572  -0.000000002353   0.826684883999   0.030231572581   0.000297174749  -0.022647036002   0.000310878644   0.828037457162  -0.035125117900   0.000310880997   0.828277955926   0.827600176906   0.035169104179   0.000310878644   0.828710516819   0.022738194607   0.000310880997 
  8.000000000000  -0.015008756215   0.000295868939   0.826991208754   0.012477048474  -0.000000002346  -0.000240467481  -0.027485804689   0.000295871285   0.827231676235  -0.000181602340   0.001822728862   0.000097530004   0.000000015232   0.006643096545   0.000000680374  -0.000181617572  -0.004820367684   0.000096849630   0.826023657643   0.042715794901   0.000295868939  -0.001110236618   0.012429880848  -0.000000002346   0.827133894261   0.030285914053   0.000295871285  -0.022818811717   0.000316739679   0.828041287314  -0.035295860191   0.000316742025   0.828281754794   0.827615980195   0.034998014079   0.000316739679   0.828726216813   0.022568133231   0.000316742025 
  9.000000000000  -0.014936446161   0.000295274934   0.827162055739   0.012477805251  -0.000000002373  -0.000240468718  -0.027414251412   0.000295277307   0.827402524457  -0.000193722109   0.001438632859   0.000097185010   0.000000015728   0.006643568592   0.000000757071  -0.000193737837  -0.005204935733   0.000096427938   0.826189044359   0.042799846495   0.000295274934  -0.001110290642   0.012430635695  -0.000000002373   0.827299335001   0.030369210800   0.000295277307  -0.022722632814   0.000314311939   0.828303081543  -0.035200438065   0.000314314313   0.828543550260   0.827870427606   0.035112220537   0.000314311939   0.828980718248   0.022681584842   0.000314314313 
 10.000000000000  -0.014929172597   0.000300189802   0.826896051666   0.012476706949  -0.000000002369  -0.000240427521  -0.027405879546   0.000300192171   0.827136479187  -0.000172484896   0.002232689976   0.000099250971   0.000000015585   0.006643032570   0.000000732353  -0.000172500481  -0.004410342593   0.000098518618   0.825923180880   0.042788546834   0.000300189802  -0.001110172932   0.012429542942  -0.000000002369   0.827033353812   0.030359003893   0.000300192171  -0.022815051326   0.000317645362   0.828053798807  -0.035291758275   0.000317647730   0.828294226328   0.827628198900   0.035002638067   0.000317645362   0.828738371833   0.022573095125   0.000317647730 
 11.000000000000  -0.014974696313   0.000279797791   0.826360798978   0.012476157500  -0.000000002348  -0.000240426145  -0.027450853813   0.000279800139   0.826601225123  -0.000213470062   0.002928830654   0.000092025186   0.000000015930   0.006642685262   0.000000803693  -0.000213485992  -0.003713854607   0.000091221493   0.825392407615   0.042705796672   0.000279797791  -0.001110133232   0.012428994928  -0.000000002348   0.826502540847   0.030276801744   0.000279800139  -0.022828410734   0.000309180852   0.827658390138  -0.035304568235   0.000309183199   0.827898816283   0.827234685332   0.034961728888   0.000309180852   0.828344818564   0.022532733960   0.000309183199 
 12.000000000000  -0.014977241978   0.000275623416   0.825782126034   0.012476459296  -0.000000002289  -0.000240425506  -0.027453701274   0.000275625705   0.826022551539  -0.000201607237   0.005229956677   0.000091008352   0.000000015285   0.006642853358   0.000000725838  -0.000201622522  -0.001412896682   0.000090282514   0.824815321865   0.042662891024   0.000275623416  -0.001110153647   0.012429296033  -0.000000002289   0.825925475512   0.030233594991   0.000275625705  -0.022831058453   0.000299379182   0.826913543605  -0.035307517749   0.000299381471   0.827153969111   0.826491837903   0.034907129751   0.000299379182   0.827601991550   0.022477833718   0.000299381471 
 13.000000000000  -0.015044992234   0.000283619646   0.825515924870   0.012477789172  -0.000000002218  -0.000240447488  -0.027522781406   0.000283621864   0.825756372359  -0.000199994410   0.005459202667   0.000093080360   0.000000014759   0.006643572820   0.000000679069  -0.000200009169  -0.001184370153   0.000092401292   0.824554495173   0.042576736549   0.000283619646  -0.001110268343   0.012430621136  -0.000000002218   0.825664763516   0.030146115413   0.000283621864  -0.022865624768   0.000303131880   0.827053897427  -0.035343413941   0.000303134098   0.827294344915   0.826634261054   0.034882438225   0.000303131880   0.827744529397   0.022451817089   0.000303134098 
 14.000000000000  -0.014912101542   0.000278056485   0.826383413124   0.012477713196  -0.000000002322  -0.000240451076  -0.027389814739   0.000278058806   0.826623864200  -0.000216652243   0.003946499079   0.000090974807   0.000000015664   0.006643538835   0.000000766434  -0.000216667907  -0.002697039756   0.000090208373   0.825410600283   0.042769816448   0.000278056485  -0.001110266623   0.012430545095  -0.000000002322   0.826520866906   0.030339271353   0.000278058806  -0.022761299003   0.000293167931   0.827486436413  -0.035239012199   0.000293170253   0.827726887490   0.827058469000   0.035016682253   0.000293167931   0.828168735622   0.022586137158   0.000293170253 
 15.000000000000  -0.014971696270   0.000305251074   0.826528750997   0.012476816112  -0.000000002293  -0.000240440487  -0.027448512381   0.000305253367   0.826769191483  -0.000173964879   0.001702863759   0.000092536224   0.000000015332   0.006643053499   0.000000734432  -0.000173980211  -0.004940189741   0.000091801791   0.825559741238   0.042720505147   0.000305251074  -0.001110193481   0.012429650934  -0.000000002293   0.826669934719   0.030290854213   0.000305253367  -0.022799066887   0.000310135686   0.828293562177  -0.035275882999   0.000310137980   0.828534002663   0.827866263200   0.035035308616   0.000310135686   0.828976456681   0.022605657682   0.000310137980 
 16.000000000000  -0.015022366478   0.000291274649   0.826766850709   0.012476269554  -0.000000002237  -0.000240440522  -0.027498636032   0.000291276886   0.827007291232  -0.000154158121   0.001096296564   0.000095392348   0.000000014999   0.006642691734   0.000000705691  -0.000154173120  -0.005546395170   0.000094686657   0.825800795527   0.042686567365   0.000291274649  -0.001110155391   0.012429105705  -0.000000002237   0.826910950918   0.030257461660   0.000291276886  -0.022766381562   0.000314003614   0.828219529426  -0.035242651116   0.000314005851   0.828459969948   0.827790130776   0.035062750058   0.000314003614   0.828900286167   0.022633644353   0.000314005851 
 17.000000000000  -0.014702274955   0.000249455203   0.825934539912   0.012476333940  -0.000000002251  -0.000240437446  -0.027178608894   0.000249457454   0.826174977358  -0.000205735214   0.002298953397   0.000088332093   0.000000015186   0.006642737102   0.000000718777  -0.000205750400  -0.004343783705   0.000087613316   0.824948183741   0.042947820096   0.000249455203  -0.001110156813   0.012429170149  -0.000000002251   0.826058340555   0.030518649947   0.000249457454  -0.021559445160   0.000314836816   0.826651027041  -0.034035779100   0.000314839066   0.826891464487   0.826141257557   0.036157333228   0.000314836816   0.827251414370   0.023728163079   0.000314839066 
 18.000000000000  -0.015058182696   0.000257421422   0.820744925711   0.012440251204  -0.000000003117  -0.000239924481  -0.027498433899   0.000257424540   0.820984850192  -0.000267772601   0.005341379799   0.000086480883   0.000000021338   0.006621997772   0.000001111921  -0.000267793939  -0.001280617973   0.000085368962   0.819796038048   0.042230770142   0.000257421422  -0.001107128093   0.012393211091  -0.000000003117   0.820903166142   0.029837559050   0.000257424540  -0.022669696655   0.000299767031   0.822263289939  -0.035109947859   0.000299770148   0.822503214419   0.821841655991   0.034743713182   0.000299767031   0.822948784084   0.022350502091   0.000299770148 
 19.000000000000  -0.014927827672   0.000232909112   0.824305064260   0.012462952400  -0.000000002163  -0.000240133869  -0.027390780072   0.000232911275   0.824545198129  -0.000229844987   0.005305806632   0.000079309644   0.000000013554   0.006635507337   0.000000489001  -0.000229858540  -0.001329700705   0.000078820643   0.823338411172   0.042609150338   0.000232909112  -0.001108920527   0.012415842382  -0.000000002163   0.824447331698   0.030193307956   0.000232911275  -0.022666300256   0.000273169152   0.825497138635  -0.035129252656   0.000273171315   0.825737272504   0.825067390274   0.034972683189   0.000273169152   0.826176310800   0.022556840807   0.000273171315 
 20.000000000000  -0.014965832166   0.000286396763   0.826017013617   0.012471335413  -0.000000002384  -0.000240318372  -0.027437167579   0.000286399146   0.826257331989  -0.000203110884   0.002280069207   0.000093286683   0.000000015617   0.006640079093   0.000000758623  -0.000203126501  -0.004360009886   0.000092528060   0.825048841366   0.042690657971   0.000286396763  -0.001109689350   0.012424192104  -0.000000002384   0.826158530716   0.030266465867   0.000286399146  -0.022723428676   0.000278291292   0.827314374060  -0.035194764089   0.000278293676   0.827554692431   0.826884184081   0.035042457866   0.000278291292   0.827993873431   0.022618265762   0.000278293676 
