2 0.000000 100.000000 407.315828
972 826 
1 -79.021551 0.000000 -82.477363 99.751683 -0.000731 6.976650 0.000093 
2 92.672542 0.000000 -82.477363 99.753368 -0.004846 6.950256 0.000096 
3 92.672542 0.000000 85.501989 99.762827 0.005751 6.942710 -0.000082 
4 -79.021551 0.000000 85.501989 99.761648 0.000899 6.976382 -0.000106 
5 6.825495 0.000000 1.512313 100.875672 0.005233 -2.846199 -0.018400 
6 -79.021551 0.000000 1.512313 99.756949 0.000109 6.982520 -0.000020 
7 6.825495 0.000000 -82.477363 99.742987 -0.002779 6.961544 0.000287 
8 92.672542 0.000000 1.512313 99.943017 -0.109682 4.296958 -0.000708 
9 6.825495 0.000000 85.501989 99.771448 0.003133 6.959966 -0.000278 
10 -36.098028 0.000000 -40.482525 99.736447 -0.001378 6.979433 0.000393 
11 -79.021551 0.000000 -40.482525 99.751818 -0.000465 6.979851 0.000086 
12 -36.098028 0.000000 -82.477363 99.746482 -0.001448 6.973068 0.000202 
13 6.825495 0.000000 -40.482525 99.703011 -0.005345 6.915760 0.001148 
14 -36.098028 0.000000 1.512313 99.759048 0.000236 7.005138 -0.000094 
15 49.749019 0.000000 -40.482525 99.745198 -0.009738 6.874596 0.000364 
16 49.749019 0.000000 -82.477363 99.748159 -0.004145 6.951714 0.000198 
17 92.672542 0.000000 -40.482525 99.757802 -0.010321 6.886531 0.000096 
18 49.749019 0.000000 1.512313 100.020465 -0.301737 3.161938 -0.001418 
19 -36.098028 0.000000 43.507151 99.778323 0.001720 6.978120 -0.000441 
20 -79.021551 0.000000 43.507151 99.761824 0.000665 6.979575 -0.000114 
21 6.825495 0.000000 43.507151 99.814911 0.005955 6.911072 -0.001078 
22 -36.098028 0.000000 85.501989 99.767214 0.001688 6.972413 -0.000211 
23 -14.636266 0.000000 -19.485106 99.667502 -0.002690 6.989418 0.001754 
24 -36.098028 0.000000 -19.485106 99.736524 -0.000843 6.993264 0.000372 
25 -14.636266 0.000000 -40.482525 99.714930 -0.002733 6.963444 0.000844 
26 6.825495 0.000000 -19.485106 99.551621 -0.009725 6.718339 0.004434 
27 -14.636266 0.000000 1.512313 99.771937 0.000073 7.110297 -0.000500 
28 49.749019 0.000000 43.507151 99.780772 0.011247 6.848116 -0.000310 
29 92.672542 0.000000 43.507151 99.770308 0.013455 6.828470 -0.000074 
30 49.749019 0.000000 85.501989 99.767373 0.004715 6.947763 -0.000180 
31 28.287257 0.000000 -19.485106 99.718252 -0.019538 6.588572 0.001286 
32 28.287257 0.000000 -40.482525 99.725174 -0.008210 6.878981 0.000757 
33 49.749019 0.000000 -19.485106 99.762506 -0.021129 6.634234 0.000343 
34 28.287257 0.000000 1.512313 100.382372 1.427343 -2.095674 -0.008305 
35 -14.636266 0.000000 22.509732 99.851749 0.002954 6.982160 -0.001912 
36 -36.098028 0.000000 22.509732 99.779883 0.001265 6.991650 -0.000491 
37 6.825495 0.000000 22.509732 99.971424 0.010732 6.714436 -0.003937 
38 -14.636266 0.000000 43.507151 99.800631 0.003197 6.960787 -0.000862 
39 -3.905385 0.000000 -8.986396 99.342698 -0.003956 7.009879 0.008189 
40 -14.636266 0.000000 -8.986396 99.663747 -0.001782 7.053775 0.001738 
41 -3.905385 0.000000 -19.485106 99.578221 -0.005059 6.912404 0.003640 
42 6.825495 0.000000 -8.986396 99.070186 -0.014875 5.960636 0.014957 
43 -3.905385 0.000000 1.512313 99.877444 0.001297 7.662773 -0.003422 
44 28.287257 0.000000 22.509732 99.842416 0.021582 6.515831 -0.001096 
45 49.749019 0.000000 22.509732 99.806030 0.025954 6.455010 -0.000291 
46 28.287257 0.000000 43.507151 99.797825 0.009116 6.866251 -0.000675 
47 17.556376 0.000000 -8.986396 99.639941 -0.039268 5.677904 0.003964 
48 17.556376 0.000000 -19.485106 99.646392 -0.016039 6.596789 0.002708 
49 28.287257 0.000000 -8.986396 99.776930 -0.044652 5.826035 0.001062 
50 17.556376 0.000000 1.512313 100.168574 0.424254 0.534279 -0.003421 
51 -3.905385 0.000000 12.011023 100.174918 0.005120 6.964173 -0.008351 
52 -14.636266 0.000000 12.011023 99.865770 0.001947 7.042428 -0.002277 
53 6.825495 0.000000 12.011023 100.425910 0.016405 6.045970 -0.012192 
54 -3.905385 0.000000 22.509732 99.938605 0.005529 6.902767 -0.003537 
55 1.460055 0.000000 -3.737042 97.699299 -0.003881 6.954885 0.040648 
56 -3.905385 0.000000 -3.737042 99.283548 -0.001904 7.344019 0.008884 
57 1.460055 0.000000 -8.986396 99.017228 -0.007058 6.630602 0.015162 
58 6.825495 0.000000 -3.737042 98.020262 -0.013153 3.825638 0.037739 
59 1.460055 0.000000 1.512313 101.718727 0.002217 11.443541 -0.047765 
60 17.556376 0.000000 12.011023 100.015839 0.037477 5.607348 -0.003461 
61 28.287257 0.000000 12.011023 99.903395 0.047408 5.499980 -0.001094 
62 17.556376 0.000000 22.509732 99.901109 0.016533 6.570939 -0.002341 
63 12.190936 0.000000 -3.737042 99.480528 -0.069261 3.819369 0.008903 
64 12.190936 0.000000 -8.986396 99.426768 -0.028428 5.676381 0.008210 
65 17.556376 0.000000 -3.737042 99.784138 -0.099237 4.105453 0.002626 
66 12.190936 0.000000 1.512313 100.018718 0.359426 0.451655 -0.000408 
67 1.460055 0.000000 6.761668 101.473631 0.007723 6.663722 -0.034130 
68 -3.905385 0.000000 6.761668 100.304245 0.003614 7.233774 -0.011327 
69 6.825495 0.000000 6.761668 101.296567 0.020377 4.470446 -0.028098 
70 1.460055 0.000000 12.011023 100.439622 0.009086 6.612645 -0.013184 
71 4.142775 0.000000 -1.112364 93.475702 -0.000540 4.016819 0.124616 
72 1.460055 0.000000 -1.112364 96.817557 -0.000612 8.751009 0.054978 
73 4.142775 0.000000 -3.737042 97.183374 -0.007019 5.235492 0.052798 
74 6.825495 0.000000 -1.112364 97.776232 -0.005038 1.249997 0.043825 
75 4.142775 0.000000 1.512313 113.088302 -0.000418 -0.474934 -0.278919 
76 12.190936 0.000000 6.761668 100.309281 0.052681 4.051894 -0.007837 
77 17.556376 0.000000 6.761668 100.074403 0.080532 4.043515 -0.003124 
78 12.190936 0.000000 12.011023 100.178289 0.027567 5.722688 -0.006844 
79 9.508216 0.000000 -1.112364 99.412054 -0.038167 2.087397 0.011288 
80 9.508216 0.000000 -3.737042 99.052683 -0.036065 3.685480 0.017498 
81 12.190936 0.000000 -1.112364 99.704548 -0.180371 2.610968 0.005215 
82 9.508216 0.000000 1.512313 99.557773 0.000000 -0.138800 0.008823 
83 71.210780 0.000000 -19.485106 99.770528 -0.020537 6.675607 0.000128 
84 71.210780 0.000000 -40.482525 99.754134 -0.010250 6.880058 0.000178 
85 92.672542 0.000000 -19.485106 99.771725 -0.019607 6.708754 0.000060 
86 71.210780 0.000000 1.512313 99.992360 -0.161034 3.583893 -0.001134 
87 39.018138 0.000000 -8.986396 99.803810 -0.043067 5.946955 0.000383 
88 39.018138 0.000000 -19.485106 99.749484 -0.020921 6.610228 0.000634 
89 49.749019 0.000000 -8.986396 99.809161 -0.041282 6.048514 0.000155 
90 39.018138 0.000000 1.512313 100.076064 -0.545803 2.342308 -0.002100 
91 22.921817 0.000000 -3.737042 99.863927 -0.097543 4.347737 0.000828 
92 22.921817 0.000000 -8.986396 99.735997 -0.043530 5.753977 0.001962 
93 28.287257 0.000000 -3.737042 99.887317 -0.092410 4.535456 0.000194 
94 22.921817 0.000000 1.512313 100.228380 0.665116 0.008343 -0.004617 
95 14.873656 0.000000 -1.112364 99.843496 -0.221955 2.828296 0.002323 
96 14.873656 0.000000 -3.737042 99.680528 -0.087034 3.963816 0.004807 
97 17.556376 0.000000 -1.112364 99.924880 -0.228244 2.953662 0.000624 
98 14.873656 0.000000 1.512313 100.091321 0.406381 0.621848 -0.001882 
99 9.508216 0.000000 4.136991 100.647432 0.050702 2.252150 -0.013498 
100 6.825495 0.000000 4.136991 101.975864 0.018057 2.159460 -0.040374 
101 12.190936 0.000000 4.136991 100.251460 0.128492 2.525763 -0.005675 
102 9.508216 0.000000 6.761668 100.658023 0.039770 4.123463 -0.014904 
103 10.849576 0.000000 0.199975 99.729966 -0.327869 0.343123 0.005371 
104 9.508216 0.000000 0.199975 100.171737 0.015482 0.011235 -0.003438 
105 10.849576 0.000000 -1.112364 99.607036 -0.108782 2.446837 0.007244 
106 12.190936 0.000000 0.199975 99.839964 -0.594461 0.486547 0.003139 
107 10.849576 0.000000 1.512313 100.044599 0.122868 0.288701 -0.000902 
108 8.166856 0.000000 0.199975 99.518392 0.003209 -1.319814 0.009435 
109 6.825495 0.000000 0.199975 98.640885 0.006918 -2.465048 0.026390 
110 8.166856 0.000000 -1.112364 98.884154 -0.011670 1.579626 0.021943 
111 8.166856 0.000000 1.512313 100.111303 0.005485 -1.468540 -0.002443 
112 71.210780 0.000000 22.509732 99.802432 0.028917 6.381321 -0.000125 
113 92.672542 0.000000 22.509732 99.806539 0.031862 6.285742 -0.000086 
114 71.210780 0.000000 43.507151 99.773155 0.012533 6.838191 -0.000144 
115 39.018138 0.000000 12.011023 99.885500 0.053339 5.362372 -0.000587 
116 49.749019 0.000000 12.011023 99.887717 0.057847 5.196241 -0.000456 
117 39.018138 0.000000 22.509732 99.816337 0.024114 6.485142 -0.000536 
118 22.921817 0.000000 6.761668 100.014710 0.088309 3.951450 -0.001856 
119 28.287257 0.000000 6.761668 99.999752 0.097241 3.816616 -0.001453 
120 22.921817 0.000000 12.011023 99.937344 0.043040 5.554905 -0.001833 
121 14.873656 0.000000 4.136991 100.133084 0.160628 2.643869 -0.003365 
122 17.556376 0.000000 4.136991 100.100183 0.175324 2.645025 -0.002707 
123 14.873656 0.000000 6.761668 100.146331 0.066782 4.057558 -0.004576 
124 10.849576 0.000000 2.824652 100.209222 0.025510 1.444762 -0.004398 
125 9.508216 0.000000 2.824652 100.374862 -0.000000 1.052194 -0.007622 
126 12.190936 0.000000 2.824652 100.154262 0.124067 1.622027 -0.003352 
127 10.849576 0.000000 4.136991 100.383235 0.091875 2.415366 -0.008264 
128 10.178896 0.000000 0.856144 99.896227 0.022852 0.033776 0.002074 
129 9.508216 0.000000 0.856144 99.344702 0.016852 -0.064269 0.013063 
130 10.178896 0.000000 0.199975 99.840345 -0.023113 0.340595 0.003179 
131 10.849576 0.000000 0.856144 100.082978 0.974504 -3.968237 -0.003330 
132 10.178896 0.000000 1.512313 99.816824 0.000000 0.232729 0.003655 
133 28.287257 0.000000 -61.479944 99.738022 -0.004973 6.936607 0.000421 
134 6.825495 0.000000 -61.479944 99.732567 -0.003659 6.950015 0.000511 
135 28.287257 0.000000 -82.477363 99.744895 -0.003526 6.955417 0.000258 
136 49.749019 0.000000 -61.479944 99.745696 -0.005932 6.930991 0.000276 
137 17.556376 0.000000 -29.983815 99.686462 -0.009636 6.816345 0.001615 
138 6.825495 0.000000 -29.983815 99.661549 -0.006979 6.865904 0.002043 
139 17.556376 0.000000 -40.482525 99.711883 -0.006890 6.892336 0.001004 
140 28.287257 0.000000 -29.983815 99.717143 -0.011808 6.798079 0.001028 
141 12.190936 0.000000 -14.235751 99.519494 -0.018009 6.357574 0.005545 
142 6.825495 0.000000 -14.235751 99.408818 -0.012129 6.509836 0.007551 
143 12.190936 0.000000 -19.485106 99.594660 -0.013040 6.637833 0.003684 
144 17.556376 0.000000 -14.235751 99.626125 -0.023222 6.313432 0.003478 
145 9.508216 0.000000 -6.361719 99.115306 -0.027020 5.016113 0.015099 
146 6.825495 0.000000 -6.361719 98.721973 -0.016215 5.297712 0.022591 
147 9.508216 0.000000 -8.986396 99.253467 -0.021246 5.758616 0.011559 
148 12.190936 0.000000 -6.361719 99.406618 -0.040190 4.969712 0.009362 
149 10.849576 0.000000 -2.424703 99.414328 -0.068777 2.909013 0.010832 
150 9.508216 0.000000 -2.424703 99.113822 -0.043518 2.694886 0.016919 
151 10.849576 0.000000 -3.737042 99.310423 -0.053017 3.739889 0.012345 
152 12.190936 0.000000 -2.424703 99.575693 -0.098843 3.056716 0.007533 
153 10.178896 0.000000 -0.456195 99.693034 -0.067879 2.013267 0.005724 
154 9.508216 0.000000 -0.456195 99.683561 -0.023391 1.709430 0.006027 
155 10.178896 0.000000 -1.112364 99.524988 -0.067609 2.280716 0.008957 
156 10.849576 0.000000 -0.456195 99.693323 -0.155117 2.181242 0.005646 
157 13.532296 0.000000 0.199975 99.898695 -0.600940 0.615217 0.001951 
158 13.532296 0.000000 -1.112364 99.787690 -0.210774 2.731164 0.003491 
159 14.873656 0.000000 0.199975 99.989633 -0.593756 0.808647 0.000107 
160 13.532296 0.000000 1.512313 100.040511 0.389812 0.556821 -0.000857 
161 11.520256 0.000000 0.856144 99.886242 1.369176 -3.199260 0.001063 
162 11.520256 0.000000 0.199975 99.807050 -0.547485 0.385142 0.003810 
163 12.190936 0.000000 0.856144 99.912134 1.578624 -2.816342 0.000714 
164 11.520256 0.000000 1.512313 100.020164 0.306880 0.368970 -0.000426 
165 10.514236 0.000000 0.528059 99.497691 -0.015002 -1.099110 0.009900 
166 10.178896 0.000000 0.528059 99.831032 0.090909 -0.914301 0.003292 
167 10.514236 0.000000 0.199975 99.738328 -0.132362 0.386398 0.005210 
168 10.849576 0.000000 0.528059 99.602174 -0.716439 -1.719808 0.007594 
169 10.514236 0.000000 0.856144 100.493800 0.122091 0.023895 -0.009902 
170 11.520256 0.000000 -0.456195 99.730117 -0.239118 2.290012 0.004860 
171 11.520256 0.000000 -1.112364 99.654866 -0.152075 2.545600 0.006240 
172 12.190936 0.000000 -0.456195 99.764106 -0.277971 2.351872 0.004151 
173 11.184916 0.000000 0.528059 99.802236 -1.064014 -1.725593 0.003540 
174 11.184916 0.000000 0.199975 99.777508 -0.477260 0.352547 0.004410 
175 11.520256 0.000000 0.528059 99.841107 -1.147911 -1.673064 0.002764 
176 11.184916 0.000000 0.856144 99.876546 1.320293 -3.449110 0.001104 
177 4.142775 0.000000 4.136991 103.965086 0.008276 4.405218 -0.082815 
178 1.460055 0.000000 4.136991 102.559319 0.005286 7.505964 -0.057475 
179 4.142775 0.000000 6.761668 101.865844 0.011875 5.484283 -0.040673 
180 8.166856 0.000000 2.824652 100.885611 0.025197 0.494363 -0.017815 
181 6.825495 0.000000 2.824652 101.989865 0.015506 0.056216 -0.040194 
182 8.166856 0.000000 4.136991 101.174316 0.029768 2.050652 -0.024045 
183 10.178896 0.000000 2.168483 100.025724 0.000000 0.713982 -0.000566 
184 9.508216 0.000000 2.168483 100.059287 -0.000000 0.328754 -0.001197 
185 10.849576 0.000000 2.168483 100.110057 0.055960 0.894072 -0.002283 
186 10.178896 0.000000 2.824652 100.358794 0.000000 1.477841 -0.007407 
187 10.514236 0.000000 1.184229 100.068552 -0.000000 0.028035 -0.001372 
188 10.178896 0.000000 1.184229 99.831831 -0.000000 0.114374 0.003359 
189 10.849576 0.000000 1.184229 100.101811 0.366273 -0.288583 -0.002059 
190 10.514236 0.000000 1.512313 99.903872 -0.000000 0.274976 0.001914 
191 10.681906 0.000000 0.692102 98.305408 0.233704 -2.247451 0.033094 
192 10.514236 0.000000 0.692102 99.126533 0.360183 -0.731627 0.017327 
193 10.681906 0.000000 0.528059 99.426277 -0.307326 -1.458292 0.011219 
194 10.849576 0.000000 0.692102 99.530177 -1.184665 -3.340471 0.008118 
195 10.681906 0.000000 0.856144 102.247658 0.169931 -1.336094 -0.045640 
196 13.532296 0.000000 2.824652 100.123426 0.129338 1.702866 -0.002762 
197 14.873656 0.000000 2.824652 100.113939 0.150598 1.764047 -0.002594 
198 13.532296 0.000000 4.136991 100.175348 0.148254 2.597892 -0.004187 
199 11.520256 0.000000 2.168483 100.097272 0.149505 1.028502 -0.002054 
200 12.190936 0.000000 2.168483 100.091478 0.167990 1.105550 -0.001955 
201 11.520256 0.000000 2.824652 100.180113 0.082331 1.555316 -0.003848 
202 11.184916 0.000000 1.184229 99.995242 0.652899 -0.267688 0.000045 
203 11.520256 0.000000 1.184229 99.973908 0.734273 -0.216075 0.000463 
204 11.184916 0.000000 1.512313 100.029953 0.238259 0.333441 -0.000616 
205 11.017246 0.000000 0.692102 99.784830 -1.457761 -3.237052 0.003038 
206 11.017246 0.000000 0.528059 99.742741 -0.946999 -1.757624 0.004740 
207 11.184916 0.000000 0.692102 99.833495 -1.527607 -3.190632 0.002076 
208 11.017246 0.000000 0.856144 99.894678 1.254352 -3.633348 0.000628 
209 10.681906 0.000000 1.020186 100.526220 0.000000 -0.708219 -0.010602 
210 10.514236 0.000000 1.020186 100.366073 -0.000000 -0.137745 -0.007337 
211 10.849576 0.000000 1.020186 100.193364 0.646556 -1.120322 -0.004038 
212 10.681906 0.000000 1.184229 100.099406 0.000000 -0.129486 -0.001991 
213 10.765741 0.000000 0.774123 100.516729 0.391347 -0.677379 -0.010422 
214 10.681906 0.000000 0.774123 100.782812 0.434472 -0.519871 -0.015763 
215 10.765741 0.000000 0.692102 98.986580 -0.656796 -3.261028 0.019059 
216 10.849576 0.000000 0.774123 99.717646 -0.512478 -4.912060 0.003200 
217 10.765741 0.000000 0.856144 101.859183 0.226164 -1.508795 -0.037762 
218 8.837536 0.000000 0.856144 99.360201 -0.000000 -3.566182 0.011483 
219 8.166856 0.000000 0.856144 99.765346 -0.002240 -2.921677 0.003834 
220 8.837536 0.000000 0.199975 100.060102 0.007282 -0.935467 -0.001290 
221 8.837536 0.000000 1.512313 99.690024 0.016508 -0.981955 0.006093 
222 9.843556 0.000000 0.528059 100.113360 0.075808 -0.889829 -0.002348 
223 9.508216 0.000000 0.528059 100.507520 0.052492 -1.107620 -0.010299 
224 9.843556 0.000000 0.199975 100.001871 0.010922 0.282299 -0.000045 
225 9.843556 0.000000 0.856144 99.659916 0.018130 0.031279 0.006790 
226 10.346566 0.000000 0.692102 99.585293 0.238689 -0.546046 0.008241 
227 10.178896 0.000000 0.692102 99.829498 0.167581 -0.580309 0.003371 
228 10.346566 0.000000 0.528059 99.676555 0.074629 -0.920718 0.006373 
229 10.346566 0.000000 0.856144 100.068129 0.058721 0.050587 -0.001364 
230 10.598071 0.000000 0.774123 100.321688 0.421729 -0.053415 -0.006462 
231 10.514236 0.000000 0.774123 100.097254 0.303762 0.018540 -0.001955 
232 10.598071 0.000000 0.692102 98.652505 0.437565 -1.115785 0.026625 
233 10.598071 0.000000 0.856144 101.096950 0.217006 -0.161952 -0.022067 
234 11.017246 0.000000 1.020186 100.014973 0.777598 -1.165848 -0.000496 
235 11.184916 0.000000 1.020186 99.961652 0.921051 -1.108112 0.000559 
236 11.017246 0.000000 1.184229 100.032047 0.553503 -0.299400 -0.000681 
237 10.765741 0.000000 0.938165 100.914659 0.000000 -1.306347 -0.018547 
238 10.681906 0.000000 0.938165 101.288253 0.000000 -1.286045 -0.026096 
239 10.849576 0.000000 0.938165 100.214568 1.331090 -2.091787 -0.004911 
240 10.765741 0.000000 1.020186 100.467482 0.000000 -0.780621 -0.009432 
241 10.723823 0.000000 0.815133 101.336654 0.339091 -0.950376 -0.027014 
242 10.681906 0.000000 0.815133 101.289271 0.342141 -0.769444 -0.026023 
243 10.723823 0.000000 0.774123 100.722547 0.449426 -0.633674 -0.014564 
244 10.765741 0.000000 0.815133 101.301937 0.324243 -1.080844 -0.026336 
245 10.723823 0.000000 0.856144 101.976474 0.194456 -1.585539 -0.040175 
246 9.843556 0.000000 1.184229 99.585998 -0.000000 -0.003322 0.008263 
247 9.508216 0.000000 1.184229 99.242554 0.000000 -0.222953 0.015087 
248 9.843556 0.000000 1.512313 99.727786 -0.000000 0.105071 0.005436 
249 10.346566 0.000000 1.020186 100.061107 -0.000000 0.010588 -0.001223 
250 10.178896 0.000000 1.020186 99.846195 0.000000 0.045927 0.003074 
251 10.346566 0.000000 1.184229 99.965392 -0.000000 0.074819 0.000691 
252 10.598071 0.000000 0.938165 100.986490 -0.000000 -0.486650 -0.019851 
253 10.514236 0.000000 0.938165 100.603135 -0.000000 -0.123719 -0.012101 
254 10.598071 0.000000 1.020186 100.522503 -0.000000 -0.392701 -0.010493 
255 10.639988 0.000000 0.815133 100.975484 0.357016 -0.447002 -0.019638 
256 10.598071 0.000000 0.815133 100.645278 0.326383 -0.085652 -0.012959 
257 10.639988 0.000000 0.774123 100.601003 0.450560 -0.280596 -0.012084 
258 10.639988 0.000000 0.856144 101.604698 0.204487 -0.575822 -0.032389 
259 10.514236 0.000000 -0.128110 99.739158 -0.121231 1.395665 0.005014 
260 10.178896 0.000000 -0.128110 99.775970 -0.057248 1.259066 0.004317 
261 10.514236 0.000000 -0.456195 99.688881 -0.106537 2.120062 0.005762 
262 10.849576 0.000000 -0.128110 99.729111 -0.208958 1.435270 0.005200 
263 10.681906 0.000000 0.364017 99.652526 -0.274513 -0.347606 0.006918 
264 10.514236 0.000000 0.364017 99.673613 -0.116991 -0.241814 0.006510 
265 10.681906 0.000000 0.199975 99.720906 -0.228294 0.364427 0.005556 
266 10.849576 0.000000 0.364017 99.692150 -0.456682 -0.426775 0.006108 
267 10.765741 0.000000 0.610080 99.315810 -0.648861 -2.267926 0.013081 
268 10.681906 0.000000 0.610080 99.123782 -0.260438 -1.894660 0.017082 
269 10.765741 0.000000 0.528059 99.499659 -0.524056 -1.630057 0.009689 
270 10.849576 0.000000 0.610080 99.545406 -0.968109 -2.397622 0.008403 
271 10.723823 0.000000 0.733112 99.845192 0.533188 0.000000 0.003065 
272 10.681906 0.000000 0.733112 99.846209 0.597922 0.000000 0.003038 
273 10.723823 0.000000 0.692102 98.559426 -0.212570 -2.882574 0.027769 
274 10.765741 0.000000 0.733112 99.846253 0.478214 0.000000 0.003050 
275 10.702865 0.000000 0.794628 101.292065 0.303159 -1.268971 -0.026178 
276 10.681906 0.000000 0.794628 101.552122 0.339264 -0.834100 -0.031364 
277 10.702865 0.000000 0.774123 100.824312 0.432094 -0.622590 -0.016612 
278 10.723823 0.000000 0.794628 101.009978 0.398795 -0.768146 -0.020376 
279 10.702865 0.000000 0.815133 101.297280 0.348053 -0.893991 -0.026206 
280 10.598071 0.000000 0.610080 99.163878 0.002392 -1.461557 0.016439 
281 10.514236 0.000000 0.610080 99.333996 0.106292 -1.191559 0.013133 
282 10.598071 0.000000 0.528059 99.429123 -0.129834 -1.257503 0.011225 
283 10.639988 0.000000 0.733112 99.848334 0.586510 0.000000 0.002997 
284 10.598071 0.000000 0.733112 99.855147 0.569257 0.000000 0.002863 
285 10.639988 0.000000 0.692102 98.387998 0.444990 -1.596106 0.031706 
286 10.660947 0.000000 0.794628 101.203739 0.382448 -0.528685 -0.024262 
287 10.639988 0.000000 0.794628 101.109168 0.352789 -0.297646 -0.022328 
288 10.660947 0.000000 0.774123 100.726780 0.429397 -0.428849 -0.014625 
289 10.660947 0.000000 0.815133 101.132410 0.348926 -0.583083 -0.022823 
290 10.639988 0.000000 0.897154 101.833822 0.000000 -0.862827 -0.037087 
291 10.598071 0.000000 0.897154 101.348387 -0.000000 -0.357131 -0.027162 
292 10.681906 0.000000 0.897154 102.222464 0.019634 -1.463691 -0.045157 
293 10.639988 0.000000 0.938165 101.196049 0.000000 -0.845446 -0.024136 
294 10.660947 0.000000 0.835639 101.631541 0.264174 -0.768207 -0.032963 
295 10.639988 0.000000 0.835639 101.410471 0.275010 -0.539011 -0.028445 
296 10.681906 0.000000 0.835639 101.929370 0.247669 -1.128628 -0.039093 
297 10.660947 0.000000 0.856144 101.970532 0.175155 -0.923345 -0.039887 
298 10.671426 0.000000 0.804881 101.363459 0.370730 -0.696691 -0.027517 
299 10.660947 0.000000 0.804881 101.253374 0.367650 -0.542950 -0.025268 
300 10.671426 0.000000 0.794628 101.301515 0.380176 -0.666504 -0.026259 
301 10.681906 0.000000 0.804881 101.602498 0.330616 -0.864156 -0.032392 
302 10.671426 0.000000 0.815133 101.310672 0.356325 -0.701679 -0.026447 
303 10.430401 0.000000 0.774123 99.972216 0.191820 0.012855 0.000552 
304 10.346566 0.000000 0.774123 99.996774 0.111797 0.033599 0.000063 
305 10.430401 0.000000 0.692102 99.403421 0.290359 -0.598167 0.011852 
306 10.430401 0.000000 0.856144 100.207940 0.088607 0.024788 -0.004164 
307 10.556153 0.000000 0.815133 100.416644 0.263827 0.020081 -0.008357 
308 10.514236 0.000000 0.815133 100.270278 0.201950 0.040429 -0.005417 
309 10.556153 0.000000 0.774123 100.168651 0.344767 0.013958 -0.003388 
310 10.556153 0.000000 0.856144 100.658059 0.189892 -0.000582 -0.013208 
311 10.430401 0.000000 0.938165 100.311952 -0.000000 -0.019926 -0.006249 
312 10.346566 0.000000 0.938165 100.122358 -0.000000 0.041718 -0.002449 
313 10.430401 0.000000 1.020186 100.177733 -0.000000 -0.052922 -0.003558 
314 10.472318 0.000000 0.815133 100.183401 0.151634 0.022680 -0.003674 
315 10.430401 0.000000 0.815133 100.103829 0.129029 0.028313 -0.002079 
316 10.472318 0.000000 0.774123 100.005460 0.235061 0.011529 -0.000115 
317 10.472318 0.000000 0.856144 100.297351 0.107162 0.018776 -0.005957 
318 10.556153 0.000000 0.733112 99.863781 0.442215 0.000000 0.002703 
319 10.514236 0.000000 0.733112 99.869727 0.360510 0.000000 0.002591 
320 10.556153 0.000000 0.692102 98.919777 0.400999 -0.854293 0.021399 
321 10.535195 0.000000 0.794628 100.318648 0.228063 0.039285 -0.006388 
322 10.514236 0.000000 0.794628 100.260819 0.200756 0.041163 -0.005227 
323 10.535195 0.000000 0.774123 100.099982 0.314452 0.018571 -0.002011 
324 10.556153 0.000000 0.794628 100.381086 0.258795 0.031753 -0.007643 
325 10.535195 0.000000 0.815133 100.351948 0.209549 0.039319 -0.007056 
326 10.011226 0.000000 0.692102 99.964855 0.126299 -0.577451 0.000668 
327 9.843556 0.000000 0.692102 100.133873 0.096089 -0.535663 -0.002709 
328 10.011226 0.000000 0.528059 99.966121 0.086131 -0.895698 0.000596 
329 10.011226 0.000000 0.856144 99.801497 0.021927 0.063136 0.003966 
330 10.262731 0.000000 0.774123 99.936964 0.090410 0.026012 0.001259 
331 10.178896 0.000000 0.774123 99.880017 0.070972 0.015486 0.002398 
332 10.262731 0.000000 0.692102 99.723594 0.198723 -0.569019 0.005484 
333 10.262731 0.000000 0.856144 99.993332 0.025552 0.051801 0.000133 
334 10.388483 0.000000 0.815133 100.060827 0.109568 0.035864 -0.001218 
335 10.346566 0.000000 0.815133 100.023088 0.093741 0.042057 -0.000463 
336 10.388483 0.000000 0.774123 100.030173 0.130302 0.023808 -0.000605 
337 10.388483 0.000000 0.856144 100.196202 0.048450 0.054063 -0.003928 
338 10.011226 0.000000 1.020186 99.694634 0.000000 0.109432 0.006097 
339 9.843556 0.000000 1.020186 99.519301 -0.000000 -0.023228 0.009591 
340 10.011226 0.000000 1.184229 99.709815 0.000000 0.145293 0.005793 
341 10.095061 0.000000 0.774123 99.853301 0.063328 0.009774 0.002931 
342 10.011226 0.000000 0.774123 99.836574 0.055403 0.026328 0.003265 
343 10.095061 0.000000 0.692102 99.905360 0.144004 -0.569986 0.001857 
344 10.095061 0.000000 0.856144 99.839848 0.026733 0.029072 0.003200 
345 8.166856 0.000000 -2.424703 98.594024 -0.021173 2.532351 0.027281 
346 6.825495 0.000000 -2.424703 97.817212 -0.011036 2.646062 0.042479 
347 8.166856 0.000000 -3.737042 98.623799 -0.022111 3.678165 0.025982 
348 8.837536 0.000000 -0.456195 99.511470 -0.013654 1.287744 0.009581 
349 8.166856 0.000000 -0.456195 99.167772 -0.006628 0.968908 0.016481 
350 8.837536 0.000000 -1.112364 99.196592 -0.021085 1.794413 0.015682 
351 9.172876 0.000000 0.528059 101.060587 0.030343 -1.785057 -0.021643 
352 8.837536 0.000000 0.528059 100.468200 0.014262 -2.978822 -0.010273 
353 9.172876 0.000000 0.199975 100.263152 0.011736 -0.438738 -0.005289 
354 9.172876 0.000000 0.856144 98.366930 0.006640 -0.201262 0.032391 
355 9.675886 0.000000 0.692102 100.361484 0.072114 -0.620638 -0.007282 
356 9.508216 0.000000 0.692102 100.643832 0.052335 -0.727424 -0.012971 
357 9.675886 0.000000 0.528059 100.288635 0.064546 -0.999742 -0.005881 
358 9.675886 0.000000 0.856144 99.458375 0.015605 0.042185 0.010803 
359 9.927391 0.000000 0.774123 99.803067 0.046180 0.030550 0.003934 
360 9.843556 0.000000 0.774123 99.751041 0.038752 0.019579 0.004973 
361 9.927391 0.000000 0.692102 100.038612 0.111126 -0.544616 -0.000803 
362 9.927391 0.000000 0.856144 99.736397 0.017223 0.059191 0.005265 
363 8.837536 0.000000 2.168483 100.237082 0.036642 -0.034268 -0.004748 
364 8.166856 0.000000 2.168483 100.537758 0.016420 -0.396344 -0.010800 
365 8.837536 0.000000 2.824652 100.569663 0.041422 0.748257 -0.011482 
366 9.172876 0.000000 1.184229 98.891443 0.000000 -0.885695 0.021970 
367 8.837536 0.000000 1.184229 99.011185 -0.000000 -1.822367 0.019346 
368 9.172876 0.000000 1.512313 99.476724 0.000000 -0.594079 0.010403 
369 9.675886 0.000000 1.020186 99.294325 0.000000 -0.046638 0.014063 
370 9.508216 0.000000 1.020186 99.037960 0.000000 -0.185557 0.019145 
371 9.675886 0.000000 1.184229 99.429250 0.000000 -0.052847 0.011382 
372 9.759721 0.000000 0.774123 99.721092 0.035691 0.029642 0.005570 
373 9.675886 0.000000 0.774123 99.639491 0.028033 0.036337 0.007197 
374 9.759721 0.000000 0.692102 100.242639 0.083147 -0.585841 -0.004894 
375 9.759721 0.000000 0.856144 99.581750 0.018278 0.042042 0.008347 
376 9.340546 0.000000 0.692102 101.044507 0.036270 -0.780399 -0.021060 
377 9.172876 0.000000 0.692102 101.851934 0.020842 -1.241764 -0.037536 
378 9.340546 0.000000 0.528059 100.781084 0.041155 -1.309291 -0.015854 
379 9.340546 0.000000 0.856144 98.993029 0.009079 -0.028977 0.020038 
380 9.592051 0.000000 0.774123 99.540429 0.025649 0.027759 0.009170 
381 9.508216 0.000000 0.774123 99.534247 0.025104 -0.039922 0.009293 
382 9.592051 0.000000 0.692102 100.503112 0.062098 -0.664026 -0.010132 
383 9.592051 0.000000 0.856144 99.334755 0.014359 -0.002659 0.013261 
384 9.340546 0.000000 1.020186 98.684406 0.000000 -0.369732 0.026125 
385 9.172876 0.000000 1.020186 98.219047 0.000000 -0.923745 0.035217 
386 9.340546 0.000000 1.184229 99.049432 0.000000 -0.441865 0.018901 
387 9.424381 0.000000 0.774123 99.486978 0.020786 -0.036775 0.010234 
388 9.340546 0.000000 0.774123 99.359205 0.015986 0.017199 0.012775 
389 9.424381 0.000000 0.692102 100.794590 0.044166 -0.739403 -0.016010 
390 9.424381 0.000000 0.856144 99.234380 0.011840 -0.065744 0.015253 
391 9.592051 0.000000 0.938165 99.125651 0.000000 -0.050134 0.017410 
392 9.508216 0.000000 0.938165 98.995863 0.000000 -0.135737 0.019980 
393 9.675886 0.000000 0.938165 99.287893 0.000000 0.009690 0.014191 
394 9.592051 0.000000 1.020186 99.174955 0.000000 -0.114061 0.016432 
395 9.550133 0.000000 0.815133 99.447305 0.020531 0.015894 0.011023 
396 9.508216 0.000000 0.815133 99.421395 0.020965 -0.061168 0.011538 
397 9.550133 0.000000 0.774123 99.553350 0.025730 0.019530 0.008913 
398 9.592051 0.000000 0.815133 99.493468 0.023001 0.030100 0.010105 
399 9.550133 0.000000 0.856144 99.157142 0.007481 -0.032550 0.016786 
400 5.484135 0.000000 0.199975 94.793982 0.005265 -4.775106 0.099130 
401 4.142775 0.000000 0.199975 88.142626 0.003917 0.936422 0.223000 
402 5.484135 0.000000 -1.112364 95.584432 -0.001744 1.506999 0.086135 
403 5.484135 0.000000 1.512313 104.723236 -0.000569 -5.849918 -0.100118 
404 7.496176 0.000000 0.856144 99.741527 -0.000457 -3.465382 0.003962 
405 6.825495 0.000000 0.856144 99.686571 -0.001520 -4.497142 0.004236 
406 7.496176 0.000000 0.199975 99.157378 0.006097 -1.691513 0.016495 
407 7.496176 0.000000 1.512313 100.417654 0.007951 -1.947416 -0.008750 
408 8.502196 0.000000 0.528059 99.834340 0.007876 -2.973048 0.002427 
409 8.166856 0.000000 0.528059 99.639800 0.008936 -2.964619 0.006312 
410 8.502196 0.000000 0.199975 99.746790 0.001697 -1.165085 0.004922 
411 8.502196 0.000000 0.856144 99.733257 -0.002261 -2.903474 0.004485 
412 9.005206 0.000000 0.692102 102.388191 0.003834 -3.259689 -0.049397 
413 8.837536 0.000000 0.692102 100.435671 -0.003666 -3.905362 -0.010258 
414 9.005206 0.000000 0.528059 101.003401 0.020488 -2.530353 -0.020809 
415 9.005206 0.000000 0.856144 97.769101 0.002724 -1.548399 0.043881 
416 9.256711 0.000000 0.774123 99.413195 0.016212 -0.005702 0.011702 
417 9.172876 0.000000 0.774123 99.156770 0.011982 -0.033306 0.016793 
418 9.256711 0.000000 0.692102 101.387031 0.028312 -0.945171 -0.028022 
419 9.256711 0.000000 0.856144 98.856533 0.009084 -0.073803 0.022738 
420 9.424381 0.000000 0.938165 98.870271 0.000000 -0.170176 0.022464 
421 9.340546 0.000000 0.938165 98.580990 0.000000 -0.227073 0.028174 
422 9.424381 0.000000 1.020186 98.874347 0.000000 -0.255630 0.022380 
423 9.382463 0.000000 0.815133 99.384128 0.016722 -0.022813 0.012279 
424 9.340546 0.000000 0.815133 99.284882 0.014614 0.023547 0.014251 
425 9.382463 0.000000 0.774123 99.550117 0.020671 -0.018193 0.008977 
426 9.424381 0.000000 0.815133 99.416921 0.018293 -0.044801 0.011627 
427 9.382463 0.000000 0.856144 99.108511 0.010034 -0.033681 0.017750 
428 8.502196 0.000000 1.184229 99.722105 0.003509 -1.990437 0.005154 
429 8.166856 0.000000 1.184229 99.913013 0.000178 -2.118567 0.001290 
430 8.502196 0.000000 1.512313 99.918056 0.010632 -1.266282 0.001478 
431 9.005206 0.000000 1.020186 98.256947 0.000000 -1.971922 0.034168 
432 8.837536 0.000000 1.020186 98.936177 -0.000000 -2.509631 0.020533 
433 9.005206 0.000000 1.184229 98.984513 -0.000000 -1.370407 0.020019 
434 9.256711 0.000000 0.938165 98.233970 0.000000 -0.378564 0.034994 
435 9.172876 0.000000 0.938165 97.804383 0.000000 -0.703991 0.043381 
436 9.256711 0.000000 1.020186 98.471351 0.000000 -0.573513 0.030306 
437 9.298628 0.000000 0.815133 99.176996 0.013106 0.034297 0.016392 
438 9.256711 0.000000 0.815133 99.059533 0.012026 -0.024378 0.018721 
439 9.298628 0.000000 0.774123 99.338030 0.015613 0.036129 0.013195 
440 9.298628 0.000000 0.856144 98.774701 0.007378 -0.032739 0.024356 
441 9.172876 0.000000 -0.128110 99.871703 -0.003371 0.648532 0.002522 
442 8.837536 0.000000 -0.128110 99.742030 -0.001980 0.337546 0.005141 
443 9.172876 0.000000 -0.456195 99.630910 -0.014921 1.525585 0.007135 
444 9.508216 0.000000 -0.128110 99.890680 -0.008538 0.942645 0.002096 
445 9.340546 0.000000 0.364017 100.490447 0.025029 -0.679391 -0.009879 
446 9.172876 0.000000 0.364017 100.574830 0.019428 -1.043337 -0.011639 
447 9.340546 0.000000 0.199975 100.245164 0.014514 -0.162162 -0.004912 
448 9.508216 0.000000 0.364017 100.341502 0.030699 -0.473018 -0.006864 
449 9.424381 0.000000 0.610080 100.731789 0.033885 -1.234281 -0.014842 
450 9.340546 0.000000 0.610080 100.927910 0.026336 -1.348900 -0.018826 
451 9.424381 0.000000 0.528059 100.635314 0.046836 -1.181668 -0.012887 
452 9.508216 0.000000 0.610080 100.579757 0.041995 -1.181899 -0.011769 
453 9.382463 0.000000 0.733112 99.825478 0.030253 0.000000 0.003487 
454 9.340546 0.000000 0.733112 99.819559 0.025739 0.000000 0.003606 
455 9.382463 0.000000 0.692102 100.903634 0.040274 -0.752496 -0.018211 
456 9.424381 0.000000 0.733112 99.825974 0.030701 0.000000 0.003477 
457 9.361504 0.000000 0.794628 99.374369 0.014157 -0.025499 0.012473 
458 9.340546 0.000000 0.794628 99.270294 0.014479 0.032713 0.014541 
459 9.361504 0.000000 0.774123 99.453069 0.018727 0.007180 0.010909 
460 9.382463 0.000000 0.794628 99.476496 0.018396 -0.027914 0.010443 
461 9.361504 0.000000 0.815133 99.312338 0.015576 0.003840 0.013706 
462 9.089041 0.000000 0.774123 99.009651 0.007890 -0.165939 0.019706 
463 9.005206 0.000000 0.774123 99.216428 0.005235 -0.560037 0.015579 
464 9.089041 0.000000 0.692102 102.371297 0.012732 -1.926406 -0.048359 
465 9.089041 0.000000 0.856144 97.769958 0.004572 -0.531195 0.044075 
466 9.214793 0.000000 0.815133 99.013681 0.011029 -0.033499 0.019629 
467 9.172876 0.000000 0.815133 98.880258 0.010437 -0.062905 0.022269 
468 9.214793 0.000000 0.774123 99.575286 0.015667 -0.009300 0.008476 
469 9.214793 0.000000 0.856144 98.288573 0.004422 -0.135433 0.033934 
470 9.089041 0.000000 0.938165 97.330213 0.000000 -1.244358 0.052528 
471 9.005206 0.000000 0.938165 97.242828 0.000000 -2.479654 0.053768 
472 9.089041 0.000000 1.020186 98.091091 0.000000 -1.441302 0.037606 
473 9.130958 0.000000 0.815133 98.796835 0.008755 -0.095866 0.023918 
474 9.089041 0.000000 0.815133 98.653714 0.006994 -0.208580 0.026740 
475 9.130958 0.000000 0.774123 99.151070 0.010497 -0.055516 0.016906 
476 9.130958 0.000000 0.856144 98.268646 0.006059 -0.268463 0.034320 
477 8.669866 0.000000 0.692102 99.940816 -0.004044 -3.506310 -0.000046 
478 8.502196 0.000000 0.692102 99.796733 -0.006870 -3.430792 0.002884 
479 8.669866 0.000000 0.528059 100.052501 0.012484 -2.980968 -0.001939 
480 8.669866 0.000000 0.856144 99.669562 -0.003448 -3.033121 0.005678 
481 8.921371 0.000000 0.774123 98.687166 0.001311 -2.895190 0.025246 
482 8.837536 0.000000 0.774123 99.421029 -0.000000 -3.676213 0.010194 
483 8.921371 0.000000 0.692102 101.228489 -0.002099 -4.052122 -0.026363 
484 8.921371 0.000000 0.856144 98.584918 0.000483 -3.411003 0.026938 
485 9.047123 0.000000 0.815133 98.437758 0.005269 -0.444380 0.030981 
486 9.005206 0.000000 0.815133 98.755597 0.004549 -0.806659 0.024668 
487 9.047123 0.000000 0.774123 99.188353 0.006496 -0.324718 0.016157 
488 9.047123 0.000000 0.856144 98.081804 0.004239 -0.806953 0.037931 
489 9.005206 0.000000 0.364017 100.499364 0.013793 -1.448988 -0.010222 
490 8.837536 0.000000 0.364017 100.263150 0.011615 -1.770063 -0.005583 
491 9.005206 0.000000 0.199975 100.199104 0.009135 -0.706868 -0.004036 
492 9.089041 0.000000 0.610080 101.588274 0.003497 -2.414429 -0.032601 
493 9.005206 0.000000 0.610080 101.464349 0.012120 -3.073952 -0.030446 
494 9.089041 0.000000 0.528059 101.107988 0.025094 -2.143893 -0.022742 
495 9.172876 0.000000 0.610080 101.416977 0.011125 -1.891063 -0.028898 
496 9.047123 0.000000 0.733112 99.801080 0.006761 0.000000 0.003974 
497 9.005206 0.000000 0.733112 99.800476 0.005602 0.000000 0.003987 
498 9.047123 0.000000 0.692102 102.525332 0.008326 -2.520981 -0.051780 
499 9.089041 0.000000 0.733112 99.802818 0.010192 0.000000 0.003940 
500 9.068082 0.000000 0.794628 98.603426 0.006327 -0.228154 0.027731 
501 9.047123 0.000000 0.794628 98.234853 0.005060 -0.404107 0.034975 
502 9.068082 0.000000 0.774123 99.324119 0.007156 -0.157366 0.013469 
503 9.089041 0.000000 0.794628 98.715010 0.006951 -0.182951 0.025531 
504 9.068082 0.000000 0.815133 98.715611 0.006516 -0.321462 0.025512 
505 8.669866 0.000000 1.020186 99.502002 -0.001323 -2.434915 0.009342 
506 8.502196 0.000000 1.020186 99.692903 0.000459 -2.428690 0.005543 
507 8.669866 0.000000 1.184229 99.536251 0.002629 -1.888008 0.008897 
508 8.921371 0.000000 0.938165 98.521854 -0.000000 -2.979737 0.028457 
509 8.837536 0.000000 0.938165 99.106710 -0.000000 -3.003831 0.016884 
510 8.921371 0.000000 1.020186 98.677363 -0.000000 -2.365642 0.025718 
511 8.963288 0.000000 0.815133 97.718212 0.002039 -2.381082 0.044548 
512 8.921371 0.000000 0.815133 98.607396 0.000962 -3.280753 0.026582 
513 8.963288 0.000000 0.774123 98.036285 0.002539 -1.941024 0.038512 
514 8.963288 0.000000 0.856144 98.042510 0.001836 -2.396269 0.038192 
515 9.026164 0.000000 0.794628 98.116227 0.004118 -0.431039 0.037302 
516 9.005206 0.000000 0.794628 97.424875 0.003205 -1.572898 0.050592 
517 9.026164 0.000000 0.774123 99.139646 0.005508 -0.370243 0.017119 
518 9.026164 0.000000 0.815133 98.379150 0.004328 -0.621904 0.032116 
519 8.921371 0.000000 0.610080 100.999318 0.007775 -3.531472 -0.021333 
520 8.837536 0.000000 0.610080 100.523795 0.005508 -3.658961 -0.011842 
521 8.921371 0.000000 0.528059 100.755696 0.016790 -2.824081 -0.015969 
522 8.963288 0.000000 0.733112 99.799653 0.004224 0.000000 0.004003 
523 8.921371 0.000000 0.733112 101.155969 -0.006982 -4.535762 -0.025310 
524 8.963288 0.000000 0.692102 101.862129 0.000135 -3.814814 -0.039045 
525 8.984247 0.000000 0.794628 97.391930 0.002840 -1.856116 0.051137 
526 8.963288 0.000000 0.794628 97.462571 0.002069 -2.354376 0.049550 
527 8.984247 0.000000 0.774123 98.282907 0.003738 -1.191432 0.033905 
528 8.984247 0.000000 0.815133 97.800855 0.003041 -1.711556 0.043206 
529 8.963288 0.000000 0.897154 97.692052 -0.000000 -3.506956 0.044396 
530 8.921371 0.000000 0.897154 98.464875 0.000000 -3.490970 0.029248 
531 9.005206 0.000000 0.897154 96.498626 0.000000 -2.940635 0.067937 
532 8.963288 0.000000 0.938165 97.927214 0.000000 -2.903869 0.040183 
533 8.984247 0.000000 0.835639 98.129293 0.002968 -1.711315 0.036771 
534 8.963288 0.000000 0.835639 98.215863 0.002136 -2.340652 0.034817 
535 9.005206 0.000000 0.835639 98.327716 0.004056 -1.091348 0.033047 
536 8.984247 0.000000 0.856144 97.595777 0.001860 -2.296102 0.046979 
537 8.994726 0.000000 0.804881 97.368545 0.002821 -1.644313 0.051666 
538 8.984247 0.000000 0.804881 97.331000 0.002754 -1.921389 0.052298 
539 8.994726 0.000000 0.794628 97.413548 0.002890 -1.608226 0.050801 
540 9.005206 0.000000 0.804881 97.375692 0.003154 -1.606020 0.051540 
541 8.994726 0.000000 0.815133 98.004508 0.003232 -1.454327 0.039300 
542 28.287257 0.000000 64.504570 99.778881 0.005573 6.931726 -0.000387 
543 6.825495 0.000000 64.504570 99.782931 0.004107 6.947442 -0.000490 
544 49.749019 0.000000 64.504570 99.772375 0.006767 6.922453 -0.000245 
545 28.287257 0.000000 85.501989 99.770106 0.003972 6.952872 -0.000242 
546 17.556376 0.000000 33.008442 99.840753 0.010666 6.803470 -0.001446 
547 6.825495 0.000000 33.008442 99.859044 0.007671 6.859722 -0.001888 
548 28.287257 0.000000 33.008442 99.815336 0.013017 6.772053 -0.000896 
549 17.556376 0.000000 43.507151 99.808604 0.007612 6.884683 -0.000916 
550 12.190936 0.000000 17.260377 100.034095 0.018339 6.357558 -0.004724 
551 6.825495 0.000000 17.260377 100.112492 0.012880 6.519675 -0.006502 
552 17.556376 0.000000 17.260377 99.951046 0.023483 6.272689 -0.002956 
553 12.190936 0.000000 22.509732 99.941260 0.013614 6.627936 -0.003219 
554 9.508216 0.000000 9.386345 100.477365 0.027322 5.216894 -0.012292 
555 6.825495 0.000000 9.386345 100.741523 0.019067 5.516161 -0.017928 
556 12.190936 0.000000 9.386345 100.260103 0.034935 5.087918 -0.007798 
557 9.508216 0.000000 12.011023 100.303102 0.021288 5.843132 -0.009485 
558 10.849576 0.000000 5.449329 100.451380 0.056600 3.299218 -0.010137 
559 9.508216 0.000000 5.449329 100.697101 0.038816 3.288738 -0.015072 
560 12.190936 0.000000 5.449329 100.299188 0.072000 3.339703 -0.007109 
561 10.849576 0.000000 6.761668 100.456702 0.054089 4.062870 -0.010806 
562 10.178896 0.000000 3.480821 100.398820 0.000000 1.721015 -0.008288 
563 9.508216 0.000000 3.480821 100.567437 0.078865 1.623631 -0.011645 
564 10.849576 0.000000 3.480821 100.310626 0.081119 1.946088 -0.006602 
565 10.178896 0.000000 4.136991 100.493564 0.070804 2.337263 -0.010442 
566 11.520256 0.000000 3.480821 100.252506 0.045302 2.030585 -0.005469 
567 12.190936 0.000000 3.480821 100.209524 0.083831 2.083005 -0.004629 
568 11.520256 0.000000 4.136991 100.308352 0.112390 2.475314 -0.006791 
569 8.166856 0.000000 5.449329 101.106563 0.032059 3.316403 -0.023354 
570 6.825495 0.000000 5.449329 101.687665 0.018521 3.525709 -0.035281 
571 8.166856 0.000000 6.761668 100.926877 0.027320 4.243205 -0.020424 
572 10.178896 0.000000 4.793160 100.539061 0.056552 2.841763 -0.011618 
573 9.508216 0.000000 4.793160 100.693125 0.045260 2.786670 -0.014687 
574 10.849576 0.000000 4.793160 100.429455 0.069088 2.869385 -0.009431 
575 10.178896 0.000000 5.449329 100.558948 0.047847 3.282312 -0.012288 
576 10.514236 0.000000 3.808906 100.392509 0.114696 2.138654 -0.008324 
577 10.178896 0.000000 3.808906 100.453133 0.099980 2.076204 -0.009515 
578 10.514236 0.000000 3.480821 100.350005 -0.000000 1.807540 -0.007339 
579 10.849576 0.000000 3.808906 100.350424 0.132583 2.181053 -0.007498 
580 10.514236 0.000000 4.136991 100.429764 0.083749 2.387250 -0.009184 
581 10.514236 0.000000 3.152737 100.343079 -0.000000 1.725339 -0.007171 
582 10.178896 0.000000 3.152737 100.390754 -0.000000 1.596478 -0.008085 
583 10.514236 0.000000 2.824652 100.333997 -0.000000 1.617261 -0.006953 
584 10.849576 0.000000 3.152737 100.265638 0.030866 1.701248 -0.005609 
585 14.873656 0.000000 9.386345 100.126093 0.052146 5.026693 -0.005050 
586 17.556376 0.000000 9.386345 100.042151 0.051597 4.996815 -0.003340 
587 14.873656 0.000000 12.011023 100.079471 0.032888 5.654883 -0.004788 
588 13.532296 0.000000 5.449329 100.204470 0.090385 3.377790 -0.005235 
589 14.873656 0.000000 5.449329 100.145752 0.099530 3.401951 -0.004075 
590 13.532296 0.000000 6.761668 100.213047 0.061480 4.051744 -0.005908 
591 11.520256 0.000000 4.793160 100.345985 0.081546 2.907923 -0.007778 
592 12.190936 0.000000 4.793160 100.278497 0.092051 2.951889 -0.006450 
593 11.520256 0.000000 5.449329 100.368574 0.065324 3.313863 -0.008484 
594 11.184916 0.000000 3.808906 100.312953 0.143583 2.223248 -0.006765 
595 11.184916 0.000000 3.480821 100.279743 0.022246 1.993967 -0.006000 
596 11.520256 0.000000 3.808906 100.282119 0.154757 2.259634 -0.006163 
597 11.184916 0.000000 4.136991 100.341184 0.103484 2.455362 -0.007439 
598 10.681906 0.000000 3.644864 100.351817 0.222252 2.029255 -0.007465 
599 10.514236 0.000000 3.644864 100.371708 0.194642 2.010662 -0.007856 
600 10.681906 0.000000 3.480821 100.325868 0.000000 1.900187 -0.006889 
601 10.849576 0.000000 3.644864 100.331190 0.217555 2.062684 -0.007065 
602 10.681906 0.000000 3.808906 100.370964 0.121721 2.158862 -0.007901 
603 12.861616 0.000000 0.856144 99.934720 1.649352 -2.686588 0.000311 
604 12.861616 0.000000 0.199975 99.866832 -0.603165 0.554140 0.002595 
605 13.532296 0.000000 0.856144 99.965216 1.614492 -2.552747 -0.000217 
606 12.861616 0.000000 1.512313 100.027385 0.377638 0.506525 -0.000588 
607 20.239096 0.000000 -1.112364 99.961312 -0.225638 3.054419 -0.000164 
608 20.239096 0.000000 -3.737042 99.835602 -0.097028 4.240215 0.001486 
609 22.921817 0.000000 -1.112364 99.975470 -0.207834 3.151595 -0.000507 
610 20.239096 0.000000 1.512313 100.204586 0.476962 0.333480 -0.004130 
611 16.215016 0.000000 0.199975 100.047793 -0.602425 1.199291 -0.001136 
612 16.215016 0.000000 -1.112364 99.885785 -0.227472 2.895016 0.001440 
613 17.556376 0.000000 0.199975 100.059814 -0.609174 1.563760 -0.001478 
614 16.215016 0.000000 1.512313 100.142743 0.419100 0.597524 -0.002910 
615 14.202976 0.000000 0.856144 100.006232 1.563483 -2.461314 -0.000975 
616 14.202976 0.000000 0.199975 99.934822 -0.596320 0.700398 0.001219 
617 14.873656 0.000000 0.856144 100.076889 1.505225 -2.439499 -0.002360 
618 14.202976 0.000000 1.512313 100.062006 0.400324 0.593368 -0.001292 
619 20.239096 0.000000 4.136991 100.095621 0.197807 2.602288 -0.002594 
620 22.921817 0.000000 4.136991 100.084771 0.264020 2.535264 -0.002346 
621 20.239096 0.000000 6.761668 100.031819 0.084391 4.007254 -0.002243 
622 16.215016 0.000000 2.824652 100.116156 0.120575 1.791786 -0.002647 
623 17.556376 0.000000 2.824652 100.121403 0.151657 1.773124 -0.002746 
624 16.215016 0.000000 4.136991 100.111993 0.169651 2.656141 -0.002950 
625 15.544336 0.000000 0.856144 100.134581 1.505708 -2.566439 -0.003579 
626 15.544336 0.000000 0.199975 100.030983 -0.597201 0.990205 -0.000753 
627 16.215016 0.000000 0.856144 100.153969 1.635552 -2.676699 -0.004066 
628 15.544336 0.000000 1.512313 100.121934 0.413702 0.606638 -0.002494 
629 14.202976 0.000000 2.168483 100.092419 0.220428 1.241753 -0.002008 
630 13.532296 0.000000 2.168483 100.085526 0.211670 1.211576 -0.001863 
631 14.873656 0.000000 2.168483 100.101632 0.227202 1.273174 -0.002201 
632 14.202976 0.000000 2.824652 100.115554 0.140667 1.747439 -0.002620 
633 14.538316 0.000000 1.184229 100.060625 0.726646 -0.038118 -0.001266 
634 14.202976 0.000000 1.184229 100.040501 0.713559 -0.080833 -0.000862 
635 14.538316 0.000000 0.856144 100.035915 1.532606 -2.432827 -0.001545 
636 14.873656 0.000000 1.184229 100.084786 0.737182 -0.016782 -0.001751 
637 14.538316 0.000000 1.512313 100.075288 0.402991 0.616500 -0.001561 
638 18.897736 0.000000 0.199975 100.054032 -0.597308 1.885916 -0.001472 
639 18.897736 0.000000 -1.112364 99.945503 -0.226815 3.008683 0.000179 
640 20.239096 0.000000 0.199975 100.048417 -0.540955 2.205034 -0.001484 
641 18.897736 0.000000 1.512313 100.186020 0.437058 0.441337 -0.003762 
642 16.885696 0.000000 0.856144 100.173259 1.842384 -2.584580 -0.004476 
643 16.885696 0.000000 0.199975 100.058106 -0.606827 1.383708 -0.001391 
644 17.556376 0.000000 0.856144 100.203546 1.808385 -2.329550 -0.004945 
645 16.885696 0.000000 1.512313 100.156705 0.423112 0.571552 -0.003187 
646 18.897736 0.000000 2.824652 100.124839 0.173485 1.738910 -0.002804 
647 20.239096 0.000000 2.824652 100.133085 0.167977 1.711786 -0.002959 
648 18.897736 0.000000 4.136991 100.092948 0.182629 2.629020 -0.002554 
649 18.227056 0.000000 0.856144 100.229539 1.614137 -2.214524 -0.005347 
650 18.227056 0.000000 0.199975 100.057708 -0.607563 1.726722 -0.001490 
651 18.897736 0.000000 0.856144 100.305939 1.445426 -2.233614 -0.006836 
652 18.227056 0.000000 1.512313 100.177259 0.428223 0.489758 -0.003591 
653 33.652697 0.000000 -3.737042 99.892237 -0.087346 4.696227 -0.000052 
654 33.652697 0.000000 -8.986396 99.795561 -0.044259 5.890910 0.000614 
655 39.018138 0.000000 -3.737042 99.890480 -0.082015 4.836672 -0.000151 
656 33.652697 0.000000 1.512313 100.194925 -0.977024 0.621227 -0.004036 
657 25.604537 0.000000 -1.112364 99.983861 -0.193779 3.240905 -0.000731 
658 25.604537 0.000000 -3.737042 99.879470 -0.095145 4.446180 0.000431 
659 28.287257 0.000000 -1.112364 99.985335 -0.181617 3.343338 -0.000828 
660 25.604537 0.000000 1.512313 100.276908 1.003392 -0.625278 -0.005686 
661 21.580457 0.000000 0.199975 100.033692 -0.489650 2.461272 -0.001304 
662 21.580457 0.000000 -1.112364 99.967560 -0.215868 3.106769 -0.000321 
663 22.921817 0.000000 0.199975 100.024803 -0.443090 2.676986 -0.001232 
664 21.580457 0.000000 1.512313 100.213384 0.550241 0.186504 -0.004306 
665 19.568416 0.000000 0.856144 100.407129 1.434313 -2.865598 -0.009186 
666 19.568416 0.000000 0.199975 100.052452 -0.570274 2.049029 -0.001502 
667 20.239096 0.000000 0.856144 100.484460 1.100113 -3.843577 -0.011311 
668 19.568416 0.000000 1.512313 100.191272 0.468025 0.407731 -0.003868 
669 18.227056 0.000000 2.168483 100.143909 0.243058 1.229328 -0.003037 
670 17.556376 0.000000 2.168483 100.138930 0.240572 1.252380 -0.002943 
671 18.897736 0.000000 2.168483 100.147510 0.247494 1.207142 -0.003104 
672 18.227056 0.000000 2.824652 100.123814 0.162019 1.752930 -0.002788 
673 18.562396 0.000000 1.184229 100.209372 0.720074 -0.183509 -0.004247 
674 18.227056 0.000000 1.184229 100.204179 0.723571 -0.146064 -0.004142 
675 18.562396 0.000000 0.856144 100.242038 1.521033 -2.207456 -0.005565 
676 18.897736 0.000000 1.184229 100.220410 0.725612 -0.218303 -0.004470 
677 18.562396 0.000000 1.512313 100.180696 0.431649 0.462151 -0.003657 
678 -14.636266 0.000000 -61.479944 99.735080 -0.002393 6.965364 0.000440 
679 -36.098028 0.000000 -61.479944 99.742081 -0.001498 6.974309 0.000288 
680 -14.636266 0.000000 -82.477363 99.743768 -0.002045 6.968209 0.000262 
681 71.210780 0.000000 -61.479944 99.751149 -0.006472 6.930524 0.000168 
682 71.210780 0.000000 -82.477363 99.751175 -0.004577 6.950313 0.000140 
683 92.672542 0.000000 -61.479944 99.754291 -0.006729 6.931960 0.000103 
684 -14.636266 0.000000 64.504570 99.779470 0.002746 6.963858 -0.000444 
685 -36.098028 0.000000 64.504570 99.771979 0.001779 6.973406 -0.000308 
686 -14.636266 0.000000 85.501989 99.770223 0.002334 6.967204 -0.000264 
687 -3.905385 0.000000 -29.983815 99.667203 -0.004585 6.928425 0.001845 
688 -14.636266 0.000000 -29.983815 99.695346 -0.002759 6.967227 0.001230 
689 -3.905385 0.000000 -40.482525 99.704635 -0.003883 6.942761 0.001078 
690 71.210780 0.000000 64.504570 99.767630 0.007611 6.917630 -0.000143 
691 92.672542 0.000000 64.504570 99.764913 0.008213 6.914407 -0.000085 
692 71.210780 0.000000 85.501989 99.764751 0.005303 6.944650 -0.000123 
693 39.018138 0.000000 -29.983815 99.737509 -0.013026 6.797747 0.000622 
694 39.018138 0.000000 -40.482525 99.736869 -0.009148 6.874360 0.000530 
695 49.749019 0.000000 -29.983815 99.749091 -0.013612 6.803808 0.000383 
696 -3.905385 0.000000 33.008442 99.849944 0.005015 6.923441 -0.001795 
697 -14.636266 0.000000 33.008442 99.821293 0.003324 6.962587 -0.001277 
698 -3.905385 0.000000 43.507151 99.811623 0.004417 6.939334 -0.001051 
699 1.460055 0.000000 -14.235751 99.393557 -0.007479 6.743470 0.007545 
700 -3.905385 0.000000 -14.235751 99.486661 -0.004687 6.922121 0.005449 
701 1.460055 0.000000 -19.485106 99.545498 -0.006944 6.822734 0.004414 
702 39.018138 0.000000 33.008442 99.798090 0.014768 6.755497 -0.000530 
703 49.749019 0.000000 33.008442 99.788238 0.016007 6.744247 -0.000318 
704 39.018138 0.000000 43.507151 99.787932 0.010324 6.855112 -0.000462 
705 22.921817 0.000000 -14.235751 99.694961 -0.026442 6.320753 0.002096 
706 22.921817 0.000000 -19.485106 99.688845 -0.018281 6.585062 0.001877 
707 28.287257 0.000000 -14.235751 99.733520 -0.027999 6.343804 0.001298 
708 1.460055 0.000000 17.260377 100.112990 0.008445 6.735634 -0.006798 
709 -3.905385 0.000000 17.260377 100.027381 0.005623 6.903772 -0.005314 
710 1.460055 0.000000 22.509732 99.970587 0.007708 6.816217 -0.004058 
711 4.142775 0.000000 -6.361719 98.459926 -0.009582 5.923291 0.027056 
712 1.460055 0.000000 -6.361719 98.599821 -0.006013 6.615234 0.023431 
713 4.142775 0.000000 -8.986396 98.967198 -0.010222 6.284846 0.016599 
714 22.921817 0.000000 17.260377 99.895815 0.027367 6.229181 -0.001798 
715 28.287257 0.000000 17.260377 99.863854 0.030071 6.199215 -0.001122 
716 22.921817 0.000000 22.509732 99.866790 0.019281 6.537165 -0.001611 
717 14.873656 0.000000 -6.361719 99.583609 -0.050977 5.013504 0.005797 
718 14.873656 0.000000 -8.986396 99.554810 -0.034816 5.664566 0.005675 
719 17.556376 0.000000 -6.361719 99.688013 -0.056091 5.081673 0.003647 
720 4.142775 0.000000 9.386345 100.895805 0.012592 6.023307 -0.021624 
721 1.460055 0.000000 9.386345 100.788123 0.008853 6.562945 -0.020132 
722 4.142775 0.000000 12.011023 100.486219 0.012379 6.326045 -0.013750 
723 5.484135 0.000000 -2.424703 96.800406 -0.005879 3.290348 0.061885 
724 4.142775 0.000000 -2.424703 95.982479 -0.004479 4.683506 0.076543 
725 5.484135 0.000000 -3.737042 97.577185 -0.010212 4.395734 0.045937 
726 33.652697 0.000000 -14.235751 99.754992 -0.028534 6.370525 0.000836 
727 33.652697 0.000000 -19.485106 99.736526 -0.020287 6.595841 0.000912 
728 39.018138 0.000000 -14.235751 99.767103 -0.028637 6.396238 0.000561 
729 20.239096 0.000000 -6.361719 99.747344 -0.057046 5.144044 0.002400 
730 20.239096 0.000000 -8.986396 99.698464 -0.039672 5.715722 0.002755 
731 22.921817 0.000000 -6.361719 99.784435 -0.059882 5.216123 0.001585 
732 25.604537 0.000000 -6.361719 99.805906 -0.061411 5.278175 0.001092 
733 25.604537 0.000000 -8.986396 99.760406 -0.044287 5.790674 0.001433 
734 28.287257 0.000000 -6.361719 99.819649 -0.061006 5.335486 0.000757 
735 13.532296 0.000000 -2.424703 99.686064 -0.116506 3.171203 0.005262 
736 13.532296 0.000000 -3.737042 99.597816 -0.078815 3.888581 0.006515 
737 14.873656 0.000000 -2.424703 99.761941 -0.127103 3.282067 0.003677 
738 16.215016 0.000000 -2.424703 99.816495 -0.133862 3.381392 0.002522 
739 16.215016 0.000000 -3.737042 99.742620 -0.091789 4.045908 0.003503 
740 17.556376 0.000000 -2.424703 99.854104 -0.136634 3.465466 0.001713 
741 7.496176 0.000000 -0.456195 98.698683 -0.000648 0.649592 0.025815 
742 6.825495 0.000000 -0.456195 98.010553 0.000072 0.208362 0.039389 
743 7.496176 0.000000 -1.112364 98.414317 -0.007167 1.363613 0.031276 
744 33.652697 0.000000 6.761668 100.000136 0.106058 3.656536 -0.001341 
745 39.018138 0.000000 6.761668 100.007483 0.115999 3.478249 -0.001361 
746 33.652697 0.000000 12.011023 99.889438 0.050293 5.436308 -0.000746 
747 33.652697 0.000000 17.260377 99.846168 0.032010 6.171799 -0.000735 
748 39.018138 0.000000 17.260377 99.836746 0.033675 6.142556 -0.000511 
749 33.652697 0.000000 22.509732 99.827315 0.023145 6.498432 -0.000772 
750 25.604537 0.000000 4.136991 100.083510 0.154763 2.470908 -0.002284 
751 28.287257 0.000000 4.136991 100.087356 0.071870 2.352173 -0.002302 
752 25.604537 0.000000 6.761668 100.004736 0.093289 3.887576 -0.001607 
753 20.239096 0.000000 9.386345 99.997116 0.056106 4.959023 -0.002402 
754 22.921817 0.000000 9.386345 99.969890 0.058075 4.918251 -0.001817 
755 20.239096 0.000000 12.011023 99.969493 0.039855 5.577083 -0.002500 
756 16.215016 0.000000 5.449329 100.108861 0.103606 3.401092 -0.003336 
757 17.556376 0.000000 5.449329 100.084830 0.105871 3.403363 -0.002857 
758 16.215016 0.000000 6.761668 100.101082 0.068106 4.050262 -0.003664 
759 9.843556 0.000000 -0.128110 99.850312 -0.023187 1.184695 0.002851 
760 9.843556 0.000000 -0.456195 99.697374 -0.038532 1.881864 0.005689 
761 12.861616 0.000000 -0.456195 99.798907 -0.295008 2.419633 0.003424 
762 12.861616 0.000000 -1.112364 99.748916 -0.199527 2.670918 0.004298 
763 13.532296 0.000000 -0.456195 99.833195 -0.302722 2.476903 0.002711 
764 14.202976 0.000000 -0.456195 99.861581 -0.306718 2.539196 0.002112 
765 14.202976 0.000000 -1.112364 99.820957 -0.218217 2.783348 0.002798 
766 14.873656 0.000000 -0.456195 99.880773 -0.309256 2.602882 0.001696 
767 10.346566 0.000000 0.364017 99.752872 -0.024743 -0.173478 0.004933 
768 10.178896 0.000000 0.364017 99.846277 0.015886 -0.183835 0.003069 
769 10.346566 0.000000 0.199975 99.781663 -0.065190 0.395595 0.004346 
770 11.184916 0.000000 -0.128110 99.747435 -0.286432 1.476256 0.004819 
771 11.184916 0.000000 -0.456195 99.708235 -0.202167 2.245761 0.005318 
772 11.520256 0.000000 -0.128110 99.767330 -0.337937 1.517876 0.004406 
773 11.017246 0.000000 0.364017 99.748405 -0.595790 -0.457937 0.004969 
774 11.017246 0.000000 0.199975 99.752579 -0.415434 0.334858 0.004914 
775 11.184916 0.000000 0.364017 99.788758 -0.678465 -0.441335 0.004155 
776 5.484135 0.000000 2.824652 104.346631 0.007406 0.257542 -0.088829 
777 4.142775 0.000000 2.824652 106.868854 0.004087 3.111841 -0.143064 
778 5.484135 0.000000 4.136991 103.073627 0.011251 2.853539 -0.063232 
779 5.484135 0.000000 5.449329 102.228318 0.014438 4.113042 -0.046755 
780 4.142775 0.000000 5.449329 102.527810 0.010516 5.064337 -0.053760 
781 5.484135 0.000000 6.761668 101.688646 0.015335 4.875772 -0.036435 
782 7.496176 0.000000 2.168483 100.966339 0.014482 -0.790795 -0.019483 
783 6.825495 0.000000 2.168483 101.638132 0.010634 -1.326470 -0.033207 
784 7.496176 0.000000 2.824652 101.315959 0.019948 0.273365 -0.026500 
785 8.837536 0.000000 3.480821 100.759796 0.039414 1.486865 -0.015475 
786 8.166856 0.000000 3.480821 101.063337 0.028768 1.351455 -0.021563 
787 8.837536 0.000000 4.136991 100.873782 0.037129 2.143945 -0.018012 
788 7.496176 0.000000 3.480821 101.479030 0.025300 1.244764 -0.029954 
789 6.825495 0.000000 3.480821 102.014612 0.019364 1.264436 -0.040858 
790 7.496176 0.000000 4.136991 101.518865 0.027241 2.063197 -0.031034 
791 12.861616 0.000000 2.168483 100.085666 0.196497 1.163904 -0.001853 
792 12.861616 0.000000 2.824652 100.135771 0.161058 1.671675 -0.002999 
793 12.861616 0.000000 3.480821 100.176497 0.117559 2.133518 -0.003990 
794 13.532296 0.000000 3.480821 100.153267 -0.046721 2.188859 -0.003547 
795 12.861616 0.000000 4.136991 100.207877 0.136012 2.565126 -0.004822 
796 9.675886 0.000000 0.364017 100.194812 0.035676 -0.339936 -0.003912 
797 9.675886 0.000000 0.199975 100.085387 0.014812 0.149117 -0.001711 
798 9.843556 0.000000 0.364017 100.067395 0.036544 -0.208426 -0.001353 
799 10.011226 0.000000 0.364017 99.952211 0.032082 -0.180292 0.000952 
800 10.011226 0.000000 0.199975 99.917000 -0.000338 0.328324 0.001649 
801 10.430401 0.000000 0.610080 99.496353 0.136263 -1.040014 0.009938 
802 10.346566 0.000000 0.610080 99.628521 0.139616 -0.979014 0.007318 
803 10.430401 0.000000 0.528059 99.587324 0.045590 -0.988599 0.008139 
804 10.723823 0.000000 0.897154 102.235869 0.000000 -1.847679 -0.045559 
805 10.765741 0.000000 0.897154 102.186274 0.000000 -2.231052 -0.044701 
806 10.723823 0.000000 0.938165 101.241425 0.000000 -1.479863 -0.025202 
807 10.702865 0.000000 0.835639 102.041821 0.224030 -1.460452 -0.041472 
808 10.723823 0.000000 0.835639 101.870717 0.244980 -1.413273 -0.037970 
809 10.702865 0.000000 0.856144 102.307497 0.153773 -1.775302 -0.047000 
810 10.262731 0.000000 0.938165 99.993757 -0.000000 0.039654 0.000125 
811 10.178896 0.000000 0.938165 99.891371 0.000000 0.045795 0.002171 
812 10.262731 0.000000 1.020186 99.951263 -0.000000 0.013755 0.000974 
813 10.556153 0.000000 0.897154 100.884341 -0.000000 -0.085960 -0.017766 
814 10.514236 0.000000 0.897154 100.660760 -0.000000 -0.014373 -0.013259 
815 10.556153 0.000000 0.938165 100.748065 -0.000000 -0.253517 -0.015024 
816 10.472318 0.000000 0.733112 99.872161 0.264062 0.000000 0.002548 
817 10.430401 0.000000 0.733112 99.871679 0.234040 0.000000 0.002559 
818 10.472318 0.000000 0.692102 99.281857 0.322867 -0.650706 0.014259 
819 10.472318 0.000000 0.897154 100.469578 -0.000000 -0.035888 -0.009414 
820 10.430401 0.000000 0.897154 100.369405 -0.000000 0.005001 -0.007402 
821 10.472318 0.000000 0.938165 100.438255 -0.000000 -0.061277 -0.008785 
822 10.095061 0.000000 0.938165 99.804396 0.000000 0.067232 0.003908 
823 10.011226 0.000000 0.938165 99.736191 0.000000 0.105226 0.005268 
824 10.095061 0.000000 1.020186 99.767691 0.000000 0.084282 0.004640 
825 8.502196 0.000000 -0.128110 99.552979 -0.004325 0.155608 0.008918 
826 8.166856 0.000000 -0.128110 99.344347 -0.001979 -0.045551 0.013070 
827 8.502196 0.000000 -0.456195 99.359426 -0.008646 1.123712 0.012644 
828 9.592051 0.000000 0.610080 100.447279 0.050435 -1.119390 -0.009091 
829 9.592051 0.000000 0.528059 100.393097 0.058355 -1.045201 -0.007987 
830 9.675886 0.000000 0.610080 100.327267 0.058885 -1.074682 -0.006672 
831 9.759721 0.000000 0.610080 100.220661 0.067787 -1.031385 -0.004525 
832 9.759721 0.000000 0.528059 100.195372 0.070217 -0.954638 -0.004003 
833 9.843556 0.000000 0.610080 100.127015 0.077237 -0.969891 -0.002637 
834 9.759721 0.000000 0.938165 99.421956 -0.000000 0.004236 0.011527 
835 9.843556 0.000000 0.938165 99.544958 0.000000 0.003795 0.009080 
836 9.759721 0.000000 1.020186 99.413130 -0.000000 -0.034701 0.011703 
837 9.256711 0.000000 0.610080 101.165834 0.018925 -1.561116 -0.023696 
838 9.256711 0.000000 0.528059 100.932976 0.035628 -1.518068 -0.018977 
839 9.466298 0.000000 0.815133 99.408220 0.019026 -0.060279 0.011800 
840 9.466298 0.000000 0.774123 99.505602 0.023336 -0.053273 0.009863 
841 9.466298 0.000000 0.856144 99.166166 0.009954 -0.087004 0.016606 
842 8.669866 0.000000 0.364017 100.008860 0.008629 -1.879583 -0.000530 
843 8.502196 0.000000 0.364017 99.818156 0.004631 -1.959568 0.003250 
844 8.669866 0.000000 0.199975 99.896990 0.005735 -1.055971 0.001948 
845 9.298628 0.000000 0.733112 99.815836 0.022472 0.000000 0.003680 
846 9.256711 0.000000 0.733112 99.815272 0.020877 0.000000 0.003691 
847 9.298628 0.000000 0.692102 101.207536 0.032239 -0.862925 -0.024371 
848 9.130958 0.000000 0.733112 99.805435 0.013411 0.000000 0.003887 
849 9.130958 0.000000 0.692102 102.119304 0.016991 -1.518158 -0.043066 
850 9.172876 0.000000 0.733112 99.809672 0.016232 0.000000 0.003803 
851 9.047123 0.000000 0.897154 96.404258 0.000000 -2.008676 0.070218 
852 9.089041 0.000000 0.897154 96.831524 0.000000 -1.147164 0.062234 
853 9.047123 0.000000 0.938165 97.214009 0.000000 -1.708194 0.054652 
854 9.130958 0.000000 0.897154 97.293753 -0.000000 -0.697053 0.053344 
855 9.172876 0.000000 0.897154 97.660320 0.000000 -0.516032 0.046220 
856 9.130958 0.000000 0.938165 97.460828 0.000000 -0.961610 0.050046 
857 9.026164 0.000000 0.835639 98.012316 0.003960 -1.047523 0.039249 
858 9.047123 0.000000 0.835639 98.454321 0.005226 -0.600297 0.030639 
859 9.026164 0.000000 0.856144 97.125936 0.002685 -1.520563 0.056424 
860 11.184916 0.000000 3.152737 100.240384 0.056599 1.747594 -0.005119 
861 11.184916 0.000000 2.824652 100.193451 0.053798 1.495711 -0.004097 
862 11.520256 0.000000 3.152737 100.218837 0.076631 1.787559 -0.004702 
863 8.837536 0.000000 4.793160 100.901132 0.039045 2.750050 -0.018860 
864 8.166856 0.000000 4.793160 101.190518 0.034485 2.705541 -0.024684 
865 8.837536 0.000000 5.449329 100.885647 0.037323 3.278932 -0.018867 
866 12.861616 0.000000 4.793160 100.231982 0.102770 2.976350 -0.005532 
867 13.532296 0.000000 4.793160 100.192919 0.109762 3.003726 -0.004766 
868 12.861616 0.000000 5.449329 100.246776 0.077788 3.354211 -0.006067 
869 18.897736 0.000000 -2.424703 99.883371 -0.135923 3.546203 0.001072 
870 18.897736 0.000000 -3.737042 99.813900 -0.100635 4.169873 0.001979 
871 20.239096 0.000000 -2.424703 99.898664 -0.139980 3.607882 0.000722 
872 21.580457 0.000000 -2.424703 99.910027 -0.133294 3.684783 0.000439 
873 21.580457 0.000000 -3.737042 99.852140 -0.094906 4.286721 0.001117 
874 22.921817 0.000000 -2.424703 99.918823 -0.132790 3.747150 0.000217 
875 15.544336 0.000000 -0.456195 99.896981 -0.312488 2.675000 0.001334 
876 15.544336 0.000000 -1.112364 99.863034 -0.225797 2.868868 0.001909 
877 16.215016 0.000000 -0.456195 99.918838 -0.317986 2.751445 0.000855 
878 16.885696 0.000000 -0.456195 99.936915 -0.321329 2.816663 0.000458 
879 16.885696 0.000000 -1.112364 99.907525 -0.226002 2.917665 0.000992 
880 17.556376 0.000000 -0.456195 99.950460 -0.321716 2.875947 0.000153 
881 21.580457 0.000000 2.824652 100.131336 0.164384 1.650964 -0.002904 
882 22.921817 0.000000 2.824652 100.132903 0.165013 1.612797 -0.002923 
883 21.580457 0.000000 4.136991 100.087278 0.216993 2.566576 -0.002410 
884 18.897736 0.000000 5.449329 100.072433 0.114048 3.390417 -0.002600 
885 20.239096 0.000000 5.449329 100.061662 0.112254 3.360259 -0.002364 
886 18.897736 0.000000 6.761668 100.051947 0.080619 4.017911 -0.002654 
887 15.544336 0.000000 2.168483 100.114913 0.232284 1.270582 -0.002466 
888 16.215016 0.000000 2.168483 100.124543 0.235788 1.279264 -0.002662 
889 15.544336 0.000000 2.824652 100.115295 0.157092 1.771843 -0.002624 
890 16.885696 0.000000 2.168483 100.131664 0.238443 1.272261 -0.002803 
891 16.885696 0.000000 2.824652 100.119789 0.138699 1.782815 -0.002717 
892 18.227056 0.000000 -0.456195 99.960981 -0.323651 2.913488 -0.000079 
893 18.227056 0.000000 -1.112364 99.936827 -0.227824 2.982322 0.000368 
894 18.897736 0.000000 -0.456195 99.965696 -0.322438 2.953491 -0.000197 
895 19.568416 0.000000 -0.456195 99.972606 -0.316972 2.982954 -0.000352 
896 19.568416 0.000000 -1.112364 99.957073 -0.224234 3.036547 -0.000069 
897 20.239096 0.000000 -0.456195 99.979770 -0.314176 3.003375 -0.000507 
898 19.568416 0.000000 2.168483 100.150244 0.247051 1.178390 -0.003152 
899 20.239096 0.000000 2.168483 100.159538 0.259848 1.155193 -0.003334 
900 19.568416 0.000000 2.824652 100.120575 0.204727 1.794717 -0.002739 
901 25.604537 0.000000 9.386345 99.950903 0.062260 4.883931 -0.001404 
902 28.287257 0.000000 9.386345 99.940532 0.064199 4.838368 -0.001152 
903 25.604537 0.000000 12.011023 99.916620 0.045709 5.528869 -0.001390 
904 14.202976 0.000000 3.480821 100.135156 0.043872 2.217952 -0.003197 
905 14.873656 0.000000 3.480821 100.124322 0.105339 2.228543 -0.002986 
906 14.202976 0.000000 4.136991 100.150737 0.153014 2.623629 -0.003708 
907 10.262731 0.000000 0.610080 99.734655 0.131822 -0.992011 0.005200 
908 10.178896 0.000000 0.610080 99.823503 0.120738 -0.989563 0.003427 
909 10.262731 0.000000 0.528059 99.755947 0.086972 -0.928211 0.004788 
910 10.388483 0.000000 0.733112 99.871936 0.193759 0.000000 0.002556 
911 10.346566 0.000000 0.733112 99.870645 0.177285 0.000000 0.002582 
912 10.388483 0.000000 0.692102 99.501970 0.262281 -0.562911 0.009897 
913 10.388483 0.000000 0.897154 100.256963 -0.000000 0.037769 -0.005146 
914 10.346566 0.000000 0.897154 100.162978 -0.000000 0.058596 -0.003263 
915 10.388483 0.000000 0.938165 100.226994 -0.000000 0.011629 -0.004545 
916 9.927391 0.000000 0.610080 100.042476 0.087628 -0.961672 -0.000943 
917 9.927391 0.000000 0.528059 100.036799 0.081222 -0.878602 -0.000814 
918 10.011226 0.000000 0.610080 99.967978 0.098292 -0.980161 0.000543 
919 10.095061 0.000000 0.610080 99.899936 0.109496 -0.968959 0.001905 
920 10.095061 0.000000 0.528059 99.900284 0.089776 -0.885155 0.001914 
921 9.927391 0.000000 0.938165 99.650145 0.000000 0.059199 0.006985 
922 9.927391 0.000000 1.020186 99.612862 0.000000 0.031561 0.007728 
923 9.466298 0.000000 0.733112 99.830278 0.035523 0.000000 0.003391 
924 9.466298 0.000000 0.692102 100.712071 0.048199 -0.748185 -0.014348 
925 9.508216 0.000000 0.733112 99.831715 0.037806 0.000000 0.003363 
926 9.214793 0.000000 0.733112 99.813115 0.018416 0.000000 0.003734 
927 9.214793 0.000000 0.692102 101.600293 0.024571 -1.060942 -0.032375 
928 9.214793 0.000000 0.897154 97.887816 0.000000 -0.333727 0.041786 
929 9.256711 0.000000 0.897154 98.167424 0.000000 -0.251990 0.036309 
930 9.214793 0.000000 0.938165 98.091011 0.000000 -0.485578 0.037792 
931 9.298628 0.000000 0.897154 98.340141 0.000000 -0.160235 0.032919 
932 9.340546 0.000000 0.897154 98.556770 0.000000 -0.072226 0.028656 
933 9.298628 0.000000 0.938165 98.443619 0.000000 -0.269551 0.030878 
934 9.068082 0.000000 0.835639 98.449560 0.005302 -0.471810 0.030746 
935 9.089041 0.000000 0.835639 98.411126 0.006619 -0.309791 0.031515 
936 9.068082 0.000000 0.856144 98.045768 0.004117 -0.629734 0.038663 
937 7.496176 0.000000 4.793160 101.494700 0.027693 2.764653 -0.030882 
938 6.825495 0.000000 4.793160 101.812825 0.019497 2.936821 -0.037448 
939 7.496176 0.000000 5.449329 101.407065 0.027351 3.369033 -0.029474 
940 14.202976 0.000000 4.793160 100.163219 0.116084 3.017809 -0.004179 
941 14.873656 0.000000 4.793160 100.141416 0.119650 3.032164 -0.003751 
942 14.202976 0.000000 5.449329 100.171463 0.092977 3.386821 -0.004580 
943 21.580457 0.000000 5.449329 100.052833 0.116643 3.322368 -0.002162 
944 22.921817 0.000000 5.449329 100.046611 0.120364 3.300280 -0.002023 
945 21.580457 0.000000 6.761668 100.023559 0.086999 3.977091 -0.002054 
946 15.544336 0.000000 3.480821 100.116954 0.159473 2.250092 -0.002849 
947 16.215016 0.000000 3.480821 100.111830 0.234980 2.280803 -0.002764 
948 15.544336 0.000000 4.136991 100.120468 0.165174 2.653269 -0.003118 
949 15.544336 0.000000 4.793160 100.123457 0.123205 3.044501 -0.003399 
950 16.215016 0.000000 4.793160 100.109890 0.126655 3.050102 -0.003131 
951 15.544336 0.000000 5.449329 100.125316 0.099091 3.396528 -0.003663 
952 9.550133 0.000000 0.733112 99.833110 0.039532 0.000000 0.003335 
953 9.550133 0.000000 0.692102 100.573821 0.057522 -0.694155 -0.011558 
954 9.592051 0.000000 0.733112 99.834470 0.041215 0.000000 0.003308 
955 9.382463 0.000000 0.897154 98.723196 0.000000 -0.123536 0.025372 
956 9.424381 0.000000 0.897154 98.901123 0.000000 -0.130878 0.021855 
957 9.382463 0.000000 0.938165 98.732210 0.000000 -0.185441 0.025192 
958 9.466298 0.000000 0.897154 98.917559 0.000000 -0.137493 0.021530 
959 9.508216 0.000000 0.897154 98.964766 0.000000 -0.138825 0.020596 
960 9.466298 0.000000 0.938165 98.921219 0.000000 -0.158750 0.021457 
961 16.885696 0.000000 3.480821 100.111221 0.113512 2.241889 -0.002730 
962 17.556376 0.000000 3.480821 100.109018 0.126667 2.230690 -0.002681 
963 16.885696 0.000000 4.136991 100.104797 0.173765 2.657295 -0.002806 
964 18.227056 0.000000 3.480821 100.107554 0.012757 2.263346 -0.002665 
965 18.897736 0.000000 3.480821 100.106545 0.073689 2.230359 -0.002630 
966 18.227056 0.000000 4.136991 100.096539 0.178648 2.642515 -0.002633 
967 16.885696 0.000000 4.793160 100.100415 0.128568 3.036679 -0.002933 
968 17.556376 0.000000 4.793160 100.092404 0.129476 3.032525 -0.002770 
969 16.885696 0.000000 5.449329 100.095623 0.103347 3.405439 -0.003074 
970 18.227056 0.000000 4.793160 100.085689 0.131678 3.034799 -0.002637 
971 18.897736 0.000000 4.793160 100.080086 0.132874 3.020177 -0.002516 
972 18.227056 0.000000 5.449329 100.075842 0.107373 3.392118 -0.002669 
1 1 12 10 11 
2 11 10 14 6 
3 6 14 19 20 
4 20 19 22 4 
5 10 25 23 24 
6 24 23 27 14 
7 14 27 35 36 
8 36 35 38 19 
9 23 41 39 40 
10 40 39 43 27 
11 27 43 51 52 
12 52 51 54 35 
13 39 57 55 56 
14 56 55 59 43 
15 43 59 67 68 
16 68 67 70 51 
17 55 73 71 72 
18 72 71 75 59 
19 15 84 83 33 
20 84 17 85 83 
21 83 85 8 86 
22 33 83 86 18 
23 88 33 89 87 
24 87 89 18 90 
25 18 86 112 45 
26 86 8 113 112 
27 112 113 29 114 
28 45 112 114 28 
29 90 18 116 115 
30 115 116 45 117 
31 7 135 133 134 
32 135 16 136 133 
33 133 136 15 32 
34 134 133 32 13 
35 13 139 137 138 
36 139 32 140 137 
37 137 140 31 48 
38 138 137 48 26 
39 26 143 141 142 
40 143 48 144 141 
41 141 144 47 64 
42 142 141 64 42 
43 42 147 145 146 
44 147 64 148 145 
45 145 148 63 80 
46 146 145 80 58 
47 80 151 149 150 
48 151 63 152 149 
49 149 152 81 105 
50 150 149 105 79 
51 79 155 153 154 
52 155 105 156 153 
53 162 106 163 161 
54 161 163 66 164 
55 105 171 170 156 
56 171 81 172 170 
57 170 172 106 162 
58 174 162 175 173 
59 173 175 161 176 
60 59 75 177 178 
61 178 177 179 67 
62 82 132 183 184 
63 132 107 185 183 
64 183 185 124 186 
65 184 183 186 125 
66 187 189 107 190 
67 188 187 190 132 
68 107 164 199 185 
69 164 66 200 199 
70 199 200 126 201 
71 185 199 201 124 
72 176 161 203 202 
73 202 203 164 204 
74 189 202 204 107 
75 168 206 205 194 
76 206 173 207 205 
77 205 207 176 208 
78 194 205 208 131 
79 209 211 189 212 
80 210 209 212 187 
81 215 194 216 213 
82 213 216 131 217 
83 131 208 234 211 
84 208 176 235 234 
85 234 235 202 236 
86 211 234 236 189 
87 217 131 239 237 
88 237 239 211 240 
89 238 237 240 209 
90 243 213 244 241 
91 241 244 217 245 
92 246 188 132 248 
93 247 246 248 82 
94 249 210 187 251 
95 250 249 251 188 
96 252 238 209 254 
97 253 252 254 210 
98 230 257 255 256 
99 256 255 258 233 
100 153 261 259 260 
101 261 156 262 259 
102 259 262 103 167 
103 260 259 167 130 
104 167 265 263 264 
105 265 103 266 263 
106 263 266 168 193 
107 264 263 193 165 
108 193 269 267 268 
109 269 168 270 267 
110 267 270 194 215 
111 268 267 215 191 
112 191 273 271 272 
113 273 215 274 271 
114 271 274 213 243 
115 272 271 243 214 
116 214 277 275 276 
117 277 243 278 275 
118 275 278 241 279 
119 276 275 279 242 
120 165 282 280 281 
121 282 193 268 280 
122 280 268 191 232 
123 281 280 232 192 
124 232 285 283 284 
125 285 191 272 283 
126 283 272 214 257 
127 284 283 257 230 
128 257 288 286 287 
129 288 214 276 286 
130 287 286 289 255 
131 233 258 290 291 
132 258 195 292 290 
133 290 292 238 293 
134 291 290 293 252 
135 255 289 294 295 
136 289 242 296 294 
137 294 296 195 297 
138 295 294 297 258 
139 286 300 298 299 
140 300 276 301 298 
141 298 301 242 302 
142 299 298 302 289 
143 309 230 256 307 
144 307 256 233 310 
145 308 307 310 169 
146 311 253 210 313 
147 312 311 313 249 
148 303 316 314 315 
149 316 231 308 314 
150 314 308 169 317 
151 315 314 317 306 
152 192 320 318 319 
153 320 232 284 318 
154 318 284 230 309 
155 319 318 309 231 
156 231 323 321 322 
157 323 309 324 321 
158 321 324 307 325 
159 322 321 325 308 
160 227 332 330 331 
161 332 226 304 330 
162 330 304 229 333 
163 331 330 333 128 
164 304 336 334 335 
165 336 303 315 334 
166 334 315 306 337 
167 335 334 337 229 
168 338 250 188 340 
169 339 338 340 246 
170 326 343 341 342 
171 343 227 331 341 
172 341 331 128 344 
173 342 341 344 329 
174 58 347 345 346 
175 347 80 150 345 
176 345 150 79 110 
177 346 345 110 74 
178 110 350 348 349 
179 350 79 154 348 
180 327 361 359 360 
181 361 326 342 359 
182 359 342 329 362 
183 360 359 362 225 
184 111 221 363 364 
185 221 82 184 363 
186 363 184 125 365 
187 364 363 365 180 
188 366 247 82 368 
189 367 366 368 221 
190 369 339 246 371 
191 370 369 371 247 
192 355 374 372 373 
193 374 327 360 372 
194 372 360 225 375 
195 373 372 375 358 
196 382 355 373 380 
197 380 373 358 383 
198 384 370 247 386 
199 385 384 386 366 
200 129 383 391 392 
201 383 358 393 391 
202 391 393 369 394 
203 392 391 394 370 
204 381 397 395 396 
205 397 380 398 395 
206 395 398 383 399 
207 396 395 399 129 
208 71 402 400 401 
209 402 74 109 400 
210 400 109 5 403 
211 401 400 403 75 
212 109 406 404 405 
213 406 108 219 404 
214 404 219 111 407 
215 405 404 407 5 
216 108 410 408 409 
217 409 408 411 219 
218 420 392 370 422 
219 421 420 422 384 
220 425 387 426 423 
221 423 426 390 427 
222 424 423 427 379 
223 219 411 428 429 
224 428 367 221 430 
225 429 428 430 111 
226 431 385 366 433 
227 432 431 433 367 
228 434 421 384 436 
229 435 434 436 385 
230 416 439 437 438 
231 439 388 424 437 
232 437 424 379 440 
233 438 437 440 419 
234 348 443 441 442 
235 443 154 444 441 
236 441 444 104 353 
237 442 441 353 220 
238 353 447 445 446 
239 447 104 448 445 
240 445 448 223 378 
241 446 445 378 351 
242 378 451 449 450 
243 451 223 452 449 
244 449 452 356 389 
245 450 449 389 376 
246 376 455 453 454 
247 455 389 456 453 
248 453 456 387 425 
249 454 453 425 388 
250 388 459 457 458 
251 459 425 460 457 
252 457 460 423 461 
253 458 457 461 424 
254 417 468 466 467 
255 468 416 438 466 
256 466 438 419 469 
257 467 466 469 354 
258 470 435 385 472 
259 471 470 472 431 
260 462 475 473 474 
261 475 417 467 473 
262 473 467 354 476 
263 474 473 476 465 
264 408 479 477 478 
265 479 352 413 477 
266 477 413 218 480 
267 478 477 480 411 
268 413 483 481 482 
269 482 481 484 218 
270 220 491 489 490 
271 491 353 446 489 
272 489 446 351 414 
273 490 489 414 352 
274 414 494 492 493 
275 494 351 495 492 
276 492 495 377 464 
277 493 492 464 412 
278 412 498 496 497 
279 498 464 499 496 
280 496 499 462 487 
281 497 496 487 463 
282 487 502 500 501 
283 502 462 503 500 
284 500 503 474 504 
285 501 500 504 485 
286 411 480 505 506 
287 480 218 432 505 
288 505 432 367 507 
289 506 505 507 428 
290 218 484 508 509 
291 508 471 431 510 
292 509 508 510 432 
293 481 513 511 512 
294 512 511 514 484 
295 463 517 515 516 
296 517 487 501 515 
297 515 501 485 518 
298 516 515 518 486 
299 352 521 519 520 
300 521 414 493 519 
301 519 493 412 483 
302 520 519 483 413 
303 483 524 522 523 
304 524 412 497 522 
305 522 497 463 513 
306 523 522 513 481 
307 513 527 525 526 
308 527 463 516 525 
309 526 525 528 511 
310 484 514 529 530 
311 514 415 531 529 
312 529 531 471 532 
313 530 529 532 508 
314 511 528 533 534 
315 528 486 535 533 
316 533 535 415 536 
317 534 533 536 514 
318 525 539 537 538 
319 539 516 540 537 
320 537 540 486 541 
321 538 537 541 528 
322 21 46 542 543 
323 46 28 544 542 
324 542 544 30 545 
325 543 542 545 9 
326 37 62 546 547 
327 62 44 548 546 
328 546 548 46 549 
329 547 546 549 21 
330 53 78 550 551 
331 78 60 552 550 
332 550 552 62 553 
333 551 550 553 37 
334 69 102 554 555 
335 102 76 556 554 
336 554 556 78 557 
337 555 554 557 53 
338 558 560 76 561 
339 559 558 561 102 
340 125 186 562 563 
341 563 562 565 99 
342 201 126 567 566 
343 566 567 101 568 
344 569 559 102 571 
345 570 569 571 69 
346 99 565 572 573 
347 565 127 574 572 
348 572 574 558 575 
349 573 572 575 559 
350 562 578 576 577 
351 576 579 127 580 
352 577 576 580 565 
353 186 583 581 582 
354 583 124 584 581 
355 581 584 564 578 
356 582 581 578 562 
357 76 123 585 556 
358 123 77 586 585 
359 585 586 60 587 
360 556 585 587 78 
361 588 589 123 590 
362 560 588 590 76 
363 127 568 591 574 
364 568 101 592 591 
365 591 592 560 593 
366 574 591 593 558 
367 564 595 594 579 
368 595 566 596 594 
369 594 596 568 597 
370 579 594 597 127 
371 578 600 598 599 
372 600 564 601 598 
373 598 601 579 602 
374 599 598 602 576 
375 106 604 603 163 
376 604 157 605 603 
377 603 605 160 606 
378 163 603 606 66 
379 157 616 615 605 
380 616 159 617 615 
381 605 615 618 160 
382 159 626 625 617 
383 626 611 627 625 
384 625 627 614 628 
385 617 625 628 98 
386 160 618 629 630 
387 618 98 631 629 
388 629 631 197 632 
389 630 629 632 196 
390 615 635 633 634 
391 635 617 636 633 
392 633 636 98 637 
393 634 633 637 618 
394 611 643 642 627 
395 643 613 644 642 
396 642 644 50 645 
397 627 642 645 614 
398 646 647 619 648 
399 613 650 649 644 
400 650 638 651 649 
401 644 649 652 50 
402 49 654 653 93 
403 654 87 655 653 
404 653 655 90 656 
405 93 653 656 34 
406 91 658 657 609 
407 658 93 659 657 
408 657 659 34 660 
409 609 657 660 94 
410 607 662 661 640 
411 662 609 663 661 
412 661 663 94 664 
413 640 661 664 610 
414 638 666 665 651 
415 666 640 667 665 
416 665 667 610 668 
417 651 665 668 641 
418 50 652 669 670 
419 652 641 671 669 
420 669 671 646 672 
421 670 669 672 623 
422 649 675 673 674 
423 675 651 676 673 
424 673 676 641 677 
425 674 673 677 652 
426 12 680 678 679 
427 680 7 134 678 
428 678 134 13 25 
429 679 678 25 10 
430 16 682 681 136 
431 682 2 683 681 
432 681 683 17 84 
433 136 681 84 15 
434 19 38 684 685 
435 38 21 543 684 
436 684 543 9 686 
437 685 684 686 22 
438 25 689 687 688 
439 689 13 138 687 
440 687 138 26 41 
441 688 687 41 23 
442 28 114 690 544 
443 114 29 691 690 
444 690 691 3 692 
445 544 690 692 30 
446 32 694 693 140 
447 694 15 695 693 
448 693 695 33 88 
449 140 693 88 31 
450 35 54 696 697 
451 54 37 547 696 
452 696 547 21 698 
453 697 696 698 38 
454 41 701 699 700 
455 701 26 142 699 
456 699 142 42 57 
457 700 699 57 39 
458 44 117 702 548 
459 117 45 703 702 
460 702 703 28 704 
461 548 702 704 46 
462 48 706 705 144 
463 706 31 707 705 
464 705 707 49 92 
465 144 705 92 47 
466 51 70 708 709 
467 70 53 551 708 
468 708 551 37 710 
469 709 708 710 54 
470 57 713 711 712 
471 713 42 146 711 
472 711 146 58 73 
473 712 711 73 55 
474 60 120 714 552 
475 120 61 715 714 
476 714 715 44 716 
477 552 714 716 62 
478 64 718 717 148 
479 718 47 719 717 
480 717 719 65 96 
481 148 717 96 63 
482 67 179 720 721 
483 179 69 555 720 
484 720 555 53 722 
485 721 720 722 70 
486 73 725 723 724 
487 725 58 346 723 
488 723 346 74 402 
489 724 723 402 71 
490 31 727 726 707 
491 727 88 728 726 
492 726 728 87 654 
493 707 726 654 49 
494 47 730 729 719 
495 730 92 731 729 
496 729 731 91 608 
497 719 729 608 65 
498 92 733 732 731 
499 733 49 734 732 
500 732 734 93 658 
501 731 732 658 91 
502 63 736 735 152 
503 736 96 737 735 
504 735 737 95 158 
505 152 735 158 81 
506 96 739 738 737 
507 739 65 740 738 
508 738 740 97 612 
509 737 738 612 95 
510 74 743 741 742 
511 743 110 349 741 
512 741 349 108 406 
513 742 741 406 109 
514 34 656 744 119 
515 656 90 745 744 
516 744 745 115 746 
517 119 744 746 61 
518 61 746 747 715 
519 746 115 748 747 
520 747 748 117 749 
521 715 747 749 44 
522 94 660 750 620 
523 660 34 751 750 
524 750 751 119 752 
525 620 750 752 118 
526 77 621 753 586 
527 621 118 754 753 
528 753 754 120 755 
529 586 753 755 60 
530 756 757 77 758 
531 589 756 758 123 
532 154 760 759 444 
533 760 153 260 759 
534 759 260 130 224 
535 444 759 224 104 
536 81 762 761 172 
537 762 158 763 761 
538 761 763 157 604 
539 172 761 604 106 
540 158 765 764 763 
541 765 95 766 764 
542 764 766 159 616 
543 763 764 616 157 
544 130 769 767 768 
545 769 167 264 767 
546 767 264 165 228 
547 768 767 228 166 
548 156 771 770 262 
549 771 170 772 770 
550 770 772 162 174 
551 262 770 174 103 
552 103 774 773 266 
553 774 174 775 773 
554 773 775 173 206 
555 266 773 206 168 
556 75 403 776 777 
557 403 5 181 776 
558 776 181 100 778 
559 777 776 778 177 
560 177 778 779 780 
561 778 100 570 779 
562 779 570 69 781 
563 780 779 781 179 
564 5 407 782 783 
565 407 111 364 782 
566 782 364 180 784 
567 783 782 784 181 
568 180 365 785 786 
569 365 125 563 785 
570 785 563 99 787 
571 786 785 787 182 
572 181 784 788 789 
573 784 180 786 788 
574 788 786 182 790 
575 789 788 790 100 
576 66 606 791 200 
577 606 160 630 791 
578 791 630 196 792 
579 200 791 792 126 
580 126 792 793 567 
581 792 196 794 793 
582 793 794 198 795 
583 567 793 795 101 
584 104 797 796 448 
585 797 224 798 796 
586 796 798 222 357 
587 448 796 357 223 
588 224 800 799 798 
589 800 130 768 799 
590 799 768 166 328 
591 798 799 328 222 
592 228 803 801 802 
593 803 165 281 801 
594 801 281 192 305 
595 802 801 305 226 
596 195 245 804 292 
597 245 217 805 804 
598 804 805 237 806 
599 292 804 806 238 
600 242 279 807 296 
601 279 241 808 807 
602 807 808 245 809 
603 296 807 809 195 
604 128 333 810 811 
605 333 229 312 810 
606 810 312 249 812 
607 811 810 812 250 
608 169 310 813 814 
609 310 233 291 813 
610 813 291 252 815 
611 814 813 815 253 
612 305 818 816 817 
613 818 192 319 816 
614 816 319 231 316 
615 817 816 316 303 
616 306 317 819 820 
617 317 169 814 819 
618 819 814 253 821 
619 820 819 821 311 
620 329 344 822 823 
621 344 128 811 822 
622 822 811 250 824 
623 823 822 824 338 
624 349 827 825 826 
625 827 348 442 825 
626 825 442 220 410 
627 826 825 410 108 
628 223 829 828 452 
629 829 357 830 828 
630 828 830 355 382 
631 452 828 382 356 
632 357 832 831 830 
633 832 222 833 831 
634 831 833 327 374 
635 830 831 374 355 
636 358 375 834 393 
637 375 225 835 834 
638 834 835 339 836 
639 393 834 836 369 
640 351 838 837 495 
641 838 378 450 837 
642 837 450 376 418 
643 495 837 418 377 
644 387 840 839 426 
645 840 381 396 839 
646 839 396 129 841 
647 426 839 841 390 
648 410 844 842 843 
649 844 220 490 842 
650 842 490 352 479 
651 843 842 479 408 
652 418 847 845 846 
653 847 376 454 845 
654 845 454 388 439 
655 846 845 439 416 
656 464 849 848 499 
657 849 377 850 848 
658 848 850 417 475 
659 499 848 475 462 
660 415 488 851 531 
661 488 465 852 851 
662 851 852 470 853 
663 531 851 853 471 
664 465 476 854 852 
665 476 354 855 854 
666 854 855 435 856 
667 852 854 856 470 
668 486 518 857 535 
669 518 485 858 857 
670 857 858 488 859 
671 535 857 859 415 
672 124 861 860 584 
673 861 201 862 860 
674 860 862 566 595 
675 584 860 595 564 
676 182 787 863 864 
677 787 99 573 863 
678 863 573 559 865 
679 864 863 865 569 
680 101 795 866 592 
681 795 198 867 866 
682 866 867 588 868 
683 592 866 868 560 
684 65 870 869 740 
685 870 608 871 869 
686 869 871 607 639 
687 740 869 639 97 
688 608 873 872 871 
689 873 91 874 872 
690 872 874 609 662 
691 871 872 662 607 
692 95 876 875 766 
693 876 612 877 875 
694 875 877 611 626 
695 766 875 626 159 
696 612 879 878 877 
697 879 97 880 878 
698 878 880 613 643 
699 877 878 643 611 
700 610 664 881 647 
701 664 94 882 881 
702 881 882 620 883 
703 647 881 883 619 
704 648 619 885 884 
705 884 885 621 886 
706 757 884 886 77 
707 98 628 887 631 
708 628 614 888 887 
709 887 888 622 889 
710 631 887 889 197 
711 614 645 890 888 
712 645 50 670 890 
713 890 670 623 891 
714 888 890 891 622 
715 97 893 892 880 
716 893 639 894 892 
717 892 894 638 650 
718 880 892 650 613 
719 639 896 895 894 
720 896 607 897 895 
721 895 897 640 666 
722 894 895 666 638 
723 641 668 898 671 
724 668 610 899 898 
725 898 899 647 900 
726 671 898 900 646 
727 118 752 901 754 
728 752 119 902 901 
729 901 902 61 903 
730 754 901 903 120 
731 196 632 904 794 
732 632 197 905 904 
733 904 905 121 906 
734 794 904 906 198 
735 166 909 907 908 
736 909 228 802 907 
737 907 802 226 332 
738 908 907 332 227 
739 226 912 910 911 
740 912 305 817 910 
741 910 817 303 336 
742 911 910 336 304 
743 229 337 913 914 
744 337 306 820 913 
745 913 820 311 915 
746 914 913 915 312 
747 222 917 916 833 
748 917 328 918 916 
749 916 918 326 361 
750 833 916 361 327 
751 328 920 919 918 
752 920 166 908 919 
753 919 908 227 343 
754 918 919 343 326 
755 225 362 921 835 
756 362 329 823 921 
757 921 823 338 922 
758 835 921 922 339 
759 389 924 923 456 
760 924 356 925 923 
761 923 925 381 840 
762 456 923 840 387 
763 377 927 926 850 
764 927 418 846 926 
765 926 846 416 468 
766 850 926 468 417 
767 354 469 928 855 
768 469 419 929 928 
769 928 929 434 930 
770 855 928 930 435 
771 419 440 931 929 
772 440 379 932 931 
773 931 932 421 933 
774 929 931 933 434 
775 485 504 934 858 
776 504 474 935 934 
777 934 935 465 936 
778 858 934 936 488 
779 100 790 937 938 
780 790 182 864 937 
781 937 864 569 939 
782 938 937 939 570 
783 198 906 940 867 
784 906 121 941 940 
785 940 941 589 942 
786 867 940 942 588 
787 619 883 943 885 
788 883 620 944 943 
789 943 944 118 945 
790 885 943 945 621 
791 197 889 946 905 
792 889 622 947 946 
793 946 947 624 948 
794 905 946 948 121 
795 121 948 949 941 
796 948 624 950 949 
797 949 950 756 951 
798 941 949 951 589 
799 356 953 952 925 
800 953 382 954 952 
801 952 954 380 397 
802 925 952 397 381 
803 379 427 955 932 
804 427 390 956 955 
805 955 956 420 957 
806 932 955 957 421 
807 390 841 958 956 
808 841 129 959 958 
809 958 959 392 960 
810 956 958 960 420 
811 622 891 961 947 
812 891 623 962 961 
813 961 962 122 963 
814 947 961 963 624 
815 623 672 964 962 
816 672 646 965 964 
817 964 965 648 966 
818 962 964 966 122 
819 624 963 967 950 
820 963 122 968 967 
821 967 968 757 969 
822 950 967 969 756 
823 122 966 970 968 
824 966 648 971 970 
825 970 971 884 972 
826 968 970 972 757 
